-6.564528798993558567e-01
-3.434405667430695530e-03
-5.600481821908371849e-01
6.720048590359972707e-02
8.830806132550104159e-01
3.488954266290167361e-02
3.096906263402583459e-01
-8.829019149495882512e-01
-9.807179217641956992e-01
-2.510369114085251319e-01
-3.253531735952690518e-01
-9.110698720600287626e-01
5.984745999232894409e-01
-6.246086263558887630e-01
-3.309214554972046418e-01
6.543241588563331046e-01
2.886728291970364069e-01
-2.761779984816521427e-01
0.000000000000000000e+00
-2.406954355504831167e-01
-7.862721036526614249e-01
-5.991509851669574171e-01
0.000000000000000000e+00
-6.390185728303587887e-01
-5.079640755977539168e-01
0.000000000000000000e+00
0.000000000000000000e+00
3.754620638394106091e-01
-4.314219294094454593e-01
8.309320451413479969e-01
-8.626517818962442519e-02
-3.688596683502092244e-01
-3.684107388295827512e-01
-6.035110469369044939e-01
-7.381772453864559047e-01
-7.284968718936866150e-01
3.058373776333427330e-01
8.010903684977057626e-01
2.696651087489256859e-01
0.000000000000000000e+00
-7.805432559947313997e-01
-7.671961309344481617e-01
-8.730717374562124711e-01
0.000000000000000000e+00
2.230498247707390913e-01
0.000000000000000000e+00
8.279195445829716782e-01
-3.285980039284401855e-01
-8.386305069845916282e-01
9.244518965047066050e-01
1.182154764526766044e-01
1.245887767080622321e-01
9.105672892590910283e-01
-7.251927993119564597e-01
-7.852755709589813726e-01
0.000000000000000000e+00
7.561966416425707216e-01
-6.664797439793532785e-01
4.735702813584576898e-01
-9.763326493619270963e-01
-6.809353934908091155e-01
-8.320766519392266414e-01
-2.297481964312921843e-01
-4.025473044344614060e-01
5.026477312906776351e-01
5.277894382146897101e-02
6.999703361603273333e-01
7.430134082505712723e-01
3.982251423959721759e-01
2.185586457558579276e-01
-9.533557967675458933e-01
-3.330556496234546859e-01
3.140177016616387817e-01
6.714898016112811341e-01
3.817016153741159545e-01
-5.229205909150513865e-01
5.566583900805797125e-01
0.000000000000000000e+00
1.550313783265351297e-01
3.481733867003631300e-01
-5.496994746935814913e-01
-5.616884656131375664e-01
0.000000000000000000e+00
-4.617133637455268502e-01
1.043865363664635559e-01
3.380323117728012416e-01
-5.779823007111914990e-01
-5.365880241520386562e-01
3.706616960920172676e-01
5.971071958190443674e-01
4.355519224142709866e-01
8.521758017929286222e-01
0.000000000000000000e+00
0.000000000000000000e+00
-8.008711248083237866e-01
-2.161257688220885598e-01
8.011049362205060476e-01
-7.353674486312971048e-01
-3.190896213086651390e-01
0.000000000000000000e+00
2.644715256869289988e-02
2.847129419623801727e-01
3.647115179762892012e-01
0.000000000000000000e+00
2.433272906350374409e-01
9.612540718881845692e-04
-6.479432985061754913e-01
8.048542618285055017e-01
-4.605483345861123290e-01
-7.294660889808013415e-02
-7.021451639031062175e-01
4.291928721613882391e-01
9.227590584258502648e-01
-9.400474224999828543e-01
8.517324358502629256e-01
-7.263453810172448843e-01
-1.725444401251214899e-01
5.194668320022910457e-02
2.566517629376501297e-01
9.399729006333841230e-01
-9.671641966434274540e-01
2.067441826740477051e-01
-4.599930224532569056e-01
4.543180374668231991e-01
-2.394036488192516909e-01
0.000000000000000000e+00
-3.182667584094340807e-01
-2.210567950010491334e-01
4.280214970366602589e-01
4.592516318206891768e-01
-8.147405282504800450e-01
0.000000000000000000e+00
2.978898202398361228e-02
-5.037276500127256806e-01
0.000000000000000000e+00
-7.735738265267591007e-01
-5.620198340237334556e-01
4.531271480055834022e-01
3.404672954861547307e-01
9.057590146558980315e-01
7.005567317958498741e-01
5.331108318471815544e-01
9.985506376374801984e-01
6.905852785674295724e-01
9.658438385667353909e-01
-8.862083033133858478e-01
-7.255286480754008505e-01
-7.764531534377663302e-01
-8.165671719611891088e-01
1.108304918731328748e-01
7.373956605825666699e-01
7.392692234432840515e-02
0.000000000000000000e+00
3.016861314927454796e-01
0.000000000000000000e+00
4.843284275033181707e-01
7.266579428043615785e-01
8.129373066127918435e-01
-4.670486241167810526e-01
1.584327184255185372e-01
2.082151140165648950e-01
-3.335503231589571627e-01
-8.546447238919463452e-01
8.751759638089926518e-01
-4.327207242008823673e-01
-3.295252761230675898e-01
-8.600530380409892039e-01
-9.248341387147074322e-01
-9.692967348225400848e-01
8.618451715619075415e-01
-7.874196792393695077e-02
-7.439201077973476295e-01
-2.125239714687212622e-01
-1.360938305969698892e-01
-8.376437856750502675e-01
1.460172352435686882e-01
-5.431636216047595056e-01
-6.205799797363908965e-01
-8.778296610784241949e-02
0.000000000000000000e+00
3.302205055815554680e-01
-5.720524178526211756e-01
-3.989451969045088031e-01
2.317707151750636463e-02
9.221517727794223962e-01
2.517397024191285748e-01
-9.117290537297950692e-02
-2.245323272746677645e-01
-8.670083716633989468e-01
9.247377251930499753e-02
-4.889648932928345459e-01
3.082340837850952031e-01
-1.559762298805718039e-01
-9.480769639767867574e-01
2.962515778427143864e-02
6.738371897579147340e-01
9.326411002798327132e-01
5.362586679344014673e-01
3.027797550869768539e-01
9.655109321061636773e-01
9.575951495151031612e-01
-6.067964781434764809e-02
-5.426167900676386324e-01
-9.242185976612649068e-01
6.719607810564576234e-02
5.057213236398678813e-01
4.055573039850659534e-01
-8.609957499122837810e-01
2.834274663822320406e-01
6.860611765611905888e-01
-6.484347723165237998e-01
-4.131477845556756900e-01
-6.927333134356430389e-01
5.412860488003972126e-01
3.531675895444794655e-01
9.821836545479056824e-02
-5.190483568362982414e-01
-2.274271314742477568e-01
8.604218212622543049e-01
-3.723368218173470634e-01
7.873689218207391427e-01
7.441438525179733254e-02
-6.268202758273513364e-01
6.110899003151823994e-01
-6.207269603614049558e-01
0.000000000000000000e+00
-8.426384628273957400e-01
-5.535967928701039931e-01
3.783314196268701135e-01
2.028130942465082853e-01
0.000000000000000000e+00
2.373759862201190174e-01
-3.761989806996084429e-01
4.942523636199527282e-01
5.228261885437024414e-01
0.000000000000000000e+00
-4.586932810100707858e-01
8.903040201566534417e-01
-8.053011190859051815e-01
7.938649816013800820e-01
-6.534232725079038850e-01
3.779597107529830691e-01
3.255652735910901097e-01
6.614319451614714129e-01
3.438691070338300015e-01
9.391340392614155874e-01
9.344721114809189100e-01
-2.716437481492355310e-01
-7.763124754453045728e-01
0.000000000000000000e+00
-9.409795524252300147e-01
1.859389580748251891e-01
4.477875802766506652e-02
7.468480895673395015e-01
-4.567571770569480716e-01
7.565886437376994067e-01
4.855843151955996362e-02
-1.327181435114024310e-01
-3.351889802062621992e-01
-9.707881232383961390e-01
-8.373457217851056900e-01
4.875011826535968762e-01
-2.683183922554823742e-01
6.749388844154260436e-01
9.837338693246655552e-03
