-7.857365525108331861e-01
-5.155693867073634501e-03
-6.986366808589958843e-01
-5.671924120503237798e-01
-1.375030623396415394e-02
5.942707089489465133e-01
-4.643131994919129646e-01
-4.565796325155389579e-01
-6.100949765702522454e-01
7.345492334605940865e-01
-7.939521908221133795e-02
1.089754903807677033e-01
-6.255119465970797599e-01
-1.382957763102844739e-01
-1.541515924382601266e-01
6.680337315177035107e-01
1.767656669946494619e-01
5.547971170238292782e-01
9.778561953856702571e-01
-4.268431974739223672e-02
5.853981605785175679e-01
-4.206538631581941967e-01
-2.408743127445605869e-01
-1.663421213876199456e-01
-9.606249767808046069e-01
7.813371788964489362e-01
-8.329453074801496104e-01
-6.875934488152890545e-01
7.396255780230533150e-02
-2.638446297927646844e-01
5.344580555257425480e-01
2.527059608534014123e-01
6.014945518349847919e-01
7.983940238562873271e-01
7.119702231277325044e-01
4.609172906205609155e-01
-3.023191373971842455e-01
-7.280269430347064974e-01
3.180717868988701680e-01
-5.597566265652238471e-01
6.257141104974667245e-01
-3.692212360522164616e-01
-5.528393677770473968e-02
5.002739161268069390e-01
-2.786475437370146691e-01
-5.167492739999205442e-01
5.660085008241617643e-01
-9.603165901285251604e-02
1.235276674613677572e-01
7.221447736781662075e-01
-1.880947892454540860e-01
-9.345331309296429634e-01
4.030114824985905342e-01
-8.024365796247084903e-01
-9.818038256522507723e-01
5.524726223348377374e-01
2.863397782367980704e-01
-1.391418045364832936e-03
-5.066943214661587813e-01
5.668320920772490501e-01
5.542238495193173575e-01
-4.754101200328747501e-02
1.818825886567939643e-01
-1.110289300688357267e-01
-1.102244856587341337e-01
-1.291563387653598405e-01
3.375620662366068947e-01
-4.473494990991017106e-01
-5.130343686717069029e-02
3.243154580117570407e-01
-1.002230994331380909e-03
-3.872402195045693274e-01
4.911139777934876438e-01
-3.099606840853333378e-02
8.171331785418713967e-01
6.483681478823053457e-01
2.961215653756246180e-01
2.891972993853719198e-01
-5.397014178544895513e-02
3.238018513043928182e-01
-1.422130635910009433e-01
5.532984052902987226e-01
-7.454077236596307054e-01
2.608191044632725969e-02
5.825105098378773050e-02
-2.049191110339803057e-01
-9.268131123560727214e-02
-5.544364031947318638e-01
-3.578889923779462467e-01
-8.285967230752797619e-01
7.145482658172677137e-01
4.057897283726428772e-01
-7.867027101719156201e-01
-4.556027700027361904e-01
-1.567815296638562853e-02
5.105493980162386508e-02
-4.816262306479515698e-01
-2.700474433516198980e-01
5.249871062497961649e-01
-7.592775778072069492e-01
-2.774655720765429878e-01
3.382697696109520646e-01
2.667716579747375638e-01
4.862546140875894651e-01
-3.287118978401901148e-01
9.243804441811764860e-02
-7.506126731083861969e-01
-6.053985090598851954e-02
-5.197097937332807449e-01
8.168201277350571610e-02
-3.025975063256572950e-01
-4.356682944516346301e-01
-4.834169019271185586e-01
-1.873054241261643271e-01
-7.694104783770840950e-01
-4.527054515552121350e-01
3.148018381954615919e-01
-2.602561456437250120e-01
-2.432450732635037527e-01
6.050094770533891442e-01
-4.889257351538719987e-02
1.892535797497965633e-01
6.675696561820568808e-01
-3.354224861834975147e-01
1.569106624991184473e-02
2.613008985635272285e-01
2.712508947789634695e-01
6.667911694410637580e-01
7.325723934603978194e-01
5.881950851949756531e-01
1.239680091649734972e-01
-2.202748347518967975e-02
-1.143041704336005557e-03
-8.663264570145304821e-01
5.017495380780463698e-02
3.748779671515396483e-01
-5.029699833553691324e-01
-8.053440996399564844e-02
-8.694406201010763668e-01
-5.593235678963934809e-01
3.253641905744973639e-02
-7.596872217415919781e-01
9.065911882030505686e-02
-2.580271444443391626e-01
-4.413045125661252954e-01
5.304580385834808398e-01
6.131336354280205736e-01
-9.977792535893753589e-02
7.834357608112918481e-01
2.212331812139065323e-01
-6.593216407285061864e-01
5.867931356424646583e-02
7.159099059437744328e-02
-5.454575878724992055e-01
-5.710294100170543174e-01
5.412770168464896559e-01
-5.845706438472619837e-01
4.075662466418148756e-03
-6.165876700305980007e-01
2.861723271517980782e-01
-5.171158416203521790e-01
2.373020307245088112e-01
-5.116856610241565795e-02
1.180461333162732412e-01
-6.897180769890095542e-01
-2.751859533761432108e-01
-3.981884129351665469e-01
1.818221723434144677e-01
-8.451889229841348661e-02
-2.126907754465165445e-01
4.385597322578715929e-01
-1.331783018863350043e-02
-8.801446145754743267e-02
-6.083917152688086416e-01
6.447790042475594063e-01
-8.770232914266764060e-04
-4.274980200559856947e-01
6.322500897232696988e-03
2.229328110421911063e-02
-3.519786045824062626e-01
-3.857899921884758859e-02
-1.104950462029570535e-01
1.614923914063238208e-01
-6.672610095540911779e-01
-3.154470037224736956e-01
9.742290431251397764e-02
-2.372180545759232720e-02
-2.411771409053623805e-01
6.311580139612930074e-01
-1.886486199624972868e-02
8.725199203524908187e-01
7.976532142479254572e-01
4.207967547408542064e-03
-6.199928748095528963e-01
-4.058034003814630641e-01
7.095198490209538855e-01
1.068240557263681334e-01
-2.224966246277654824e-01
-3.854485828001077974e-01
-3.471920370504010811e-01
7.451403132528902074e-01
8.374520990053244685e-01
-2.973043432645043338e-01
8.902123893171338676e-01
-2.658225025625778892e-01
8.106378093982405941e-01
-5.528832134213124139e-03
-5.526348492398752699e-02
7.798967542148658172e-01
1.357034925659844973e-02
-5.752409906834887732e-01
-5.435422689194423229e-02
5.582652030588577396e-01
3.593071684366239138e-01
5.226014714099125325e-01
6.044260983429938089e-02
-7.458067672997493736e-01
-4.298351238959436937e-01
-1.029200081991198945e-01
3.382686598301599123e-01
-3.594329724227167400e-02
5.700553714664710059e-01
-2.468359501681898771e-01
1.025067382738112792e-01
-7.693935262990087010e-01
-6.946899104586857776e-01
2.665166995462061594e-01
8.125710270364348009e-01
-7.044463755520571357e-01
4.448196730026593437e-01
1.057851454852112155e-01
3.074616246496620908e-01
3.241997568294047727e-01
-3.267444506186761854e-02
0.000000000000000000e+00
0.000000000000000000e+00
-6.086248830054787895e-01
-3.525105711167537126e-01
-8.376555067361870499e-01
-1.567039876227017681e-01
-2.718691910635622211e-01
7.419153393191360024e-01
1.746351793773273653e-01
5.106332970406269878e-01
5.069289764167502765e-01
5.127603046538899978e-01
-8.300671242715370601e-01
5.532158891547054452e-02
8.192227555657050379e-04
-9.428873264417138300e-02
6.578035240975862452e-01
-7.066343790738327524e-01
9.231813328416504927e-01
1.250315155597932866e-03
-2.004202007433667221e-01
5.779723062069329620e-01
-6.739386129658721247e-02
1.487691904900549922e-01
-2.535616633369019990e-02
-7.547047254199221178e-02
6.972109237487603139e-02
6.639495894241784213e-02
-3.220606812679459308e-02
1.276757479738103163e-01
4.584157009957139373e-01
