-7.852400120398964622e-01
-1.725763145180273309e-02
-6.798927558183549547e-01
-5.659436067622718447e-01
5.642436806979242783e-03
5.755530985220671525e-01
-4.732014865409751025e-01
-4.520806959403954606e-01
-6.103198332579875540e-01
7.308672810322250912e-01
-7.872186969214878260e-02
1.191469727081672647e-01
-6.507712558425740035e-01
-1.298116211342477677e-01
-1.539981700469138237e-01
6.982322741746891381e-01
1.749996801430095950e-01
6.137606341501420371e-01
9.764836780020815787e-01
-4.401548217612896025e-02
5.849476515812745969e-01
-4.045075318601127901e-01
-2.416081383365870361e-01
-1.707192960234095724e-01
-9.605827978853154203e-01
7.728909262144857406e-01
-8.581733006400752428e-01
-6.843060041459042564e-01
6.241955594811195163e-02
-2.638213620487647737e-01
5.576146937323455122e-01
2.528477065772683496e-01
6.015748742929439841e-01
8.084415778515486872e-01
7.114658993678995014e-01
3.981475313116187298e-01
-3.021367605340053997e-01
-7.280364805997517896e-01
2.584106572743753993e-01
-5.611287365373863745e-01
6.237768800392340385e-01
-3.966340080182053640e-01
-8.074215723815895973e-02
4.845302077370807758e-01
-3.428984476075962462e-01
-5.639198811121084454e-01
2.428516131891172158e-01
-1.161645908546487665e-01
1.147103975859726649e-01
7.213907945719428838e-01
-7.378749438531618798e-01
-9.339494517221206271e-01
3.978073702199310113e-01
-1.267111581959576294e-02
-9.818036157449234747e-01
5.874673777381865802e-01
2.883724369346025718e-01
-1.366632334676690444e-03
-5.058695572701142895e-01
5.668873948443031718e-01
5.243745386604197201e-01
-4.501631550324216441e-02
2.341185657093064199e-01
-9.879466939232525724e-02
-1.096008768238472819e-01
-1.313721445346477390e-01
3.553166401482131254e-01
-1.635426350969486631e-01
5.041339702399903755e-02
3.245077709919095277e-01
-3.528992698382847626e-02
-3.953599860922378806e-01
4.914292525434044157e-01
-3.597795554488852215e-02
8.171579775249584454e-01
6.505158200713699879e-01
2.766642645847303683e-01
2.875052501504966607e-01
-5.388569870685800539e-02
2.826845363730418059e-01
-1.490665057571415875e-01
5.592927190982530661e-01
-7.449988929087798528e-01
1.692208642910462621e-02
5.827348316178931897e-02
-2.110472302159683011e-01
-1.754993821258302722e-01
-5.543918597924178959e-01
-5.892108802036266635e-01
-8.251653087013781640e-01
7.373136950089214103e-01
4.042730694487092769e-01
-7.847987054945663177e-01
-4.407229273049227958e-01
-1.719404506395742771e-02
7.720791168514584690e-02
-4.818812373217448708e-01
-2.699190408891841142e-01
5.076994543659323345e-01
-7.593590207896641076e-01
-2.774975855887067966e-01
2.879700873261266114e-01
2.874155927392056942e-01
4.860558461885270964e-01
-3.287146264909782678e-01
9.280621071341590977e-02
-7.533187578338609303e-01
-7.296509665989890647e-02
-4.877443309578901598e-01
8.119318945379266905e-02
-3.100655125773246756e-01
-4.352532897944675350e-01
-4.975365669905544852e-01
-1.482578161173278564e-01
-1.491824671665711033e-01
-4.571432980847021099e-01
3.165580704066633944e-01
-2.602524386025143466e-01
-2.156127381103797869e-01
6.109725664347606111e-01
-4.813801622621288051e-02
1.353303775853358093e-01
6.665455599575843548e-01
-3.305147512649481145e-01
3.226592284441613667e-02
3.252365279831569977e-01
1.823711530786168988e-01
6.574292648913189208e-01
7.325072923773833233e-01
5.924244217542470325e-01
1.240670767261686236e-01
-4.099237681649649245e-02
-1.099759170204159643e-03
-5.851863196091301039e-02
4.350307705407816666e-02
3.759996027606745672e-01
-5.022342066276839212e-01
-6.802089269053490650e-02
-8.694169550923984691e-01
-5.604376107274375851e-01
3.283322741269473211e-02
-7.609120575425437627e-01
1.063114978010053363e-01
-2.574777062505653746e-01
-4.390530119153784328e-01
5.260234686573284080e-01
5.723767181206301791e-01
-9.912949789424965741e-02
7.837115315112611613e-01
2.203852000828234459e-01
-6.583529160025241023e-01
-1.244155429433432408e-01
6.722454091393018083e-02
-1.763694136900922915e-01
-6.125156323706372197e-01
4.784530491698680832e-01
-5.800785956895867512e-01
4.043130424972656706e-02
-6.169839906658649564e-01
4.597432562743983264e-01
-5.114799269606180587e-01
1.431505459864396701e-01
-5.213630949182732760e-02
1.190180943977460493e-01
-6.895114622778220070e-01
-2.731585796346038264e-01
-3.591178253104234663e-01
1.742203141045697012e-01
-6.162116094343899064e-01
-2.179912659529938679e-01
4.385519945608706283e-01
-2.347305544055263565e-02
-8.884573444363594308e-02
-5.972277550916186284e-01
6.558153710430701944e-01
-2.229126418746041371e-04
-4.274757913003810472e-01
3.710689180788123015e-02
2.214821099669865567e-02
-3.540004212665023298e-01
-1.690330125321028512e-02
-1.178138379787520007e-01
1.598978162496703659e-01
-6.914210866708669911e-01
-2.316969399903358595e-01
6.271998398080859405e-02
-2.426215718844726421e-02
-2.412753554548405233e-01
6.336479959975702680e-01
-2.233712324875092650e-02
8.700835624558800330e-01
7.981771604420548893e-01
-2.572951701091748971e-04
-6.313442826751357595e-01
-4.101698003109944812e-01
7.107852782074267628e-01
1.069089128268490424e-01
-2.152737009363564213e-01
-3.845838379475318147e-01
-4.146054071454390311e-01
7.337588822561715851e-01
8.665940107310471374e-01
-3.333515874280719715e-01
8.940504438999695713e-01
-2.658377557308674310e-01
8.119868722337583167e-01
-4.223789380186861522e-03
-1.366319171617469963e-01
7.834041560710324203e-01
1.348416439255033586e-02
-5.756859307736832410e-01
-5.438245292276373821e-02
5.579594650664854161e-01
3.577819578984203774e-01
4.962962336311196876e-01
6.044602291881141093e-02
-7.404941389815282715e-01
-5.345072369506381760e-01
-1.495445501014669998e-01
3.380403607351407103e-01
-4.339274770004405979e-02
5.852890033569986272e-01
-2.391934411354931511e-01
1.183598973556715672e-01
-7.692364825786228710e-01
-5.871296089121658124e-01
9.646088220518692080e-02
8.117022178770912921e-01
-7.051558527073845672e-01
4.404870580342820641e-01
2.647004655422769900e-02
3.115927232412560866e-01
3.429674604123201381e-02
-4.070195119469532247e-02
0.000000000000000000e+00
0.000000000000000000e+00
-6.086106467207090809e-01
-3.527744949763021443e-01
-8.375696234833907017e-01
-1.518650788752232972e-01
-2.842659452588027214e-01
7.419039036579524460e-01
1.746517959277756882e-01
5.099954717579205932e-01
5.183218781731673275e-01
5.128138233544919933e-01
-8.258655949416107145e-01
5.558371339521539500e-02
8.972334347283971541e-04
-8.663222122486227694e-02
6.662700966348267251e-01
-7.066135854426756069e-01
9.252292529629021489e-01
-1.888613905753976779e-02
-2.324030158128167767e-01
6.025759460320943006e-01
-1.189092049801889484e-01
1.739490540331875557e-01
-5.475952551241503735e-02
-3.509356493468668292e-02
3.163721080288481313e-02
1.339786868430721187e-02
-2.268490236889748046e-01
2.299710114784727089e-01
4.579618938932847882e-01
