-5.830022875211078315e-01
-2.294917636354351365e-01
-5.460337847326237615e-01
-2.048606987541772839e-01
-4.335591831526596773e-01
-9.832110255526371745e-02
-6.280787113715440295e-01
-5.124124378302560290e-01
1.771330897308531424e-02
5.802445982670126901e-01
-4.335731159336924101e-01
5.676999206396898812e-02
-2.488762459728179333e-01
-4.746697542216689047e-01
-2.444475991972462278e-03
5.601227023121203574e-01
3.929806681286830417e-01
2.538646972721612660e-01
5.103221896694207782e-01
-5.465698504698925930e-01
4.843416166034659742e-01
-2.848082204517223270e-01
9.146845374360107472e-02
0.000000000000000000e+00
-7.826119054657407759e-01
7.667557899709496194e-01
-6.879155652139904431e-01
-3.733857427812358742e-01
-5.134179536467736726e-02
2.960020292137179321e-01
1.538652907331025665e-02
-1.892352971980007792e-01
6.077024148215784960e-01
8.364218950322181989e-01
5.500801013143301610e-01
-3.834779792893858175e-02
2.419024861686579209e-01
-9.297385753465557956e-01
0.000000000000000000e+00
-6.353323530825835119e-01
-8.377697646581038216e-01
-3.378361846630577592e-01
4.296707969177515629e-02
6.487207285083482766e-01
4.006653251580528652e-01
-7.948827855301489054e-01
3.825747447490838171e-01
3.687652875155700283e-01
-1.140765763482290071e-02
7.348937511859114924e-01
3.131731696430691825e-01
-9.112643171770322681e-01
5.821827324699766493e-01
-8.552221941112003734e-02
-2.546333708034080878e-01
1.105762974867511295e-01
1.677608630075425600e-01
0.000000000000000000e+00
-7.153083588469659748e-01
5.838736772877560766e-01
6.281889061254584128e-01
2.858845566446269748e-01
-6.509723697554457011e-01
1.654449863224399242e-01
6.647696721205819115e-01
-5.763264616574698129e-02
-2.510711497612794774e-01
-5.802026728908648012e-01
7.063326376348926239e-01
-1.585706721747870418e-01
-7.376905295838970256e-01
-6.103532512705300839e-01
3.632564790496511931e-01
-1.752383810667331177e-01
5.944557393273944834e-01
-7.426965425849338387e-02
0.000000000000000000e+00
-2.937616762593597275e-01
-7.207734669932115423e-01
1.012984703752191351e-01
-6.808490737978964980e-01
-1.102174183113426298e-01
-7.032100606966339429e-01
2.391826611328590757e-01
-4.792105371445429807e-01
2.161785953844500563e-01
-4.591614586292263045e-01
-7.103009616402271575e-01
-4.865844458324867228e-01
-5.207276721584463974e-01
5.906671545531899659e-01
-3.540105532404963506e-01
0.000000000000000000e+00
-8.385336309375720498e-01
7.732364374402542206e-04
5.338440837845943587e-01
4.604771419134375821e-01
-3.305264871812050864e-01
1.761210617175539561e-01
2.335105980278639470e-01
-5.518703487495721927e-01
-1.758489755578396818e-01
4.910804643698785665e-01
1.624355103517521881e-01
-4.239739021100771832e-01
1.895883452842622718e-01
5.207582862866989570e-01
-4.594598209554753843e-02
-7.015848767952017617e-01
-2.943574599160886374e-01
-1.075423918263483242e-01
-6.935906015960798809e-01
4.366710912685434903e-02
3.419529225198782996e-01
-6.058462503045906056e-01
-4.978098027476773879e-01
0.000000000000000000e+00
4.822562578763622820e-02
8.769568178064985897e-01
5.289694195113230357e-01
5.638484781991969230e-01
-1.686016873153646789e-01
0.000000000000000000e+00
-1.667391294089444753e-01
1.128626646838395559e-01
4.121189713679843658e-01
-2.532485589963404116e-02
6.599864756897523277e-01
7.456774086899453646e-01
7.275425151916482536e-01
-2.889270395118487822e-01
1.433441257408941405e-01
-3.336944931983784057e-01
-9.373959674276450826e-01
-3.405674298769880703e-01
-5.212080878430138675e-01
-1.007278052282730707e-01
-5.404772372029162386e-02
-5.702765432242092869e-01
-5.599154976357223479e-01
3.494571980462911065e-01
-2.802439596727715476e-01
-1.274151544798993174e-02
-3.047066687710378585e-01
-2.846321330481049738e-01
9.614898065666471760e-01
-1.909760106332282215e-01
-9.320144704561890148e-01
2.150755999603657931e-01
1.551614897361666134e-01
3.563478726933633212e-01
0.000000000000000000e+00
1.636645392316995185e-01
3.318049881853606942e-01
-4.947055875666802049e-01
-2.478358608190834311e-01
-1.666975417571974205e-01
-4.001706888375993615e-02
-4.487343592576497064e-01
9.372066941638589332e-01
8.906492687152509635e-01
-5.668530122471238109e-01
5.599657751870907862e-01
-6.832605818553907362e-01
8.400859893444804216e-01
-4.237407805472265254e-01
-9.591123409531472355e-01
7.959457117716900454e-02
-8.503478134379488518e-01
-3.700944119851535818e-01
-3.304095502286716890e-01
5.471952467616462978e-02
-2.705960309496661109e-01
-4.744803429138215456e-02
1.708557351994891005e-01
-5.192575813752822178e-01
-4.135117184718953842e-01
-4.295549455062689370e-01
7.657659001926175879e-02
1.125449057939608838e-01
3.389997843973885372e-02
-6.895943904682917854e-04
5.227155586452425506e-01
-4.698024595117886726e-01
-7.669241086251883388e-01
3.328237346892336523e-01
-1.852954336739076613e-02
-2.522646268895338828e-01
0.000000000000000000e+00
-6.201058087907058702e-01
2.811446886001391920e-01
4.786619445787464455e-01
-1.807388658496796863e-01
-6.028794556904601420e-02
-8.013855872717922102e-01
5.037918383327648630e-01
2.202441244860235958e-01
-3.848152199233623172e-03
-3.990073539797435176e-01
-1.451607911782125948e-01
-2.891901753308433465e-01
4.696761088724734634e-01
-4.285000793070370406e-01
5.799267296603485278e-01
-1.473434284011870821e-01
4.384138824909792342e-01
6.819818213968413811e-01
-7.644630529060824076e-01
8.332700240722999974e-01
-2.731285066986635091e-01
-6.039367841984096819e-01
-9.863574371444161493e-02
-6.731794357915862892e-02
0.000000000000000000e+00
2.264904510428139839e-01
-2.624978954739519699e-01
9.264883271961044109e-02
-4.753299752619890017e-01
-5.523336958290281373e-01
-3.960741709927475540e-01
6.389431285596283150e-01
4.512993769168457958e-01
-4.466192364559092021e-02
4.708306571486520209e-03
-5.376033175473906578e-01
-5.567287853312063994e-02
-4.932212186009066190e-02
8.392805855344723787e-01
-2.270238699694852591e-01
-5.208807454188904562e-02
-4.009543317220938263e-01
-1.395929269163606046e-01
8.405865074813444193e-02
1.965590679318915679e-01
5.803800523062724315e-01
2.741499641575396162e-01
-1.600039647541514343e-01
-3.735080262667714868e-01
-7.877700081148385491e-01
3.078338582525673162e-01
-7.013139187080688064e-01
7.140658909858651482e-01
4.200846458126124006e-01
5.020732411864452516e-01
5.706408734626948753e-01
-9.540863590666698313e-02
-9.719939890505568947e-01
-3.771000022742307389e-02
0.000000000000000000e+00
-2.664897623439871355e-01
3.103577244292088921e-01
-7.052615895877772934e-02
8.251085919484568709e-01
2.637006372784603814e-01
-3.723290791974642744e-01
7.756777076136540661e-01
5.500304453250881576e-01
4.026651757667143450e-01
-1.105725011282038817e-01
7.908808986605813107e-01
-8.838450830758862731e-01
-1.398934578087097924e-01
0.000000000000000000e+00
8.110134150091108385e-01
4.645417674172648281e-01
