-7.850495950747413687e-01
-1.887157040290734708e-02
-6.810899881342852291e-01
-5.670030229249028997e-01
4.838026190831389364e-03
5.772025210380320459e-01
-4.746614956219040171e-01
-4.229089858259130752e-01
-6.103196305154257040e-01
7.278112943390568912e-01
-7.993378633500890229e-02
0.000000000000000000e+00
-6.435204478876097589e-01
-1.521017545112243741e-01
-1.540036209575594561e-01
6.666912685280750317e-01
1.749954435008214126e-01
6.211582597911406989e-01
9.785093622658229684e-01
-4.434907990256788113e-02
5.853058718364639867e-01
-3.901046046171927628e-01
-2.401029284834449995e-01
-1.750709247619685605e-01
-9.605947287084570796e-01
7.728515493478953502e-01
-8.622956818525002731e-01
-6.820241660072010603e-01
4.438281425565295674e-02
0.000000000000000000e+00
5.180358083342038178e-01
2.528603124123692814e-01
6.015899938281681347e-01
8.084478342125941408e-01
0.000000000000000000e+00
3.959885676279347733e-01
-3.021298418438191358e-01
-7.280366258179586936e-01
3.315036917711289277e-01
-5.611582987983079196e-01
6.236803557636194650e-01
-3.773989720784411972e-01
-8.090420139493768870e-02
4.818870351417803288e-01
-2.845068056684607050e-01
-5.704312253212607819e-01
5.675289756061292490e-01
-3.792836226573727959e-02
1.185153244477410717e-01
7.221473215140132851e-01
-3.148939972387915232e-01
-9.339809915526234851e-01
4.070862484067671039e-01
-6.703612360921116231e-01
-9.818036946324275593e-01
5.492991320918800824e-01
2.860120400155114484e-01
-1.393229579717907961e-03
-5.062478933163746531e-01
0.000000000000000000e+00
5.568632445512202711e-01
-4.495410625262457466e-02
1.291728921117807072e-01
-9.951646989478929450e-02
-1.074773314601470131e-01
-1.153742729015713731e-01
3.553102005532416952e-01
-4.497088960598993879e-01
6.001997105630358514e-02
3.245121096387600934e-01
-3.439639123460147552e-02
-3.944199877699605672e-01
4.911451467190220965e-01
-5.625490643878373193e-02
8.171579449688456398e-01
6.505416666125470870e-01
3.011529839203855863e-01
2.890555410192860442e-01
-5.388848135743166956e-02
2.906826957405643785e-01
-1.707453720429509270e-01
5.576568445535627916e-01
-7.449785537846096428e-01
1.709648843172939525e-02
5.822688104086594374e-02
-2.022765590352240683e-01
-2.014667006243699987e-01
-5.544314042183052793e-01
-5.718777191317947484e-01
-8.250922725187285200e-01
7.345433573202297950e-01
4.042149991414369925e-01
-7.852681781335757449e-01
-4.248733652871478084e-01
-1.821389227752698292e-02
2.046406976634533928e-02
-4.818611076567251850e-01
-2.700330661018045530e-01
5.076536024582297690e-01
-7.591474536703951559e-01
-2.787514691127462862e-01
2.870988689553162221e-01
2.921968293291812291e-01
4.860335493102362348e-01
-3.287177967086453712e-01
9.159587896641599447e-02
-7.479009268276879396e-01
-9.692205631038119940e-03
-5.192831835974145438e-01
8.159746445020123196e-02
-3.100738253760846885e-01
-4.360992887764149062e-01
-5.420096966723966236e-01
-1.482626536410894258e-01
7.889945134171693492e-03
-4.569909641788144627e-01
3.167620125637130024e-01
-2.602496716577128444e-01
-2.188648867806745613e-01
0.000000000000000000e+00
-4.811728598847227201e-02
1.454840359604779032e-01
6.675210805714821838e-01
-3.306753766695045837e-01
3.226532633734129768e-02
4.877871073337207153e-01
1.796455252869536279e-01
6.563719615952011699e-01
7.325406145831410143e-01
5.882678275636188392e-01
1.239061323393589459e-01
1.053553910069423075e-03
-1.181263119942884288e-03
-8.667487956648198821e-01
4.972884965498843013e-02
3.766167770866615250e-01
-5.022077699298888032e-01
-6.364610602275247442e-02
-8.694410841981919935e-01
-6.001935283172163960e-01
3.321181324819234143e-02
-7.613293721367886402e-01
9.193500903782608757e-02
-2.579306979682243761e-01
0.000000000000000000e+00
5.314478689402002409e-01
5.714450212458651590e-01
-9.862761699075801858e-02
7.837260850113313415e-01
2.219389320380006358e-01
-6.591107371162046036e-01
-1.658877610419996484e-01
7.432514708520258917e-02
-5.446266916103748024e-01
-6.129756362784705148e-01
5.083259904122362505e-01
-5.799378389976355130e-01
6.975297746829653422e-02
-6.165032316051646255e-01
4.586489400715948461e-01
-5.117508296355912645e-01
1.301114854823585687e-01
-5.216219906656477390e-02
1.190129123423065982e-01
-6.850858393909513566e-01
-2.752054977400441027e-01
-7.593967672704282634e-01
1.746777801635085170e-01
-8.002731374674562081e-01
-2.129066700024754288e-01
4.385595269463910539e-01
-2.389295861050534653e-02
-8.455290914635765764e-02
0.000000000000000000e+00
6.556010156408889067e-01
-5.599863721835223384e-04
-4.274386356233458306e-01
3.964203243767087589e-03
2.197808793784560358e-02
-3.514508015406831998e-01
-1.707401874249490914e-02
-9.852717651603400129e-02
1.590343695176937022e-01
-7.308193558814723989e-01
-4.361004277623358252e-03
8.189538003776207498e-02
-2.383593089384436134e-02
-2.412757560857532735e-01
6.335892355063470482e-01
0.000000000000000000e+00
8.725195931186893183e-01
7.982359417477531416e-01
-3.015994183005481135e-04
-6.247047862341874591e-01
-4.101121338425162133e-01
7.105777884193771321e-01
1.069327485132368638e-01
-2.235407936116557970e-01
-3.843139918860136173e-01
-4.231562704602981340e-01
7.326958485191340520e-01
8.932562206105227887e-01
-3.821227246197029248e-01
8.939870709006016991e-01
-2.656849457741676801e-01
8.106999052660697203e-01
-3.667942365350922249e-03
-1.433535592945349990e-01
7.833742140645211238e-01
1.328641838231131925e-02
-5.685670668734971178e-01
-5.434611780158324357e-02
5.580540594915538444e-01
3.582188176776132105e-01
5.151892231048167403e-01
0.000000000000000000e+00
-7.458307055572489519e-01
-5.346300258785249282e-01
-1.133121223768678021e-02
3.382670639788925016e-01
-4.380488793013689874e-02
5.850109811720952679e-01
-2.388745737601593311e-01
1.187129940261386352e-01
-7.692358736889655102e-01
-5.813635601013814602e-01
1.468102845854689087e-01
8.119188725604022938e-01
-7.045324668831114412e-01
4.404964746896831151e-01
1.309373161995616153e-01
3.155532476863285862e-01
6.329513885964678510e-03
-4.916237873031041594e-02
0.000000000000000000e+00
0.000000000000000000e+00
-6.086098750345260155e-01
-3.529201771676968580e-01
-8.374692233872018665e-01
-1.624669105118544121e-01
-2.875481247389362061e-01
7.419036544535891897e-01
1.745607724376236347e-01
5.105104712247625631e-01
5.186110354739517092e-01
5.127558970600608612e-01
-8.283832094604047791e-01
5.543035145105469630e-02
8.841037653615563740e-04
-1.056673375877514309e-01
6.582539612669687790e-01
-7.066459186095407352e-01
0.000000000000000000e+00
-4.369792246102641164e-02
-3.330192091062351700e-01
6.044112811043353961e-01
-6.803643445300648629e-02
1.403766236904397668e-01
-6.172259686632430159e-02
-3.505148271875552918e-02
4.397240927601155785e-03
6.639434979069665232e-02
-2.432323929544702168e-01
2.204319570095458203e-01
4.579619062161998100e-01
