-7.642714731325481736e-01
-4.665871540492020492e-02
-6.317841101678827176e-01
-5.453694225584257982e-01
4.595068251457241210e-02
5.578715393961629632e-01
-4.887933791538288664e-01
-4.226811222582493865e-01
-6.177612412715220991e-01
6.890168809768719704e-01
-4.011989575099871308e-01
2.161978235430628559e-01
-8.109249534152391803e-01
-2.209902727331967132e-01
-1.529014028160162186e-01
1.902981761151745221e-01
1.641877644728446106e-01
6.320792667838657231e-01
8.338727330728097353e-01
-4.827292429336940693e-02
5.810656118223931355e-01
-1.637464949609784004e-01
-4.849710759213010647e-01
-1.815320986508758561e-01
-9.601772038689566635e-01
7.710537200119275125e-01
-8.764073070542937050e-01
-6.401114411966812856e-01
2.392762961062248894e-01
-1.094336397209324241e-01
2.438535013101115756e-01
2.541971844397549196e-01
6.017686202515277749e-01
8.314573571645613725e-01
8.930536132704394170e-01
1.398427733159866015e-01
-3.013410872449163724e-01
-7.280692233543734071e-01
2.809721076512960991e-01
-5.696786482492911530e-01
6.196106754443611031e-01
2.779969343939897031e-01
-1.346573713470184952e-01
4.370576760606612599e-01
-2.125299048930024970e-01
-5.912898841626145208e-01
6.151784413552570108e-01
4.485210540985358763e-01
9.626327237173304407e-02
8.076925128313255930e-01
-8.402550043448745454e-01
-9.330050322568157473e-01
4.502947708593977860e-01
-5.294407773253717586e-01
-9.818025496475359937e-01
1.939248658519014956e-01
1.825803577393987076e-01
-9.962028711056701569e-02
-5.029905925570594682e-01
5.680156877291059336e-01
5.871394134227181372e-01
-3.728593496053202866e-02
-1.552328999668761700e-01
2.287300921617774901e-02
6.595754920418668565e-02
-8.979999428782600712e-02
5.035918579511873272e-01
-4.527002302024334401e-01
2.305130943355687134e-01
3.704452728097454295e-01
-4.574972547628698427e-01
-6.353278056281568276e-01
5.063708375122134564e-01
-2.471817628598639571e-01
8.073794972844531292e-01
7.534855585291229119e-01
-7.142084543742277525e-02
3.138421936180610383e-01
-4.055487521761588776e-02
8.257529538801436364e-02
-4.013189346543145075e-01
5.966160254382787409e-01
-7.425111319896258166e-01
-1.607457175091281387e-03
5.356317539866686794e-02
-3.000835110422380714e-01
-6.925607707417159586e-01
-5.587232647743403113e-01
-7.526659998542065688e-01
-8.235781327584904554e-01
8.333114269086969728e-01
3.475393652386924437e-01
-7.835274404236304280e-01
-6.301324303218996947e-01
-4.226500806251640846e-02
6.151059141798622676e-01
-4.042055868441162270e-01
-2.791497656324191112e-01
4.578821428669086480e-01
-7.574674215452198434e-01
-4.395775372330231745e-01
1.074859313378859760e-01
3.355644191059590220e-01
1.923469329349310197e-01
-3.271928283559681350e-01
7.532047712128346617e-02
5.010735044690107776e-01
-4.135302200963401620e-01
-6.153560020165569355e-01
7.861508710509135245e-02
-3.164087716844737330e-01
-4.720442561811464821e-01
-5.688121913638795046e-01
-5.650025065246379319e-02
-6.396183394209083994e-01
-3.207157291311025782e-01
4.375439078912147783e-01
-2.601074440003728339e-01
3.010507664257244809e-01
6.144596033486704467e-01
-4.526312185753798845e-02
-1.281263549831767809e-02
-5.726642349318147307e-01
-2.856047207126070075e-01
4.882024303063401544e-02
8.537355318463072384e-01
1.413789002303541820e-01
6.527666471268206427e-01
7.300324745344523025e-01
7.135097262620344605e-01
7.616720502453820651e-02
6.567951353553347360e-02
-4.698593289245097532e-03
-9.026064038249250743e-01
-3.091543549564745169e-02
4.254645723359139486e-01
-5.513468238820918854e-01
-8.023413083329700157e-02
-8.693578871009276510e-01
-7.014168382034813298e-01
4.066680323466101421e-02
-8.657341724843073960e-01
1.302988262447318524e-01
-2.618732342560594617e-01
-4.377736432203926942e-01
7.009967579179506858e-01
5.262607012681639329e-01
-9.397438124881390964e-02
7.839499464101973292e-01
2.880334291468283903e-01
-7.320682812090747449e-01
-2.035875168467897733e-01
9.905670598462737453e-02
-5.094749296510502345e-01
-7.536496834533106259e-01
-2.415745726060485876e-01
-5.731030332947392170e-01
1.517976990178914465e-01
-6.439775468105700673e-01
5.553047373523247732e-01
-4.285929749359150831e-01
-2.198664560099896637e-01
-8.602627133829740536e-03
1.351461605243363673e-01
-6.784037612441241594e-01
-2.932971626474237259e-01
-9.446913691972990135e-01
-7.835336927076931302e-01
-8.627345049034035318e-01
-3.743225089454498833e-01
4.385858544536192505e-01
-2.702131723167052260e-02
-2.422338480630884250e-01
-6.364329127844158274e-01
6.838486031411388222e-01
1.576678438232356760e-01
-5.097122742578115151e-01
-1.873131654299227955e-01
2.141166431377568291e-02
-3.476384991881994457e-01
-8.140119946732971012e-01
1.164215627715504131e-01
1.516999680060215905e-01
-8.594666313324403895e-01
-9.589495606159725849e-01
9.152002747928399129e-02
-4.004532921640110293e-02
-2.418660725454606641e-01
6.702089028847129093e-01
-6.642409068481426593e-02
8.776437242302873587e-01
7.998181143764654388e-01
-3.057222679049920958e-03
-5.784820045508799469e-01
-4.183634296008500453e-01
7.189147012417617111e-01
1.107909249209241276e-01
-2.485296063582358994e-01
-2.454162111500682308e-01
-6.333493362569825313e-01
1.129499588527205223e-03
8.955997546590814817e-01
-6.358585404094464488e-01
9.280857680526765074e-01
-2.874908078096636288e-01
7.868473934971024208e-01
5.058974307049033392e-01
-2.541456191944321263e-01
7.883606968276506421e-01
-4.849478756469706164e-01
-4.779768501659960034e-01
-5.468224204921996040e-02
4.775806495373762783e-01
8.603272838368796194e-01
3.417666081371887321e-01
5.650974766096733548e-02
-8.260652856595076532e-01
-6.021404042398478262e-01
-3.104396881699357236e-01
3.233736456904829915e-01
-1.723329944257765145e-01
6.991329072795221533e-01
-2.211517765914238209e-01
1.202856706750296267e-01
-7.685200028964549457e-01
-5.452404294844680477e-01
3.655604831115352171e-01
8.111255209674805844e-01
-7.681889015852857439e-01
2.735221472273698384e-01
4.548964821905366329e-01
3.627575614125220227e-01
5.224649649572954413e-01
-1.608152927124822940e-01
6.280349321498034376e-01
3.543167403208300481e-01
-5.159456784785164674e-01
-3.567420566864288878e-01
-8.535048196090706529e-01
-1.892699751493428229e-01
-3.040849600054367219e-01
7.468645900743527966e-01
8.089295480083186218e-02
5.257581686957939482e-01
5.665653125079497254e-01
5.125442520648354483e-01
-8.597291218754983255e-01
5.937373277047743730e-02
-3.076816181562605501e-01
-3.136563904764843036e-01
1.533384541416210611e-01
-7.949383048331424284e-01
8.882852452724108172e-01
-6.275610259950623604e-01
-4.713495031881616004e-01
9.076566835237924735e-01
-2.683267160808824880e-02
1.218737455842342499e-01
-3.843398916731076698e-01
6.092034020174088571e-01
-1.199678908207724159e-02
6.706121063121585346e-02
-3.754163461088215747e-01
4.351533745036338940e-01
4.579651323825341125e-01
