-7.847396499843887208e-01
-1.946046539062488978e-02
-6.499470198048247216e-01
-5.557888638103753998e-01
1.345798703938749265e-02
5.587709869805771445e-01
-4.758750341611814316e-01
-4.198587610941465487e-01
-6.105758602271991187e-01
7.245959084696256269e-01
-8.987343178899261098e-02
1.346335233950937960e-01
-6.822185003748815202e-01
-1.567743654304330769e-01
-1.533757209541495858e-01
6.618875466321523238e-01
1.750790558522300755e-01
6.249275122682453887e-01
9.609578538810458204e-01
-4.614610028673871156e-02
5.837232465176308560e-01
-1.912659569578165908e-01
-2.383485170745656689e-01
-1.768262344430039656e-01
-9.605774588299151873e-01
7.725497562055638756e-01
-8.646870741400127791e-01
-6.416978618630334585e-01
0.000000000000000000e+00
-2.639396131094234321e-01
5.161961499366150008e-01
2.528987904220593719e-01
6.017351127524118715e-01
8.155987687665950947e-01
7.104768765018609766e-01
3.527079830460286280e-01
-3.021350068621221352e-01
-7.280404400145692456e-01
3.524369343062897508e-01
-5.624011140438552880e-01
6.223218087717834468e-01
-1.928039659219749069e-01
-8.460812402262542220e-02
4.809420148092288239e-01
-2.859714931939102422e-01
-5.693972974773079399e-01
5.688045229175416884e-01
0.000000000000000000e+00
1.020489935728570580e-01
7.209047668630277350e-01
-8.824442474965912275e-01
-9.338609579932348748e-01
4.258177051006244995e-01
-6.545364117029273121e-01
-9.818034529506031172e-01
5.437703724382687565e-01
2.857507447624423880e-01
-1.509297081584929723e-03
-5.032123695099507410e-01
5.670310361912581643e-01
5.599750433863311949e-01
-4.464479583586541955e-02
-4.316225198366938076e-02
-9.925631762505544853e-02
-2.883673919020793980e-02
-1.102621219433853467e-01
4.935499405409516926e-01
-4.501026375702524285e-01
5.729001756507955123e-02
3.246910638783629399e-01
-1.045469737535953264e-01
-3.977470838906325135e-01
4.954827148014001592e-01
-2.041423239099334486e-01
8.173437124992334324e-01
6.597923714588800337e-01
1.227931959017561081e-01
2.889619722988383543e-01
-5.379337440171440277e-02
8.933710808672989945e-02
-1.912478955074774500e-01
5.769371366416333746e-01
-7.449561190758833273e-01
1.355083455334525622e-02
5.781483649693644478e-02
-3.047287990188308759e-01
-2.007982387213655406e-01
-5.544120107774057615e-01
-7.459712730160532601e-01
-8.250584498041896309e-01
7.608637004947873539e-01
3.988998659287081860e-01
-7.835872846496244604e-01
0.000000000000000000e+00
-1.852570010672069389e-02
0.000000000000000000e+00
-4.821693480170172741e-01
-2.699863546284787530e-01
5.011029910974618140e-01
-7.572939084808506527e-01
-2.868436425102480758e-01
2.712271456091521760e-01
2.939994767453686375e-01
4.836140531886630178e-01
-3.285907601767112940e-01
9.065734443451436975e-02
-7.479492057081879031e-01
0.000000000000000000e+00
-5.188867291013854466e-01
7.949168306466897205e-02
-3.105209463272319836e-01
-4.364294249627707623e-01
-5.658752381784926122e-01
-8.767620285627300558e-02
0.000000000000000000e+00
-4.586511067123427154e-01
3.170757779985049485e-01
-2.602263706306627289e-01
-2.088324045590464195e-01
6.117540252361175490e-01
-4.606545638507813373e-02
-1.116591257512337433e-02
6.635691301015028687e-01
-3.280449940263764907e-01
3.236014738227042248e-02
5.007479590012718917e-01
1.828758995768200446e-01
6.566793494552132238e-01
7.319155305445712578e-01
6.453224993459450998e-01
1.226264071184707261e-01
4.330874153764045775e-02
-1.193120235411623126e-03
-8.672241143832331023e-01
2.275775396739469422e-02
3.771175555766501652e-01
-5.014735204790338186e-01
0.000000000000000000e+00
-8.693706267845354718e-01
-6.941300195911503934e-01
4.068045748479542922e-02
-7.612778271843467781e-01
1.243255585608236263e-01
-2.623283155064301542e-01
-4.391170151110652120e-01
5.345082828062688307e-01
5.693771218549598112e-01
-9.803397113388989670e-02
7.838461497231563602e-01
2.224084040827443987e-01
-7.361547594588063737e-01
-2.068129166270778196e-01
8.663934079658505705e-02
-5.412981281163957714e-01
-6.209326516568938192e-01
-2.645032504493832759e-01
-5.752749843832558607e-01
1.547716792294649979e-01
-6.165003314476974472e-01
5.662059541811244046e-01
-5.060284844260491965e-01
1.716221406755898127e-02
-5.265087035917613567e-02
1.190126255959427781e-01
-6.827242521346372772e-01
-2.752297681310988398e-01
-7.799616849746432434e-01
-1.015928068866247258e-01
-8.641841821684587144e-01
-3.057973650400926946e-01
4.385582183007432633e-01
-2.566722500893074341e-02
-1.713550552118988102e-01
-6.361606665562387075e-01
6.622336807648796508e-01
0.000000000000000000e+00
-4.273697494481084602e-01
0.000000000000000000e+00
2.189538978515753742e-02
-3.496251687834254773e-01
0.000000000000000000e+00
-6.850072959722700028e-02
1.587560986986957245e-01
-8.020283780352374103e-01
0.000000000000000000e+00
0.000000000000000000e+00
-2.729193925000940324e-02
-2.412835564535165678e-01
6.348361516100531343e-01
-2.518287274422894434e-02
8.725192385311761889e-01
7.988982618779931766e-01
-3.266000279982360453e-03
-6.951227632647121180e-01
-4.109384807212763113e-01
7.123389716195226429e-01
1.071572369055031060e-01
-2.322659450495335176e-01
-3.841469580686531771e-01
-4.513472704794740387e-01
7.161237163699482045e-01
8.959407203420708399e-01
-4.676140118264620060e-01
9.280158515542963338e-01
-2.655883265401341453e-01
8.026250671115687796e-01
0.000000000000000000e+00
-1.412952183470873035e-01
7.854628749384996445e-01
-8.816498702204050852e-03
-4.992492306714576000e-01
-5.467470184310938702e-02
5.576424706060819636e-01
3.483900388095275136e-01
4.245198203772677648e-01
6.005579117150391943e-02
-7.450489775253175129e-01
-5.847150257857889333e-01
0.000000000000000000e+00
3.383248979681706126e-01
-4.959314456059701892e-02
5.938550540613576345e-01
-2.378735528131551424e-01
1.192640652169666693e-01
-7.690225226719732410e-01
-5.781671689503645739e-01
0.000000000000000000e+00
8.111552528377393712e-01
-7.065659096121501559e-01
4.335419828812482890e-01
1.647139038935414579e-01
3.195777401862001099e-01
0.000000000000000000e+00
-1.714439085261644791e-01
0.000000000000000000e+00
0.000000000000000000e+00
-6.086057893352317949e-01
-3.537814252958602634e-01
-8.372033669155167779e-01
-1.665095962961519738e-01
-2.896696150142881176e-01
7.418988526203190714e-01
1.741658336561673348e-01
5.102481042066748795e-01
5.242544686995929126e-01
5.127466881695217360e-01
-8.281467781012470386e-01
5.800887320656637758e-02
2.805630108986933123e-03
-1.122084254685165872e-01
6.590162806789785499e-01
-7.062374662401037506e-01
9.251288037809648479e-01
-1.598235908995158383e-01
-3.334521988966460682e-01
6.244660320050483548e-01
-6.821354700997431242e-02
1.375241478928391214e-01
-9.694971741717464675e-02
-3.565561594491999109e-02
-9.453550854649965182e-03
6.639384194623161595e-02
-3.522786604199886207e-01
4.349907859604276728e-01
4.579336488923239079e-01
