-7.852704735859449281e-01
-1.511533000957526914e-02
-6.645562310084685009e-01
-3.894306386015173871e-01
1.324013353559001793e-02
5.589631455988380848e-01
-4.699102850186400726e-01
-4.234143358021957848e-01
-6.104936177281342635e-01
7.334985902763972998e-01
-5.847686643438931159e-02
-2.709680775139835900e-03
-6.815004489154843359e-01
-1.262912022678999158e-01
-1.533602330432175254e-01
6.953571591251743733e-01
1.751206105690404635e-01
6.226481659269906821e-01
2.350761696303113046e-01
-4.601511377401547309e-02
5.836962081763965582e-01
-3.020721685970579884e-01
-2.445552186505056125e-01
-1.757612821456792929e-01
-9.605785360628132930e-01
7.800197546219014288e-01
-8.401083710634078550e-01
-6.877939193304232202e-01
4.565057277360850402e-02
-2.632755125786030437e-01
5.531543552144109199e-01
2.528895073910022440e-01
3.293387271359126123e-01
8.072928593568897693e-01
7.113643190204365085e-01
4.240434167515154673e-01
-3.021392643208184459e-01
-7.280364277416081498e-01
1.849246319218843804e-01
-5.611145260295475889e-01
6.222785923688626264e-01
-4.606483908477714828e-01
-7.709172047948451012e-02
1.763385932820912549e-01
-3.577039614423277447e-01
-5.474015456998693185e-01
5.676932460484295229e-01
-7.360676936615274946e-02
1.043099204300708405e-01
4.187803079063207035e-01
-8.312434100260678305e-01
-9.395182737542792095e-01
4.079323671852590483e-01
-6.865830198147244712e-01
-9.818035574982630909e-01
5.771071049652740648e-01
2.872323886668940451e-01
-1.430146234583307401e-03
-5.041897430230255495e-01
5.670393748916471299e-01
5.061252637877647897e-01
-4.467036412497083636e-02
2.845984442043637541e-01
-1.086006036774765093e-01
-1.191676060246357471e-01
-2.483858075543037003e-01
4.437577913592299916e-01
-4.411675512222480444e-01
1.572147036282652358e-02
3.242285204512757590e-01
-4.660990793115732389e-02
-3.980329420325026124e-01
4.952447689612307080e-01
-1.060489645236329659e-01
8.173053356827950644e-01
6.556383084417118923e-01
2.134256181032426480e-01
2.860869565239731460e-01
-5.381524217275669708e-02
1.693167970412292889e-01
-1.065809497221325564e-01
-9.797864154661680910e-03
-7.452181859799630326e-01
1.404923987363317257e-02
5.825961987477310672e-02
-3.178301507003170046e-01
-1.616569214192783988e-01
-5.544050255654309201e-01
-7.355320171369915672e-01
-8.272158123522319606e-01
7.419456335416652060e-01
3.980674838325296006e-01
-7.836844350532051751e-01
-3.093070828943885187e-01
-1.675635418153057984e-02
3.938096162577123249e-02
-4.821445517448944007e-01
-2.698931671679130617e-01
5.066214736818331899e-01
-7.589811548022501464e-01
-2.796526241973110172e-01
2.724797399365689876e-01
2.223794754976480270e-01
4.845156811854672285e-01
-3.286322549096524215e-01
9.146554285673880180e-02
-7.506112231737496199e-01
7.024843109028859889e-01
-4.025849352484416888e-01
7.955419241476266445e-02
-3.085126823015910125e-01
-4.316177004194016176e-01
-5.112508870672178851e-01
-9.695828604500365822e-02
-7.250790797381118091e-01
-4.572212279668900203e-01
3.141849046325740358e-01
-2.602423193659852974e-01
-1.337999738165645824e-01
6.115923132047139665e-01
-4.608215493732994300e-02
2.331005316248056444e-02
6.633228858793549509e-01
-3.374327502316677996e-01
3.116040179151907674e-02
1.633523149054855531e-02
1.865898057375280916e-01
6.574159895347875260e-01
7.319611544562022454e-01
6.445108106861461295e-01
1.229800907631720536e-01
-5.366899342225472935e-02
-6.875756574823599539e-04
-8.640344090348766048e-01
2.280779832979985128e-02
3.764611248703667035e-01
-5.016376994407607537e-01
-2.584449467264107042e-02
-8.693996636959400170e-01
-5.119439352423130751e-01
3.308515606471261472e-02
-3.589988611603793234e-01
1.220308865784947017e-01
-2.593524058189902171e-01
-1.320785912088404991e-02
5.244396393422445790e-01
5.870101204122839533e-01
-1.011203280698094453e-01
7.838216731761059597e-01
2.188920575993101858e-01
-7.341286691447581614e-01
-1.989111401706490923e-01
5.766829162821660026e-02
-5.419910099491744848e-01
-6.106027105567406466e-01
-2.766957210036565251e-01
-5.785008629843991779e-01
3.847024087768560752e-02
-6.165074637344681863e-01
4.545602114145729233e-01
-5.060025615405138177e-01
1.899377981826876616e-01
-5.230702646224351382e-02
1.181416214510994378e-01
-6.846403784940143789e-01
-2.417070067151175783e-01
-2.542559416985854526e-01
8.399926674749802480e-02
-8.883605969324770424e-01
-3.019047241063139708e-01
4.385531159234779541e-01
-2.546486176228592718e-02
-1.589660704180241024e-01
-4.925774120371544385e-01
6.567871486304208695e-01
5.943789700023611013e-04
-4.289520022207950478e-01
-6.238780141471985145e-04
2.214705791850904784e-02
-3.523184242128916122e-01
-3.614080369934291517e-03
-7.881772186172888994e-02
1.624904486658225178e-01
-8.164140084009617604e-02
-2.236967092600708473e-01
8.661721592872160050e-03
-2.689872055987101163e-02
-1.659920605452084863e-01
6.239584691660710059e-01
-2.497415840410205715e-02
8.690227593742241297e-01
7.985955968347688838e-01
2.459879528522237145e-03
-6.579285472874973895e-01
-4.096557969657161902e-01
7.115868978503517850e-01
1.069216059001250607e-01
-2.042608108413409007e-01
-3.852099443198226947e-01
-4.008223922887403368e-01
7.293729190777772375e-01
8.491228266698351845e-01
-3.844494647750287264e-01
9.126815864288977398e-01
-2.658256662405292792e-01
8.055486791449656403e-01
-2.875608257217878057e-03
-7.737976554230252546e-02
7.831015857184940865e-01
-2.186935154920229517e-03
-5.745956593007145452e-01
-5.458614713028081544e-02
5.576274132565416375e-01
3.517095061752242291e-01
4.227370080232700778e-01
6.038790721512775350e-02
-7.279435921218599947e-01
-5.553688405175339904e-01
-1.240787636216511280e-01
3.381467009711427441e-01
-3.717148126031471350e-02
5.693325519188708883e-01
-2.390431321788637486e-01
1.185779428318298745e-01
-7.692534298355467870e-01
-6.382167981467413709e-01
1.038674189312070641e-03
8.114415839454108825e-01
-7.060504285886244347e-01
4.387167780083680024e-01
-2.805895029399642360e-02
2.927642715530506257e-01
1.528572481480271472e-01
-1.247812415780996387e-01
0.000000000000000000e+00
0.000000000000000000e+00
-6.086097493948102732e-01
-3.537814607067257811e-01
-8.375238928985748732e-01
-1.608040614985212502e-01
-2.871139704909713153e-01
7.419081486662371105e-01
1.744670391238738461e-01
5.084207606871180563e-01
5.236511061439724779e-01
5.129572674638488428e-01
-8.283633937202792286e-01
5.741832301727160109e-02
2.268553412529741679e-03
-4.681539144185879048e-02
6.800160815900871958e-01
-7.063506068738585331e-01
9.345235860843374986e-01
-1.218494195338534480e-01
-5.357203440962162583e-02
5.863498494136198946e-01
-1.146736268432602124e-01
1.708200731317315590e-01
-7.545640666758826609e-02
-4.091804188146992705e-02
2.269107909897354336e-01
6.636167926709655995e-02
-3.351905957620338050e-01
2.867343698062370105e-01
4.579647404151109269e-01
