-7.860815765492866758e-01
0.000000000000000000e+00
-7.234966038367085517e-01
-5.882534998073938315e-01
-1.675108802786915568e-02
6.119596836618027558e-01
-4.514624792847387047e-01
-5.776732051327830852e-01
-6.101030107871255881e-01
7.417775925676326487e-01
-3.234923397897487840e-02
0.000000000000000000e+00
-5.331749833252539261e-01
4.228118654952234268e-02
-1.541743664574747041e-01
7.442574699673804028e-01
1.791745723018932090e-01
5.382337760772846202e-01
9.842932046285380876e-01
-4.202769740822302064e-02
6.159146937154136303e-01
-6.487548525975911362e-01
-2.486153826701092973e-01
-1.547926705305907868e-01
-9.608556379963918426e-01
7.847548678423282853e-01
-7.499705012685913275e-01
-7.252177380766939851e-01
2.383283017635967616e-01
-2.621420540301400703e-01
6.975420774771269317e-01
2.526499273451637828e-01
6.011716809217365620e-01
7.971135212173030560e-01
7.123886643750443337e-01
4.708234030911611634e-01
-3.024810570313301583e-01
-7.279798869988245436e-01
1.314403448480274406e-01
-5.596146631575003028e-01
6.265491379803667105e-01
-4.939240512371482761e-01
0.000000000000000000e+00
5.001886406592208623e-01
-4.438016756475097746e-01
-2.619299419980437582e-01
5.588919550567775785e-01
-2.236670411768114097e-01
1.452305208444741313e-01
6.623859000422369636e-01
0.000000000000000000e+00
-9.401811481355676348e-01
3.681796734370138546e-01
-8.352441774965442267e-01
-9.818069719199944423e-01
6.693946472138179171e-01
2.925488857161427925e-01
0.000000000000000000e+00
-5.095510214846552532e-01
5.666700171592904400e-01
0.000000000000000000e+00
-4.859635021136281263e-02
6.336505108874512793e-01
-1.198290615105148116e-01
-1.910732716071801285e-01
-4.322925997603827009e-01
2.890984020936596122e-01
-4.346702867696598527e-01
-1.726601533360273000e-01
3.238328257540268873e-01
2.981009175919267784e-02
-3.705963109749123019e-01
4.877244009371043409e-01
2.058138073230107445e-01
8.171054301966805822e-01
6.320915075070951961e-01
3.521586714278941432e-01
2.722762589309457026e-01
-5.398214326079614489e-02
3.481222173222878746e-01
-8.848869406184882436e-02
5.503406780451147728e-01
-7.458533765435614304e-01
2.972482599372971990e-02
5.865892458768914852e-02
0.000000000000000000e+00
-6.121640141027673288e-02
-5.538370615175981504e-01
-3.574468002397962474e-01
-8.288771993267189941e-01
7.149409996329467720e-01
4.699283932393628072e-01
-7.869627619701748955e-01
-5.054731608145197619e-01
-1.533608188939755007e-02
1.861440602331685956e-01
-4.789247862914038922e-01
-2.684119370160245599e-01
5.240440561921294593e-01
-7.613961482090183530e-01
-2.729246421411822277e-01
3.954987441947090399e-01
2.181502581606030722e-01
4.994760483777723747e-01
-3.287130296726518131e-01
9.721790521650058858e-02
-7.750761856381896964e-01
-2.776230907899071010e-01
-4.024983608721109940e-01
8.218250428818768549e-02
-3.005394444278604027e-01
-4.298022139500750072e-01
-4.871134601719853130e-01
-1.952816004173780207e-01
-8.050589160957093426e-01
-4.529693462920553193e-01
3.115713652141529622e-01
-2.602599840763935024e-01
-2.672141120307326423e-01
6.037682628136482599e-01
-5.040306501557949292e-02
4.478088337450847334e-01
6.790215887281083607e-01
-3.375460742954677906e-01
0.000000000000000000e+00
-3.060270329149642476e-01
3.545650633926339390e-01
6.733065723583468998e-01
7.333919627603944225e-01
5.632599227002996756e-01
1.250882106735360377e-01
-2.853175784014037042e-01
0.000000000000000000e+00
-8.595240286058616341e-01
9.458111104956545834e-02
3.711046160866510180e-01
-5.031287512391745542e-01
-8.119504721477854847e-02
-8.694519831612544936e-01
-5.118755308214719690e-01
-2.048823770725222149e-02
-7.381241297436076376e-01
9.196803043807674771e-02
-2.524890870091833772e-01
-4.415166528240765942e-01
4.986837464899455119e-01
6.197539938249615465e-01
-1.086619870244684705e-01
7.833079863821890143e-01
2.154648742109875337e-01
-6.150922830970106947e-01
2.499104048524312949e-01
4.208985061205794409e-02
-5.476621383816544508e-01
-5.352119911944870356e-01
7.044279333623610917e-01
-5.959789514270268374e-01
0.000000000000000000e+00
-6.176981932268478248e-01
2.870948088586947056e-01
-5.375236210137144255e-01
2.566124552769689648e-01
-5.063086558277828109e-02
1.173136880137698457e-01
-6.920326353632151317e-01
-2.592310354247725490e-01
-2.529848653768949629e-01
3.097524487430011186e-01
0.000000000000000000e+00
-2.168020216710636050e-01
4.385249299630908926e-01
-9.290748643168700305e-03
6.860332576183938991e-02
-5.382561280931825731e-01
6.322445283253181891e-01
-4.822810705849761570e-02
-4.301582242371002618e-01
5.086071251729085835e-02
2.358290096820279264e-02
-3.595981908421597151e-01
-4.825088793333926623e-02
-1.685054806815240447e-01
1.839791576492832426e-01
-6.646074465863129888e-01
-9.089434320038648485e-01
9.451009682419053703e-02
-8.102873009394412351e-03
-2.409030883876278062e-01
6.202850587970207830e-01
0.000000000000000000e+00
8.572654797478528321e-01
7.941350219856343484e-01
5.551149659234285230e-03
-5.996005679357472307e-01
-3.643444348353628848e-01
7.092393938784851137e-01
1.066896995549545535e-01
-1.983862851239222014e-01
-3.883899947998080693e-01
-2.328947803328724198e-01
7.846218093051740006e-01
7.801376912054491797e-01
-2.382450568384645861e-01
8.714730610927718946e-01
-2.660864832216136566e-01
8.160572400145154059e-01
-7.116674889021734618e-03
7.277156780430256433e-02
7.454005304048511027e-01
2.291628175731716399e-01
-6.616942285328197837e-01
-5.417618865793605298e-02
5.663684472610782672e-01
3.726134321048527598e-01
5.399541518770756277e-01
6.167066963634637577e-02
-7.073215000385154605e-01
-3.225041269196035065e-01
-3.197413934263754753e-01
3.376900144091808942e-01
-3.603464851173387995e-02
5.406655200503929226e-01
-2.651748888436145646e-01
7.623547950930373296e-02
-7.694691323906459601e-01
-7.551432778913755861e-01
2.780087153665292687e-01
8.127653091801887442e-01
-6.841854570811801706e-01
4.607107033066242252e-01
-2.026942264789535764e-01
2.401701026942667516e-01
5.217542399634578221e-01
2.691231759003730462e-01
0.000000000000000000e+00
0.000000000000000000e+00
-6.086476889079230901e-01
-3.447880555815069359e-01
-8.379446470432703187e-01
-7.341173415764076782e-02
-2.419594399652295058e-01
7.419158493550226385e-01
1.754514687073998047e-01
5.012936377006294020e-01
5.049182885410961052e-01
5.132751211648930445e-01
-7.759339770596742625e-01
5.514847421095300795e-02
0.000000000000000000e+00
1.056166418031997678e-01
6.846277686327574274e-01
-7.066761258315560346e-01
9.656224523448031505e-01
0.000000000000000000e+00
6.841530623186875548e-02
5.788992375828868608e-01
-1.258286648972084809e-01
2.374586194057630439e-01
5.323428997769501236e-02
-1.073500781629570244e-01
3.247303321834001943e-01
6.605617773833870332e-02
0.000000000000000000e+00
0.000000000000000000e+00
4.588227151108721369e-01
