-7.848667206752896197e-01
-1.769772485574779702e-02
-6.855269689183440818e-01
-1.680170154628740642e-01
1.138403703160392744e-02
5.664853052754701412e-01
-4.749510441470681243e-01
-4.992109331335481959e-01
-6.104582915337337656e-01
7.285254295787702006e-01
-8.231781173233933269e-02
4.076172423719714999e-02
-6.547652725128975115e-01
-1.205353222267311480e-01
-1.534422599101771811e-01
5.785962578559585845e-01
1.749299057980079342e-01
6.228470947929418688e-01
4.632433767020598947e-01
-4.412845619254140289e-02
5.923240565606500141e-01
-2.020540834294670685e-01
0.000000000000000000e+00
-1.645314266394678482e-01
-9.606252551009739626e-01
7.727456408776445240e-01
-8.402139521500704422e-01
-6.550087229408045886e-01
2.013263837595979933e-02
-2.638475528856216723e-01
5.221543925534485320e-01
2.528688215358227409e-01
3.016928800931172328e-01
0.000000000000000000e+00
7.108283758128981500e-01
3.701247292133125200e-01
-3.021297967460044864e-01
-7.280380896712430605e-01
2.178202880005741804e-01
-3.642548200189975605e-01
6.224575650166381813e-01
-3.796889171016649689e-01
-7.951525171804649239e-02
2.700079525253135659e-01
-3.305136485612701902e-01
-5.690705004781251297e-01
5.639812155635417490e-01
-4.177875627021483684e-02
8.885557883324968209e-02
3.137925137879129522e-01
-4.812761515807457702e-01
-9.353005583956921498e-01
4.119973794537444833e-01
-6.600345741427773305e-01
-9.818034085685471979e-01
5.555956162237872809e-01
2.878716204458895978e-01
-1.566498026157637623e-03
-5.039334286140443320e-01
0.000000000000000000e+00
3.706715695631854213e-01
-4.511537795506390114e-02
2.226908100468640850e-01
-9.933283082294611099e-02
-7.447592688288283413e-02
-1.792401221533775069e-01
3.727857246784749279e-01
-4.441755555197311467e-01
0.000000000000000000e+00
3.245618008987953829e-01
0.000000000000000000e+00
-3.963941529743201242e-01
4.952947259022138504e-01
-1.384657520881520942e-01
8.173201973347897775e-01
6.548843005259439298e-01
1.929344083259817988e-01
2.865054445449340959e-01
-5.386378019501913972e-02
1.355687607599156130e-01
-1.889533124057898306e-01
4.028246635613070836e-01
-7.452798541282827927e-01
1.464228773652832827e-02
5.793728463617283525e-02
-2.952236382921061830e-01
-1.841983504636932889e-01
-5.544277363900428357e-01
-6.775037619626025354e-01
-8.250983778964779969e-01
7.589306200961716264e-01
3.293435519701155001e-01
-7.842397779442085159e-01
-2.356406463630495440e-01
-1.792193271431955989e-02
6.751813598385993098e-02
-4.820314461852081567e-01
-2.698678332331859719e-01
5.023891426498577895e-01
0.000000000000000000e+00
-2.851208045898238064e-01
2.796450791090021037e-01
2.908919764004940789e-01
4.871447304444889159e-01
-3.286177486878100740e-01
9.150779747387260965e-02
-7.694160480043017447e-01
-3.615066886578366823e-03
-4.833004597000469249e-01
8.097995377360694969e-02
-3.074220157078205728e-01
-4.346320736637118154e-01
-5.198011208744026668e-01
-1.029911942225005123e-01
-5.198553377583398430e-03
-4.571347175701443444e-01
3.168364031832230920e-01
-2.602302838494852111e-01
-1.322244697553872639e-01
6.117641937391087303e-01
-4.911907286492050301e-02
0.000000000000000000e+00
6.654079314131816636e-01
0.000000000000000000e+00
1.872904290907170810e-02
3.074997103894254735e-01
1.855541567139782910e-01
6.565138595100068475e-01
7.322365305128735180e-01
6.182004452143885498e-01
1.227146084186377661e-01
3.216726615168888359e-02
-1.167770725189933544e-03
-8.670245647496737096e-01
3.291860879369998272e-02
3.768054638508046006e-01
-5.021150096025023268e-01
-1.409828300610848489e-02
-8.694069184223709446e-01
-6.404902054186731863e-01
3.955184024962514477e-02
0.000000000000000000e+00
1.228471095726292039e-01
-2.586746120055396503e-01
-2.037177472243477394e-01
5.344471179438783359e-01
5.858135852126620247e-01
-1.011068716855057226e-01
7.835750471653437632e-01
2.221557016566830245e-01
-6.668782681923218769e-01
-1.750094151475895532e-01
8.161460722711413873e-02
-5.412681901077365243e-01
-6.151070555456696898e-01
-1.469493291491309750e-01
-5.764811151953906920e-01
5.905813454522472472e-02
-6.165620796247242019e-01
5.538800364077949290e-01
-5.109019646345756005e-01
5.030608134916477597e-02
-5.153341175900313931e-02
1.186672255406395760e-01
-6.828675558264318823e-01
-1.452427006116148722e-01
-6.362122899536415410e-01
3.322626391945322777e-02
-8.087291762937173223e-01
-2.752906372293736359e-01
4.385562129272199128e-01
-1.700689705969317053e-02
0.000000000000000000e+00
-3.953209471354535709e-01
6.511601783109398633e-01
-1.269607800403517797e-02
-4.273442740805754037e-01
-3.052318338751256258e-04
2.197615721427078825e-02
-3.525921419286328629e-01
-1.931068510272544465e-03
-9.947951379127348281e-02
1.597195338672098563e-01
-1.033514106979890046e-01
-1.087904263922011283e-01
3.512822475545625961e-02
-2.649811784946083659e-02
-1.643432679389066620e-01
6.342854578520129571e-01
-1.567506078554516818e-02
8.724285141134606736e-01
7.973047991645432209e-01
-2.342016920997087772e-03
0.000000000000000000e+00
-4.108276489228349648e-01
7.118282394693893345e-01
1.069688084292790275e-01
-5.064541140411998876e-02
-3.844598864756938461e-01
-3.457869168883845323e-01
2.853440289162721966e-01
8.812255300830973415e-01
-4.499632317228956513e-01
9.242250011012086430e-01
-2.657445499593812377e-01
8.034542018593375801e-01
-1.188098613172226380e-03
-6.608605917228659032e-02
7.568792060293201285e-01
4.453250112109789945e-03
-5.434830209014478442e-01
-5.460572694919373082e-02
5.582963691807160123e-01
3.545655755864793313e-01
4.612438496735487559e-01
6.026114702336708706e-02
-7.429418866636706698e-01
-5.109630843089738583e-01
-2.085057848599678743e-01
3.181082131622655074e-01
-4.646217241604046894e-02
0.000000000000000000e+00
-2.387404059170190052e-01
9.448542301056314652e-02
-7.690775725815943709e-01
-6.521730340392212222e-01
9.882622246308760128e-02
8.111728722404102365e-01
-6.958434435929374828e-01
4.222168167453100446e-02
1.336762542298690626e-01
2.948359269173119190e-01
3.148699500864775014e-01
-8.978898897001416635e-02
0.000000000000000000e+00
0.000000000000000000e+00
-6.086161751689316279e-01
-3.529879133785822076e-01
-8.372384018261667116e-01
-1.532395639402718002e-01
-2.782199031815448254e-01
7.418986739151849363e-01
1.742043133238767028e-01
5.078571387128354431e-01
0.000000000000000000e+00
5.127548970290407571e-01
-8.283214602314799002e-01
5.654304576372649882e-02
2.847027129912054009e-03
-1.009934972787450702e-01
6.643388297593686431e-01
-7.062940068644981695e-01
9.278143718774048976e-01
-7.564782053131777206e-02
-6.005776982235330741e-02
6.093672933336747866e-01
-7.275185877390977218e-02
9.279067093223099250e-02
-8.618235098288243301e-02
-4.289234254255089307e-02
6.275265382246038304e-02
6.639330991588660025e-02
-3.064450630489778948e-01
2.802787692987426249e-01
4.579158097131651450e-01
