-7.852272761816317947e-01
-9.664657926143202168e-03
-6.892775385141012290e-01
-5.147033030462362380e-01
6.349180929654043258e-03
5.765494205392367455e-01
-4.694982230410247315e-01
-4.546783850001006044e-01
-6.103280990120486527e-01
7.310579399541128343e-01
-7.133350498676710449e-02
1.124704412514558327e-01
-6.498021712586052878e-01
-1.371557751360612254e-01
-1.539078815994606719e-01
6.693213966954917327e-01
1.755659531868271062e-01
5.750960104612267143e-01
9.102074512049153077e-01
-4.356609304756946244e-02
5.848612287335672733e-01
-4.028096297913988932e-01
-2.403474258390999596e-01
-1.680489595533649905e-01
-9.605945229984300671e-01
7.761085893943946434e-01
-8.374219743012726314e-01
-6.920609019728229949e-01
6.655281991379997930e-02
-2.638065746004802925e-01
5.570649187950880155e-01
2.528585838888213200e-01
5.980347970326047591e-01
8.081992949516602076e-01
7.117740168172612680e-01
4.199127093468733030e-01
-3.021493591236238951e-01
-7.280364844885058861e-01
2.449336471571046947e-01
-5.617116946624589602e-01
6.238496219491457273e-01
-3.972286765116805896e-01
-7.172572703030637153e-02
4.528589812865571607e-01
-3.335769243231679893e-01
-5.164649081979890699e-01
4.139640270246338627e-01
-1.143849936614430018e-01
1.219301081185626134e-01
6.910794314693738949e-01
-6.003077684983891826e-01
-9.367558250903658124e-01
4.006596535792164016e-01
-2.648947377413214677e-02
-9.818036432932504276e-01
5.768694336060884442e-01
2.883937482900874594e-01
-1.364035717360690585e-03
-5.057585495355749750e-01
5.668645481273302256e-01
5.135911586959878150e-01
-4.560672801005311028e-02
2.809989078481772151e-01
-1.039104211390804167e-01
-1.101663349062597941e-01
-1.324562572406356997e-01
3.443432535153929663e-01
-2.390641560953382094e-01
-8.193742337107999887e-03
3.244088112924738421e-01
-2.581077302111872002e-02
-3.918492328399732494e-01
4.914742292662797052e-01
-5.042153328472313845e-02
8.171477309122872068e-01
6.515538563820395535e-01
2.759882976103230079e-01
2.875425613271326286e-01
-5.395426884903078979e-02
2.717846021614451768e-01
-1.434447038233768457e-01
4.582149890469044418e-01
-7.452013094508956881e-01
1.689461426145353121e-02
5.828885288582227181e-02
-2.107750639853353258e-01
-1.754003891110819668e-01
-5.544153919230462302e-01
-5.286505372778792511e-01
-8.264896075324654756e-01
7.446989203286364933e-01
3.999538671231427367e-01
-7.848256137532586552e-01
-3.692555504021163282e-01
-1.610947463083551787e-02
7.236369251135843506e-02
-4.812981421007201943e-01
-2.699357690888906092e-01
5.081450682408243935e-01
-7.593277663932850308e-01
-2.776842037626567894e-01
3.045025031106839419e-01
2.792804316187000868e-01
4.863088960339235212e-01
-3.287090210535042467e-01
9.328379728925310921e-02
-7.516170986920003294e-01
-2.594892717157459838e-03
-4.613562712263058474e-01
8.119526088960343779e-02
-3.093115628740296108e-01
-4.346914949901073411e-01
-4.899423974192966269e-01
-1.295614088635357875e-01
-3.947993463211890153e-01
-4.567801036301549211e-01
3.157644798076896242e-01
-2.602523897874631231e-01
-2.287232197321526772e-01
6.109314123852342959e-01
-4.689887642928989436e-02
1.497669184456618396e-01
6.674362026617067789e-01
-3.335877156634574625e-01
2.507334538312063973e-02
2.935629241027252201e-01
1.998609353361551211e-01
6.583536263043825443e-01
7.325092632118133107e-01
6.042102729248192139e-01
1.239065740717259917e-01
-5.571061370276791241e-02
-8.925159486465934376e-04
-4.216964921065863847e-01
4.310661805131989904e-02
3.759965841639350548e-01
-5.021921248640979218e-01
-3.211111272926613774e-02
-8.694279097903401254e-01
-5.598870242707401079e-01
3.798504531049040622e-02
-7.195327397049288143e-01
1.091427651684131472e-01
-2.574606296687463880e-01
-3.839152609218555723e-01
5.288233969189505279e-01
5.746059836584366254e-01
-1.017285125667934664e-01
7.836826130768141940e-01
2.202434809232635404e-01
-6.631247741877110968e-01
-8.494796262372478549e-03
6.933555895058082785e-02
-2.004471913895301549e-01
-5.946578692660838827e-01
4.145400919944706719e-01
-5.805689828666122931e-01
3.653810497959028569e-02
-6.169402589165026152e-01
4.606163569524653334e-01
-5.115709245320048115e-01
1.677720837558853428e-01
-5.161543700537363222e-02
1.180913054797093353e-01
-6.857508538215091320e-01
-2.619248796288933256e-01
-3.742794901554664655e-01
1.780298903964027679e-01
-3.755208162245518011e-01
-2.410307669518529927e-01
4.385525641355652038e-01
-2.324734684152776967e-02
-9.200321984800914621e-02
-5.912954139176541668e-01
6.557628304996806490e-01
-6.600288036424637773e-04
-4.274972031770650216e-01
3.126571984757336997e-02
2.223548018271784624e-02
-3.539619036589550793e-01
-1.386360714189517271e-02
-1.179985588924153672e-01
1.603224949082611983e-01
-4.918335762991233873e-01
-5.740224442190411391e-01
6.324586179472280190e-02
-2.381069585345097633e-02
-2.304527971379155549e-01
6.336842211628470611e-01
-2.140318912226330667e-02
8.711374372991492754e-01
7.977789336528153807e-01
5.525183333980660970e-04
-6.293378444580788322e-01
-4.075841840686326156e-01
7.102034431101383882e-01
1.068818410168612121e-01
-2.086534113263615875e-01
-3.850078999590951234e-01
-3.885792510614574091e-01
7.276051946292874106e-01
8.565451977153626384e-01
-3.457150434573920128e-01
9.061870990850318108e-01
-2.658564164742056590e-01
8.110782060263724835e-01
-4.183133876631540266e-03
-9.794823714671826997e-02
7.817191471279205661e-01
1.197197828593231893e-02
-5.759064494519023913e-01
-5.442203942476228629e-02
5.579596370654565929e-01
3.569220007820240181e-01
5.075522876651261672e-01
6.050315991561290574e-02
-7.333256740021888431e-01
-5.111574614048293164e-01
-1.381523517113663335e-01
2.978084971847222984e-01
-4.201179538845031119e-02
5.794022156112664801e-01
-2.406877617023900906e-01
1.052307026215039965e-01
-7.693720560283101584e-01
-6.086763521849816172e-01
1.133554283045478950e-01
8.114439792171396215e-01
-6.992489823685289485e-01
3.754067879119208917e-01
5.545688050652211598e-02
3.081768274782593076e-01
3.204243104255749541e-01
-3.915586136517434229e-02
0.000000000000000000e+00
0.000000000000000000e+00
-6.086174470969095696e-01
-3.524183049256836009e-01
-8.375914948865951226e-01
-1.540066283684422555e-01
-2.742583349005898175e-01
7.419067362721301073e-01
1.746411704145205968e-01
5.096162511459353395e-01
5.129970402026674536e-01
5.128151261246509662e-01
-8.273224875587350535e-01
5.595105135714524558e-02
8.837749194248285204e-04
-8.761775690054393606e-02
6.665151362977583815e-01
-7.065976829779805346e-01
9.232218240888563354e-01
-2.101743923930086619e-02
-1.827784743531685463e-01
5.947014066848452796e-01
-1.008499363979600272e-01
1.512879077568340391e-01
-5.026081998648455895e-02
-4.017792208267461501e-02
6.122362741646758533e-02
2.456058864191133090e-02
-1.435158679839444174e-01
1.959837705011631404e-01
4.581080652463749292e-01
