-7.851808030776069591e-01
-1.447520637538595931e-02
-6.893770521702472509e-01
-5.658071128434608577e-01
5.035910671566543907e-03
5.768197287752407920e-01
-4.725399346216989649e-01
-4.371666165747194466e-01
-6.103280937771956571e-01
7.282663029363479756e-01
-7.994404020828339841e-02
1.121830232497380564e-01
-6.493343270521110266e-01
-1.447138726108622708e-01
-1.539855299784939069e-01
6.675447155060124649e-01
1.751835491192632599e-01
6.198776045981916338e-01
9.797505698663666607e-01
-4.395517743394663362e-02
5.848935933872420057e-01
-3.979753920007150225e-01
-2.402766626388659621e-01
-1.689570336626728397e-01
-9.605946340560130858e-01
7.741766985740003992e-01
-8.511008475526972150e-01
-6.907673512164955731e-01
6.035472484069148019e-02
-2.638548644500259832e-01
5.327535379302358320e-01
2.528587718981853416e-01
6.003688544481620148e-01
8.084240424670279257e-01
7.114592740883745048e-01
4.032400614941147876e-01
-3.021378653219919941e-01
-7.280365801517987290e-01
3.105487506862239511e-01
-5.613474007248275832e-01
6.237517108095824714e-01
-3.868107210395448359e-01
-7.553460914594414821e-02
0.000000000000000000e+00
-3.278728326018023331e-01
-5.603718544299938209e-01
5.695716409838281757e-01
-4.735778390818810163e-02
1.204637520018955466e-01
6.959506164854065702e-01
-4.635681126217193748e-01
-9.345566125060071894e-01
4.009570288654970560e-01
-1.007089087354743895e-01
-9.818036555116491648e-01
5.695802477119429330e-01
2.876581406475806624e-01
-1.377801717434011834e-03
-5.059866125608544207e-01
5.669164024926650614e-01
5.505289835361132367e-01
-4.560987612027914140e-02
2.026107536060735570e-01
-1.020308632723497949e-01
-1.087679823483201913e-01
-1.240667381104107181e-01
3.473500517107050989e-01
-3.502510754574187368e-01
-3.736039683512493159e-03
3.244599129649424762e-01
-3.071044585611333935e-02
-3.920041086625580262e-01
4.912918866490307845e-01
-5.475165837045995604e-02
8.171567082582619213e-01
6.510744757434034913e-01
2.865449180146004693e-01
2.887329936166633804e-01
-5.395705548001873686e-02
2.861320935154853529e-01
-1.464581117527974374e-01
4.645555696742314500e-01
-7.450274819377225022e-01
1.691568040362400813e-02
5.827663446514567275e-02
-2.044889444070882578e-01
-1.775237149044159302e-01
-5.544252864498547817e-01
0.000000000000000000e+00
-8.252952472109309490e-01
7.380755138092134349e-01
4.014483940743623358e-01
-7.848960819544208434e-01
-3.908001568808478488e-01
0.000000000000000000e+00
5.546444688251508243e-02
-4.817489769675165068e-01
-2.699908680931860094e-01
5.081406684775577887e-01
-7.592404309272282603e-01
-2.781205790280469325e-01
2.879957164142447068e-01
2.876840132195655486e-01
4.861045208776354487e-01
-3.287115191688525506e-01
9.204324068834900119e-02
-7.500659601034506130e-01
-8.292191763643165167e-03
-5.092317034514527441e-01
8.118174599207457487e-02
-3.095019137835708367e-01
-4.355539636379152091e-01
-4.927890802312800966e-01
-1.375397375043206361e-01
-2.605489001460988829e-01
-4.568799277781451229e-01
3.160175995523298864e-01
-2.602519806775117628e-01
-2.257864284387405829e-01
6.117528039208743884e-01
-4.815671210707880845e-02
1.491723913761193732e-01
0.000000000000000000e+00
-3.307948037911213057e-01
2.959602918203234345e-02
4.169629800095432381e-01
1.846005564998144666e-01
6.575662962928228161e-01
7.325207448857906645e-01
5.999223478427049283e-01
1.239065930698202839e-01
-5.208734312176093589e-02
-1.130014828710659489e-03
-6.060572498523917329e-01
4.967202967218220522e-02
3.763765529647684627e-01
-5.022033863306761825e-01
-3.203998890545700640e-02
-8.694319451584223701e-01
-5.833712627858220756e-01
3.806946216548205697e-02
-7.236432881344573298e-01
1.035809516882341963e-01
-2.576948719438241220e-01
-4.098001914032667337e-01
5.307614253199848253e-01
5.740402171096466999e-01
-9.956872207712733069e-02
7.837208646536111267e-01
2.214286858079063669e-01
0.000000000000000000e+00
-1.493824938066586894e-01
7.406918935656740810e-02
-4.983839684801628089e-01
-5.947443056325940614e-01
4.120767146753008814e-01
-5.801344125394714002e-01
4.913141436764113801e-02
-6.165345544440937742e-01
4.592220657013383334e-01
-5.116103849215014598e-01
1.507032877673664395e-01
-5.170468431479928462e-02
1.182822207835701467e-01
-6.856751364499524826e-01
-2.620786322380135869e-01
-6.954361647014885017e-01
1.776708205019485731e-01
-7.519840649857684189e-01
-2.367391241020634918e-01
4.385574574548970483e-01
-2.353659275054908323e-02
-8.479391377126838103e-02
-6.034143127028418485e-01
6.557087802435954682e-01
-6.488285911077149156e-04
-4.274860451179416931e-01
2.400311816293417000e-02
2.202033416200849247e-02
-3.533246683766910201e-01
-1.660114445234957964e-02
-1.053322905011687960e-01
1.596410426717285724e-01
-6.753237110359724404e-01
-1.155279760164061448e-01
7.389112387320295738e-02
-2.383414517220608028e-02
-2.367782198570745067e-01
6.336258019594854796e-01
0.000000000000000000e+00
8.714540685899475614e-01
7.977840994746705494e-01
-1.407806932641152402e-05
-6.265438176934939873e-01
-4.100466250095007870e-01
7.102282754453667080e-01
0.000000000000000000e+00
-2.114892345889525516e-01
-3.847281474615639185e-01
-4.052167499428460662e-01
7.298317079237657268e-01
8.647363431405884482e-01
-3.736667683723973732e-01
8.976994209021176285e-01
0.000000000000000000e+00
8.110936878871898292e-01
-3.826114450742341272e-03
-1.357996138248714624e-01
7.834175780364452946e-01
1.254805315054129816e-02
-5.694083170020305396e-01
-5.440749111189305265e-02
5.579995066866763054e-01
3.576222578032962063e-01
0.000000000000000000e+00
6.025906105115157174e-02
-7.452353207848323446e-01
-5.116816346839800911e-01
-1.125481442060693033e-01
3.052385735180180859e-01
-4.386141820016325327e-02
0.000000000000000000e+00
-2.404301622645402259e-01
1.067734761864925219e-01
-7.693670077716802114e-01
-6.070319603121846486e-01
1.481159740078369369e-01
8.117405881731898365e-01
-7.008860769308776772e-01
3.767321514025833706e-01
1.174393825600417440e-01
3.104604037388634663e-01
2.027331604076500760e-01
-4.887692631000913057e-02
0.000000000000000000e+00
0.000000000000000000e+00
-6.086157620312286909e-01
-3.524122242989130016e-01
-8.374967076742404481e-01
-1.622101734715583887e-01
-2.826241232934126879e-01
7.419045704624167570e-01
1.746200380404685781e-01
5.096740154839899395e-01
5.157564549439203061e-01
5.127902714796386263e-01
0.000000000000000000e+00
5.596840555621632879e-02
8.838458495282313634e-04
-1.020938807673246601e-01
6.621316414285443042e-01
0.000000000000000000e+00
9.243783332376686035e-01
-4.425536343315711330e-02
-1.976559498852522023e-01
6.016060071916629060e-01
-6.707742526705523511e-02
1.502682495578699096e-01
0.000000000000000000e+00
-3.687867360728366850e-02
3.847283604129597689e-02
3.409674801733490052e-02
0.000000000000000000e+00
0.000000000000000000e+00
4.580553870464425525e-01
