5.775053221195152187e-01
-7.209724935458718953e-01
-3.593246466540500617e-01
2.645919980289095363e-01
-7.640709792809496914e-01
-7.414658546223362734e-03
7.103272024544042829e-01
4.468302246206741213e-01
9.156969596980066850e-01
5.220577580376883908e-02
-2.133116003551729367e-01
-5.114517686563277987e-01
0.000000000000000000e+00
-9.434168331629801951e-01
1.232086438070854051e-01
3.049516752866658909e-01
-5.445506565241204910e-01
-7.333261902664454102e-01
-9.084856714394975441e-01
-4.940429669009798186e-01
3.347969115170237320e-01
9.074498085032514094e-01
-3.946590816494379705e-01
7.937716554473916997e-01
4.132941426764700221e-01
7.424519845629065085e-01
-5.673470355197807180e-02
9.855057181442361536e-01
6.597564903054056185e-01
8.066902986575767986e-01
6.276181377807819040e-01
3.147814459847304569e-01
-7.448587225150258284e-01
9.533427290930724940e-01
8.123087800367900790e-01
-2.514149267190242121e-01
-5.081586478923432182e-01
-8.562365543102821164e-01
-7.183995696951599452e-01
-9.385610295940829406e-01
-1.600645655552146440e-01
5.480559867123284690e-01
-2.126687890114198343e-01
6.224480872334559045e-01
0.000000000000000000e+00
-9.508150545722360292e-02
-9.202835917712361979e-01
-1.348161068630913118e-01
-5.032923404351545837e-01
5.503403195691256578e-01
0.000000000000000000e+00
8.565460868426058028e-01
2.957157468230064978e-01
-8.185738987528292654e-01
-7.465630036093093835e-01
4.492386077770471609e-01
3.714372021436127547e-01
-2.024474018259359021e-01
7.038580809705201613e-01
3.881682579716161374e-01
1.943449943731592189e-01
1.511576260447360376e-01
-8.219162936408572762e-01
9.697521212406514657e-01
5.326378930514570342e-01
4.786712790881257895e-01
-4.510818471864024293e-01
-6.393566870429001625e-01
1.976909313023840209e-01
-1.456055019966879804e-01
-9.777832063522446937e-01
-3.662625479241414794e-01
0.000000000000000000e+00
-1.400398044807471543e-02
-4.643875104816395094e-01
-6.234041915216459451e-02
3.102317886556607007e-01
-2.912024225654907816e-01
4.947309047010732819e-01
7.797601239455571598e-01
-9.286581787015377731e-01
-8.959232266348098328e-01
5.193759724567321712e-01
-5.443294506691287449e-01
7.929306500175796746e-01
-5.895413066556658421e-01
-7.515077981997591028e-01
1.712352502015968003e-01
-3.020847271136606338e-03
-8.512962296287278630e-01
-7.367145673517860871e-01
6.148898070880601807e-01
1.446862182932275864e-01
-4.939581279853255680e-01
2.975353712418971064e-01
8.592695331877306941e-01
-8.018123384745148297e-01
2.983416373139111677e-01
-5.056656345883279169e-01
1.042850541976307888e-01
2.402857664898998546e-01
-1.871859964359825490e-01
7.923037396916370323e-01
8.681153234080689618e-01
1.120693449517085050e-02
-3.483241166620958396e-01
1.342820881009521017e-01
6.682072126019058533e-01
-8.477165376853812440e-02
-7.970752806346377284e-01
2.243860911821360382e-02
7.126485774587567601e-01
-4.783108416574894939e-01
3.686992417767442909e-01
-8.804611702569002940e-01
-1.605760904768498420e-01
-7.748059740268968820e-01
-6.470076398021298303e-01
5.909853928763288966e-01
4.203868970496067448e-01
-7.892060305201535897e-01
5.655968352416629319e-01
-4.615803386370997963e-01
-5.549835195163461687e-01
-6.789344463761977089e-01
-5.232808271922779753e-01
1.936429811688933356e-01
5.541351306923980591e-01
4.114192571302612844e-01
1.358764215060759284e-03
1.240737439349226534e-02
8.218026365966502045e-01
1.290258581692311779e-01
6.572442788060059993e-01
-6.079329439544878255e-01
4.704475448047218400e-01
-4.905784882188286566e-01
-2.116187569821466052e-01
0.000000000000000000e+00
8.053344154591786097e-01
-3.449841294319686558e-01
9.921352407483832181e-01
-4.494418274337033115e-01
3.296058712664793333e-01
-8.781186657023338782e-01
-3.114492975873102143e-01
-3.625904948340215039e-01
0.000000000000000000e+00
-6.099710910830709043e-01
6.600343480759085502e-02
-5.331433453331935191e-02
-5.268306104583073690e-01
3.177359090404434649e-01
-7.134783530743622482e-01
2.381081373701992021e-01
-9.633831218160056054e-01
1.910161512988985955e-01
-2.275881836186670615e-01
2.795237763709068624e-02
9.323041256644022390e-01
7.067091378558449932e-01
4.637076340555832399e-01
0.000000000000000000e+00
-3.824066473434779567e-01
-4.656283722028664585e-01
3.182401342754284101e-01
6.819142582030273125e-01
8.026621246284570965e-02
5.231944273587332273e-01
9.928397023043644687e-02
1.553604346253767421e-01
2.363122370263472938e-01
7.799404964779230731e-01
-1.983154834432572233e-01
-7.716249082966417649e-01
2.934531470902301820e-02
-7.124572228920809103e-01
4.285913323452850143e-01
1.094830996790985278e-01
0.000000000000000000e+00
4.215625842359140840e-01
6.390683827856449284e-01
-7.837344304399438411e-01
-8.786324549873538725e-01
-3.175885413400494350e-01
6.110369424011599104e-01
2.909104318680439949e-01
-6.770140870487724172e-01
-6.030923292551353398e-01
-3.482751987371732749e-01
-6.141698186567567941e-01
7.348185306294385821e-01
-4.065435655304154849e-01
6.643520396586615195e-01
6.800129305951272407e-01
4.715400120086870039e-01
3.644661648319389435e-01
-2.122549517445584399e-01
-9.136732881418319074e-01
-6.432614999649088894e-01
7.548417700270055875e-01
-1.004088292287119710e-01
3.433065044462462190e-01
7.560041282638008120e-01
0.000000000000000000e+00
-7.267799604048266193e-01
-7.137012019145727582e-01
1.243827423902226226e-01
-8.653802398718484223e-01
2.712892646314157830e-01
-7.425791591511718970e-01
-3.518706610642841071e-01
2.307426100077394349e-01
0.000000000000000000e+00
3.393095285207792244e-01
8.773632268087121489e-01
0.000000000000000000e+00
-5.630571060144839990e-02
8.656351699584949877e-01
-9.180935831731020791e-01
8.520896635138131003e-02
-8.292946542311132596e-01
6.214971148228360942e-01
-3.025228571237981168e-01
-3.381693536351944029e-01
-8.862924820011297555e-02
3.328152825947936488e-01
-7.384671744199378107e-01
1.836451654869906136e-01
1.009143101486622562e-01
-8.860960703814499961e-01
0.000000000000000000e+00
7.414733023736668205e-01
2.570079633100927907e-01
9.096830180533936883e-01
6.890028345990450998e-01
-2.313016486573573616e-01
-1.201310037729454994e-01
8.758234311281345441e-01
9.256576316174256469e-01
4.132948495948030043e-02
-1.068559280650123178e-01
-6.405532655487848892e-01
-7.815470408902720489e-01
7.988302313856177062e-01
-8.825738371862339449e-01
9.340457751524526842e-01
-8.217847809687157667e-01
-5.180399512200455359e-01
1.298586627487305911e-01
-2.287627379452661369e-01
-9.670472543659909270e-01
8.649480061580534507e-01
-3.013734539887984454e-01
-5.699306794697633904e-01
-4.680152221094724396e-02
-7.460884416962938470e-01
-3.960662851792309258e-01
9.407694106190349626e-01
-7.542179036494105482e-01
3.222394060519193637e-01
5.302241347017775386e-01
5.789711689697940589e-01
-4.040116825817463564e-02
-5.577756608040296271e-01
