-8.797381190559288022e-01
-2.169588594065181564e-01
-6.437038336098381830e-01
5.241782246650097399e-01
9.807230497924899204e-01
-3.239768774084221814e-01
4.405353353065495359e-01
1.651233398685574283e-01
-2.657645971628397330e-01
-7.280686013987234251e-01
-8.456579020294843207e-01
8.449266698985200552e-01
2.726403356827340474e-01
2.951357902313458403e-01
6.119990437105504721e-01
-8.305711964786790524e-01
4.410528893938219230e-01
8.949593945358864655e-01
8.497936280866598135e-01
-3.225584211577896543e-01
1.043109517007290155e-01
1.910992662787358576e-01
1.000000000000000000e+00
-6.394166144984174682e-01
0.000000000000000000e+00
9.357912116397142377e-01
-2.998189158854724923e-01
3.295874353888283981e-01
7.877890145311641223e-01
5.924676184190305062e-01
8.055595669813915283e-01
-4.034352068410866909e-01
2.533378874057099495e-01
-7.751082127715311909e-01
5.016609013170398867e-01
4.899732380412340493e-01
-6.801908999766488328e-01
-6.432070256924093954e-01
0.000000000000000000e+00
-9.049250239780095573e-01
9.313574585226180869e-01
2.009805475076111847e-01
-4.602560472011063553e-01
1.000000000000000000e+00
-8.514551166961759066e-02
2.581521810572939835e-02
6.372610932824471774e-01
-9.775443215415235976e-02
-4.990882675442005478e-01
5.405160220366767021e-02
-4.997679575489690773e-01
8.792752090278670440e-01
1.829644932368723609e-02
1.576837142564300187e-01
-1.341774704581362165e-01
1.592934159283425632e-01
3.787506828968831840e-01
-4.381797959368771700e-02
0.000000000000000000e+00
5.433758461627007375e-01
6.069944013689883011e-01
-2.147639748319249975e-01
-4.271149992838620957e-01
9.636168426649840413e-01
-6.721105267688547436e-01
-4.526091009047956693e-01
2.233776867224863683e-01
9.834064808580575967e-01
-1.031446210928157470e-01
-9.223583498671954484e-01
-8.996085279720442696e-01
-5.403712467380208384e-01
-6.374591064072845370e-01
-7.501791642279203032e-01
-7.139764810153561569e-01
-1.602374234210128812e-01
5.295878400440168221e-01
6.123004458838676722e-01
-6.768423104315723915e-01
-6.933645115772399947e-01
-8.491892062993251500e-01
3.641156876311082424e-01
-1.857353778530030919e-01
0.000000000000000000e+00
1.151281177960346014e-01
-1.435830395218400390e-01
4.847503119888632028e-01
-8.799071384272760810e-01
-6.165449414414325702e-01
0.000000000000000000e+00
1.228430905258188766e-01
7.483273732693489499e-01
5.378501210433306312e-01
-9.352155004914721736e-01
8.997032743763659912e-01
-1.904974194102537766e-02
-1.447378236421725806e-01
-1.116860733871505307e-01
-7.651700016638942614e-01
-3.026964924230839404e-01
-9.718866064940856475e-01
6.877595293256910658e-02
0.000000000000000000e+00
6.784867196408763679e-01
-4.000360887336920079e-01
0.000000000000000000e+00
-2.902976950128610678e-01
-5.229032341391381955e-02
9.429786856682387253e-02
5.717519473385652695e-01
-2.166407682377413657e-01
-2.770015760915247593e-01
-4.711131986818839490e-01
0.000000000000000000e+00
-1.080667473136260881e-01
6.308340312273144068e-01
2.495573739324865592e-01
7.049258516607870284e-02
6.598053210294712034e-01
8.669014490962152486e-01
-1.979081422487449782e-01
0.000000000000000000e+00
1.036842541274831664e-01
7.445243978227793491e-01
-9.083624007064363681e-01
-7.940047873948157253e-01
0.000000000000000000e+00
0.000000000000000000e+00
-6.244087870582071265e-01
4.139701185071149592e-01
7.172012618730374545e-01
0.000000000000000000e+00
-9.597171517274838415e-02
-5.219597093633632223e-01
-9.956464609358870455e-01
-5.142779373970478574e-01
-9.400797888135679070e-01
-2.572643103090279659e-01
7.281774745982061425e-02
-8.679942519092567199e-01
1.000000000000000000e+00
-1.779798278673423439e-01
2.506216887208017052e-01
0.000000000000000000e+00
1.000000000000000000e+00
-5.918628935516134781e-01
0.000000000000000000e+00
6.138003491727124228e-01
4.181854608308606114e-01
3.353293776179309127e-01
-8.053084954409381879e-01
4.601149737196019718e-01
-3.414739053645170497e-01
-7.918037591508375606e-01
-3.358822940362111709e-01
-8.988645480212342775e-01
0.000000000000000000e+00
0.000000000000000000e+00
-1.154399050845320573e-01
-6.015432790681451980e-01
-9.176703913538266644e-01
-8.643808705497615374e-01
-2.674913886436087740e-01
-6.335204661704587625e-01
8.251172490313252172e-01
7.034527509540708934e-01
0.000000000000000000e+00
-8.244565513445478722e-02
-3.328470640092295874e-02
0.000000000000000000e+00
1.054164694241344069e-01
-3.412260329616896293e-01
1.944188815307925644e-01
1.132492420877295736e-01
-1.822289152420684122e-01
7.427984176337261157e-01
-2.418858762890097047e-01
-2.437553406400390088e-01
9.038110050993175548e-02
-5.695527463118141842e-01
1.263616094328894324e-01
-8.615846987638817733e-01
-6.652017334062798604e-01
-8.771141099832151511e-01
1.000000000000000000e+00
-8.228809744921883329e-01
9.458412162318492467e-01
-8.277339333094935192e-02
4.264393777617125902e-01
-6.539053140920454421e-01
0.000000000000000000e+00
2.471964795376571100e-01
7.222043063431335952e-01
-8.799835432069087471e-01
8.692543027922656762e-01
1.397763562693354888e-01
-5.087616379759523078e-01
-4.265535970029610269e-01
0.000000000000000000e+00
-4.168719795167952213e-02
-4.619974322584756710e-01
4.577493765646996060e-01
-7.472270711564856782e-01
0.000000000000000000e+00
0.000000000000000000e+00
-3.768307138986550786e-01
-9.632930471529959071e-01
-7.111711589831573033e-01
-9.839156888697349057e-01
9.174839758800958922e-01
-2.573764483931773039e-01
0.000000000000000000e+00
0.000000000000000000e+00
-3.774998448793631667e-02
0.000000000000000000e+00
-7.407448234880731341e-01
5.342446444168122976e-01
-7.630063558700039827e-01
6.784024588551742507e-01
-3.947832463772438238e-01
5.772193164244860952e-01
5.336407114146526354e-01
-2.968871768943590617e-01
1.028526463922996292e-01
-2.538112778517274126e-01
8.553105606204525202e-02
-2.580228120475904774e-01
-2.092895541048029884e-01
-1.014417954802515620e-01
1.988894057655110625e-01
3.719160782993558012e-01
7.778221208707982726e-01
-4.079639622225654794e-01
-9.454018214215114124e-01
-1.982153484909667807e-01
-2.816977752383909017e-01
-7.181656635215327711e-01
-1.425662365988611402e-01
3.426597399277846456e-01
0.000000000000000000e+00
-4.759254671457415764e-01
4.020470894921468474e-01
-3.417960270366560138e-02
0.000000000000000000e+00
0.000000000000000000e+00
-7.199156671638486937e-01
4.655869502965748197e-02
1.509925919001282590e-01
8.095727300929800307e-02
-9.906899021999273636e-01
2.800528314598182966e-02
-9.702190574532794098e-01
9.499942399376835045e-01
6.461101701267106812e-01
0.000000000000000000e+00
-3.098853419422418209e-01
3.032442514197508654e-01
-9.223226307586156469e-01
1.924593041406390537e-01
0.000000000000000000e+00
-7.960379687695089412e-01
-3.365248503530891000e-01
4.784646646293788663e-01
-6.874112681743018705e-01
2.965114438534643959e-02
