-9.154406429454846617e-01
2.726019623116500146e-01
6.551515393533346998e-01
1.000000000000000000e+00
1.601417669296878454e-01
-2.867848563562003239e-01
-3.883658032251504633e-01
1.925215082754669904e-01
7.344843308783532976e-01
-6.442374423304531028e-01
-7.399081001701404148e-01
-5.171237055598270071e-01
-2.907174685744311482e-01
-3.113211233839519032e-02
3.571919206591382956e-01
9.479392095908221183e-01
7.607164924613591950e-01
0.000000000000000000e+00
9.082992648776877509e-02
-9.533319788823040319e-01
9.469864275377237739e-02
-4.304743348711119744e-01
7.017309521781025516e-01
2.687459521831625509e-01
-4.648168631279918639e-01
7.762579032455330097e-01
-5.998022405380605271e-01
-1.195252931590005119e-01
5.512761712173424034e-01
0.000000000000000000e+00
0.000000000000000000e+00
6.499388591617216715e-01
7.783341891456072581e-01
7.010352625730951193e-01
5.267888021929705289e-01
9.773297337324355905e-01
9.549795401277787477e-01
-9.222088283466958192e-01
-9.591352464760618535e-01
-4.383224209758256329e-01
2.186427825080583531e-02
7.638889289721286779e-01
5.564634217855597420e-01
0.000000000000000000e+00
-6.461430395217939715e-01
6.468966314386177530e-01
-3.753755770344560094e-01
8.059991628637761529e-01
3.059736575931011338e-01
0.000000000000000000e+00
-7.057709827675124892e-01
-9.437465360041985551e-01
2.085327917313077872e-01
-6.552990066900650223e-01
5.966883082582621345e-01
-6.859742621527358253e-01
2.688801392996622575e-01
-7.038758304888337314e-02
-2.785156311472052337e-01
0.000000000000000000e+00
-9.829294226513904942e-01
0.000000000000000000e+00
6.225515160241101853e-02
-1.709758311519009588e-01
-6.861189419576050330e-01
4.287911757184557082e-01
4.401569777088432112e-02
-6.632200571947151069e-01
0.000000000000000000e+00
-4.931928314205524799e-01
-8.062513422312389544e-01
-9.331849939948020367e-01
3.308023093914678192e-01
-3.039219839858673389e-01
-9.463160900399767428e-01
0.000000000000000000e+00
-9.897111481160993929e-01
0.000000000000000000e+00
-8.225172025475930848e-01
0.000000000000000000e+00
1.959056310065423467e-01
-1.345390504434911261e-01
5.486817109055353026e-01
4.506997469360631836e-01
1.721974350114217067e-01
-7.645005433979152887e-01
0.000000000000000000e+00
0.000000000000000000e+00
0.000000000000000000e+00
0.000000000000000000e+00
7.496516689955954327e-01
-1.529241446461715448e-01
-9.361888597666752077e-01
5.825784160605753659e-01
1.000000000000000000e+00
1.601921599404594332e-01
0.000000000000000000e+00
-9.006607833406106156e-01
-6.315384833765238515e-01
2.701117261926455626e-01
-1.586768597125365332e-03
-2.832026237810221225e-01
1.943564297102262639e-01
7.662464622887898980e-01
-2.355369596371514884e-01
-6.731548541122842622e-01
-7.775879112619517031e-01
4.833542589660075883e-01
1.837106595103186191e-01
1.000000000000000000e+00
0.000000000000000000e+00
-7.636850669116492796e-01
8.030661829230729687e-01
0.000000000000000000e+00
3.457566419705426775e-01
-5.802998007387303314e-01
4.927315431212206942e-01
0.000000000000000000e+00
0.000000000000000000e+00
0.000000000000000000e+00
-5.063323897353266823e-01
4.481341255384430067e-01
2.906613886765612165e-01
-3.249243372572621080e-01
0.000000000000000000e+00
-1.889270273841534564e-01
-8.277605241852112883e-01
0.000000000000000000e+00
-1.594901305688611881e-01
-8.763702960249613039e-01
8.917505574924631251e-01
8.806330653092160343e-01
7.320233581540929180e-01
-5.074771269271582952e-01
0.000000000000000000e+00
-6.655990580803234913e-01
4.820014799886855883e-01
1.000000000000000000e+00
-6.160853784337692041e-01
-1.145718549107659356e-01
1.253827954054675953e-01
0.000000000000000000e+00
-4.918984656851663750e-01
1.762332293568924513e-03
4.817287324948358318e-01
-2.537067513487896164e-01
0.000000000000000000e+00
0.000000000000000000e+00
-9.131813313580423586e-01
-6.395951315072021526e-01
3.645270053269862309e-01
0.000000000000000000e+00
-2.692466955198047351e-02
0.000000000000000000e+00
-6.398746824245438169e-01
0.000000000000000000e+00
-3.717299444049524393e-01
0.000000000000000000e+00
-5.504523036499362476e-01
0.000000000000000000e+00
6.387745168123275530e-01
3.580409225718677035e-01
2.261495140266629456e-01
-4.562051635695041352e-01
-5.330706994089726702e-01
-5.040413541078094806e-01
-2.503712723002546880e-01
-2.825083623916677666e-01
-9.127670656108459735e-01
-1.890402384209370901e-01
3.133365347017291747e-01
-7.354863219499698790e-01
-2.792829945391470670e-01
3.596254901583046948e-01
-9.814228446687687235e-01
-3.546456637926342914e-01
1.949863171774393056e-01
-8.995980211424277062e-01
-7.616418843216958834e-01
-1.440645808706064734e-01
0.000000000000000000e+00
-9.585975343489536726e-01
5.254004589780416623e-01
6.982753236388954399e-01
-7.967766245677923020e-01
-7.705972367573941106e-01
0.000000000000000000e+00
3.572724351568703494e-01
6.747493507143356162e-01
-2.311294863339556915e-01
1.000000000000000000e+00
-3.437877205138819559e-01
5.369683530700912755e-01
-3.131696805650372450e-01
0.000000000000000000e+00
7.207981982542930322e-01
0.000000000000000000e+00
-7.024476100978855886e-01
-6.323614756003859139e-01
-5.686300760346800764e-01
7.198431045353210767e-01
-3.755948038246967879e-01
1.000000000000000000e+00
-3.271806283688489803e-01
-1.631289012993246690e-01
-7.092417739847123315e-01
9.911492725116999303e-01
4.297188512446814546e-01
-3.337847741298567428e-01
-1.461818893981647882e-02
0.000000000000000000e+00
-5.374478846352639394e-01
7.621310417921278724e-01
6.553541472935546786e-01
-2.625352939003928743e-01
0.000000000000000000e+00
-6.260746608695575421e-01
-7.436005731880981351e-01
-1.805900652156191555e-01
-8.857295561600022626e-01
0.000000000000000000e+00
-5.772756948105153274e-01
8.930468465779084486e-01
-9.334944267013640662e-01
-3.770197387000433498e-01
0.000000000000000000e+00
6.296278677096394105e-01
-2.055333235343657083e-01
2.542058632549906161e-01
0.000000000000000000e+00
0.000000000000000000e+00
-5.967524293750456899e-01
-3.397443266497430781e-01
0.000000000000000000e+00
7.906154175392441363e-01
0.000000000000000000e+00
0.000000000000000000e+00
-2.080000832155524115e-01
-7.622831297592034261e-01
-9.697370772021278729e-01
-7.036408870103949553e-01
8.433741315778842118e-01
-8.539964475806895994e-01
6.546247136101426278e-01
9.180524744928950653e-01
-4.002858354698568544e-01
-7.666116715413497928e-01
-6.390936184002260489e-02
3.610353607586844760e-01
-2.653931910998650334e-01
3.471601920578066824e-01
1.493782692214844499e-01
1.834686789313744182e-01
5.677976710900680679e-01
0.000000000000000000e+00
8.138511417272831228e-01
-9.662426685342033750e-01
5.201454586357894261e-01
3.595818210469416965e-01
-1.606998006324060757e-01
-7.019739950646488591e-01
0.000000000000000000e+00
7.365070774617574756e-01
-6.780055259603823270e-01
5.999049487175514006e-01
