-1.417463753274708083e-01
0.000000000000000000e+00
-9.444366838387061591e-01
9.741339655594205560e-02
0.000000000000000000e+00
0.000000000000000000e+00
-5.277838057722739062e-01
-9.792106512212046532e-01
0.000000000000000000e+00
-4.418474187961891619e-01
-4.047420836088644336e-02
-9.346526377498975968e-02
1.658690615232485399e-01
9.046288667442548004e-01
-8.118679951740876977e-01
-9.694634122948173616e-01
-4.162995670961666672e-01
-2.462505933963807792e-01
-6.061454580455458707e-01
-6.792427062220514067e-01
3.590339453380031465e-01
0.000000000000000000e+00
-3.483332670427348177e-01
-3.892192273048873385e-01
0.000000000000000000e+00
0.000000000000000000e+00
8.545141652502938889e-01
-1.603054079708574609e-01
-5.948617155816899871e-01
2.278219047286906829e-01
9.287635407218262085e-01
-1.289392129387221253e-01
-1.286459473115564300e-01
-8.297962105792799914e-01
-8.881957889535634365e-01
7.866093026725073933e-01
0.000000000000000000e+00
-3.574996161597954192e-02
3.018847718766801691e-01
1.863619198603867488e-01
5.437128031584146370e-01
-3.851723629746592881e-01
7.038408026068994072e-01
-6.524425209544371107e-02
8.881007014749906503e-01
-6.402731926658475903e-01
6.975776027154865222e-01
5.649732610725037851e-01
-7.893067538897933222e-01
0.000000000000000000e+00
-6.443805331758256649e-02
0.000000000000000000e+00
9.180806446889655525e-02
-1.267093801470593473e-01
-9.807074261307768825e-01
4.647053663463793782e-01
9.831029967479454346e-01
-7.431428118469498578e-01
-5.404333781572885353e-01
0.000000000000000000e+00
6.684888990162500821e-01
1.130425060625825928e-01
-5.846679596785764321e-01
-6.607651067926287869e-01
9.873800615349974663e-01
1.188970900299699540e-01
8.852871523335088533e-01
9.732933158683221286e-02
3.588322932691383471e-01
9.367554818932861682e-01
1.509475571432812302e-01
5.246261500822320123e-01
-1.947496433861717335e-02
0.000000000000000000e+00
-5.914277365501547923e-01
-1.159876308314429227e-01
7.261530175869079784e-02
-2.811553945257745379e-01
-6.697164797223016386e-01
1.894914275233838818e-01
5.915493360731673977e-01
6.570136739677168158e-01
0.000000000000000000e+00
-8.407401695676279818e-01
8.122752196347953202e-01
9.774281128608119928e-02
-6.347373855150728605e-01
6.723953069369785762e-01
-1.397111642218276106e-01
1.107259315507782560e-01
9.225902171936695151e-01
1.000000000000000000e+00
-8.246294359594052992e-01
3.442584047110450740e-01
-1.684965357710326295e-01
0.000000000000000000e+00
7.999805703132412127e-02
1.817016528609403103e-01
3.299791912879685984e-01
0.000000000000000000e+00
9.669157444211315955e-01
7.801709259508948779e-01
-9.869862558281143894e-01
-8.136326412892604942e-01
7.717570406483118539e-01
0.000000000000000000e+00
1.000000000000000000e+00
0.000000000000000000e+00
0.000000000000000000e+00
7.433945665005636805e-02
0.000000000000000000e+00
4.295179359526417606e-01
4.763914743626938009e-01
0.000000000000000000e+00
0.000000000000000000e+00
0.000000000000000000e+00
0.000000000000000000e+00
-6.945116237655541980e-01
0.000000000000000000e+00
3.377890719901697203e-01
-6.109735027209151070e-01
9.380204478629687870e-01
-1.556742127935133446e-01
-9.098080985494103601e-01
-6.831358285205557657e-02
0.000000000000000000e+00
-5.325718827557759383e-01
1.463790105058024871e-01
1.454353467028912661e-01
-6.030778026804299863e-01
3.628558669658028535e-01
8.929665839450042775e-01
6.581842640200754602e-01
0.000000000000000000e+00
9.150665982863475101e-01
-7.602706486214001469e-01
2.316313239018614745e-01
3.740623036882300134e-01
-6.118769112437001390e-01
0.000000000000000000e+00
4.273028948844410646e-01
0.000000000000000000e+00
6.211394289249971834e-01
-1.568075431133502118e-01
3.464502252048287101e-01
-1.572766059576322650e-01
4.005004829255747190e-01
5.265614819542552283e-02
5.436635521598205401e-01
-2.594976059019755699e-01
0.000000000000000000e+00
9.709118320691649817e-01
6.786768419562960730e-01
0.000000000000000000e+00
0.000000000000000000e+00
6.133225170421956474e-01
2.287827143118428275e-01
4.260586822555227915e-01
1.987488463745470391e-01
0.000000000000000000e+00
2.480730936061050773e-01
0.000000000000000000e+00
1.000000000000000000e+00
6.848519315567840327e-01
6.006190251627687715e-01
-9.283966320501457758e-01
-2.401228565006505722e-01
5.005927869594990476e-01
7.106006160466433741e-01
-2.140604738551783459e-01
9.285331461393453445e-01
8.242304506481912263e-01
3.584488547455642049e-01
-8.841750941431565369e-01
0.000000000000000000e+00
-8.026734739647765071e-01
5.987779952966618691e-01
-6.560990128027655022e-01
8.593363890676375405e-02
5.562638368090138119e-01
3.208112113445782398e-02
8.951882645021953522e-01
5.296709282349587600e-01
2.174686555503193564e-01
0.000000000000000000e+00
5.736465358840725504e-01
5.098400336375119579e-02
-6.096437294792944606e-01
4.423458852362029958e-01
-5.417858800918546880e-01
-1.174946884400811520e-01
1.125547194807572371e-01
9.888095538142138707e-02
7.630841393851177656e-01
1.906866445235506635e-01
9.906446707088931714e-01
-6.894536761460936525e-01
2.775293602594697262e-01
0.000000000000000000e+00
9.967798186571510399e-01
-1.464567732274364431e-01
1.754903886665997170e-01
-6.992342745676130011e-01
9.986819610486481480e-01
0.000000000000000000e+00
0.000000000000000000e+00
7.334962948556169593e-01
-7.272249767774265905e-01
-6.652396841347378853e-01
2.703704803059230333e-01
-7.573093915497000062e-01
9.041475811470500723e-01
-2.760258362188499071e-01
9.463443576631331844e-01
-1.923829326952941621e-01
7.537879816023485002e-01
3.600589982068191919e-01
-5.474555916045178439e-01
9.413182339112791119e-01
1.340345046126059092e-01
2.944192894140595929e-01
-3.904318951850489494e-01
2.212109810321267744e-01
-9.693981068518582322e-01
0.000000000000000000e+00
-4.525370528768546396e-01
3.823669332829489065e-01
9.797028716991043051e-01
4.642449971117330598e-01
0.000000000000000000e+00
3.546828496175460366e-01
6.035550974739289920e-02
-9.625685497697422655e-02
-2.604331785600701998e-01
-1.895750361245762683e-02
-4.130101670841130890e-01
-5.292993629054174587e-01
7.872209493263515601e-01
8.414661964889813550e-01
-1.334545905577591007e-01
-7.958567302587027381e-01
-9.841208057937267384e-01
-1.190082821741049734e-01
6.227045574690450724e-01
-8.947763870338503178e-01
-5.202377442250354367e-01
-8.678780044199503330e-01
7.319530482628653356e-01
-3.674196034421033374e-01
6.348130719430744584e-02
3.780360163613936120e-01
0.000000000000000000e+00
-4.460640461061435857e-01
-3.852910077078823825e-01
0.000000000000000000e+00
4.587737012192296682e-01
0.000000000000000000e+00
-9.708477639362909084e-01
-4.578704313156656269e-03
-6.410965148419180970e-01
7.264624126833814088e-01
-1.220701936358878914e-01
-2.165895783425584309e-01
1.549339801287978879e-01
-6.005313110779562091e-01
