-2.766100404452915829e-01
-1.793930252783888513e-01
0.000000000000000000e+00
-2.862602094079096382e-01
-8.897503744992940611e-02
-8.452259560560504426e-02
1.525264673748463196e-01
5.862880175844731312e-01
-4.854142122815809923e-01
7.859134848290518782e-01
5.248920786000981220e-01
1.936866972296715783e-01
5.237119312275395622e-01
5.273325369449244349e-01
-6.373962972871984878e-01
9.777011734402745180e-01
6.824958041977382539e-01
-4.771044653853373507e-01
7.459740989720744508e-01
-3.653777900858232730e-01
-9.083225364236957589e-01
-8.058013039276801237e-02
-6.965361946309214236e-01
7.188860375011953963e-01
-2.942209591221129905e-01
1.000000000000000000e+00
-2.150216906491901891e-01
1.766804774826891133e-01
-3.954190812899331942e-01
3.332894277868514443e-01
3.135366611695153960e-01
2.252989740618391856e-01
-1.606500389463350054e-02
7.142328506537254373e-01
0.000000000000000000e+00
-2.584707007974764714e-01
-2.194762863870682867e-01
4.437116487099743711e-01
2.909998558093285226e-02
-3.651670981511334624e-02
-4.921467271740875837e-01
6.534187030236062732e-01
-2.673153259827445449e-01
-8.344182474542727324e-01
-6.933261097009502105e-01
-7.092098813974780924e-01
-6.705248701325094984e-02
-4.932285966118998832e-01
-8.754028675905334289e-02
1.492904020905707618e-01
-2.396028535631871126e-01
9.157928651161457712e-01
9.396797661694942239e-01
-5.238749500281025817e-02
-5.074564701582588988e-01
4.373513475961741115e-01
0.000000000000000000e+00
-1.845837478632774697e-01
-4.527496152786087968e-01
0.000000000000000000e+00
3.577674795663994267e-01
-7.820262327675688852e-01
-5.639954466927041832e-01
0.000000000000000000e+00
9.676997979810735284e-01
-8.555663123911516621e-01
6.390136753530604175e-01
3.311413140786489961e-02
2.793961676544636230e-01
-5.463903860281371649e-01
2.796590221631292117e-01
-2.565741747964827013e-01
0.000000000000000000e+00
-1.503848961979536991e-01
-5.860310195676321499e-01
0.000000000000000000e+00
3.919872870461915682e-03
-8.252587274773770520e-01
7.710813328335299754e-01
-9.468435058676372140e-01
-8.640278159245944334e-01
-6.724296962099165498e-01
-5.766896559606957684e-01
-9.376894508581210541e-01
7.285546675042404718e-01
-5.324865348412430865e-01
5.070288168071119816e-01
5.595917996862140864e-01
5.942098919674363433e-01
2.483898701396984876e-01
6.691935234475991923e-01
7.556483373007947257e-01
5.064451107408451946e-01
8.006009130603253254e-02
4.248640764524624913e-02
0.000000000000000000e+00
-9.776342693811308493e-01
0.000000000000000000e+00
-7.877666129141225326e-02
-1.673362836731089320e-01
5.926838721678344690e-01
9.398758062545449210e-01
-3.560064872399364422e-01
0.000000000000000000e+00
2.600984611742067631e-01
0.000000000000000000e+00
-4.548515919308371291e-01
-8.181694424907020036e-01
1.913899331525998893e-01
-4.147729726732460875e-01
-1.708289707828718473e-01
1.929717744315746497e-01
7.646984141293722281e-01
-8.672755296188241481e-01
-3.298459672973330647e-02
8.593191007929821268e-01
-8.393170484705247958e-01
5.017999103634167568e-01
-9.835832928496566208e-01
4.154953213855214766e-01
-6.423315567753760114e-01
2.862227068285001508e-01
-2.850443001834066514e-01
-4.665654527085283387e-01
-2.076376725013580060e-01
3.097227477168489340e-01
4.476357250896345619e-01
-4.164429978885952899e-01
-3.046012990679114463e-01
-9.895423500230962066e-01
5.700790171266878481e-01
9.639923759393955738e-01
-8.322094299719986488e-01
4.392897795714567621e-01
5.356191391177220762e-01
9.302765563145176664e-01
-1.060153071308822526e-02
7.421165756451781892e-01
-8.321015299715901481e-01
9.360002860405680636e-02
-5.266221073443115852e-01
2.180366912345450547e-01
-4.008088054629028729e-01
-2.253488141607431494e-01
2.079080110864204300e-01
1.963751336198189534e-01
5.663663326886032578e-01
-8.668120261919529668e-01
5.287322608440152560e-01
-4.130632063711694446e-01
7.503278277898706161e-01
-5.083590292257789134e-01
7.210432132904505131e-01
6.854184784160177735e-01
5.329333618654095162e-01
-1.170296502577938824e-01
-4.779486677314677134e-01
1.262184898683960110e-01
-9.015815042861461404e-01
0.000000000000000000e+00
-9.940270395816614979e-01
-8.782711881592073500e-01
-9.988989285553915298e-01
1.278482114145620407e-01
-5.564434741574286747e-02
-9.118453938937625125e-01
2.730299397977620224e-02
-3.815891680413323606e-01
-1.051066503784041650e-01
6.328825236557502620e-01
-5.651314617130513973e-01
8.876256826919788345e-01
8.125288764375460104e-01
6.963082859214275722e-02
-3.848864899488246838e-01
5.997836511491656530e-01
-8.526863900037255917e-01
-4.737637461601305056e-01
6.208640434877994441e-01
8.353115785547673422e-01
-9.389888767965244298e-01
1.546723550043127560e-02
7.130696244598870859e-01
-3.550270088175437877e-01
4.838474942443509175e-01
-3.480686629075222527e-01
0.000000000000000000e+00
-8.199359307062239477e-01
-1.483343620243973149e-01
6.730950952024847833e-01
-7.910850917897129797e-01
5.845512176998011178e-01
0.000000000000000000e+00
-8.229433283776916852e-01
7.333323264696962607e-01
4.776125401884254718e-01
9.085852339976923098e-01
-6.865744736924954683e-01
2.599983243845263026e-01
2.285070044605963524e-02
-3.215308112511272576e-02
-3.538988932461319958e-01
3.363188674829904468e-01
0.000000000000000000e+00
0.000000000000000000e+00
-7.930455455446110413e-01
7.101581125624734092e-01
-2.360778372638512312e-01
-9.076387997275530140e-01
9.987522574723382007e-01
-2.319241883283134076e-01
6.855748541645412253e-02
6.937702859684973244e-01
4.024826192507142686e-01
7.210503654992916900e-01
0.000000000000000000e+00
-7.584670573943810279e-01
-3.845451381567337457e-01
4.565516253810590896e-01
1.227371012984690424e-01
9.204193467278347640e-01
5.219131517142467924e-01
-8.893433327579605141e-01
6.733167728203965918e-01
0.000000000000000000e+00
0.000000000000000000e+00
-1.326746156373852514e-01
-7.901622890611486039e-01
-4.994008193840238086e-01
-7.849898713010110551e-01
0.000000000000000000e+00
1.715710185569330193e-01
7.411768526964375159e-01
9.788471708375545699e-01
-5.438369107831615423e-01
2.927015329353466200e-01
-8.695728898962202802e-01
9.655357073134347434e-01
-1.861991625756191926e-01
5.330327147277944544e-01
7.294015736810079975e-01
6.598899154553361512e-03
1.279054280400488963e-01
-9.583959385194364966e-01
4.348943469650101701e-01
3.250521038091180870e-01
2.380738527261794246e-02
9.531294847166147388e-01
3.940301797150698171e-01
6.479784520602298592e-01
1.229355672266678745e-01
-8.736069785019959788e-01
-9.759575673857707745e-01
-9.686243011527473357e-02
3.298879226429356493e-01
-1.162516443788075282e-01
-2.928313437593788038e-01
7.085857075400769922e-02
0.000000000000000000e+00
-7.863202434587228673e-01
0.000000000000000000e+00
5.244848582703478534e-01
-3.700746208065448517e-01
3.651200076365657132e-02
-6.899743070783488363e-01
