-8.817792096695888926e-01
-6.791490311028711702e-01
-5.096909400520637234e-01
-9.312959250110264264e-01
4.116923875550146938e-01
6.900679278128920568e-01
9.279967935784614319e-01
-1.110685343978869977e-01
-2.781890325335483194e-01
1.778794000356545002e-01
-3.046399284926784023e-01
-9.785619100083797761e-01
-2.160156056929209978e-01
5.805029194237700807e-01
-4.896872414877573298e-01
-4.459836786102191475e-01
-3.101051711469957617e-01
6.319543211743983147e-01
0.000000000000000000e+00
-3.528142707541190859e-01
-5.213246037037393421e-01
-6.863960283579693122e-01
7.504431727984297584e-01
8.864145709906028348e-01
6.072724946173604366e-01
1.269936292387097154e-01
0.000000000000000000e+00
0.000000000000000000e+00
1.133739192200280410e-01
-4.864373769692456051e-01
3.676109050334004369e-01
0.000000000000000000e+00
3.334908880612657001e-01
-3.250157531753963269e-01
9.071120234926897119e-01
7.933156947861801367e-01
2.812452666760756337e-01
-3.957274698423967063e-01
1.000000000000000000e+00
7.762020878193833795e-01
0.000000000000000000e+00
-8.296663009529947619e-01
-4.449621455134427084e-01
0.000000000000000000e+00
6.308012333599257726e-01
8.101748741382395202e-01
0.000000000000000000e+00
4.451657938199378162e-01
2.097859144375073814e-01
6.016040440200689510e-01
1.274517395188841107e-01
9.451118973037113680e-01
-4.037506964323307468e-01
0.000000000000000000e+00
5.109110066564608310e-01
5.895987548963854685e-02
8.089131578831467717e-01
-7.480310912049037420e-02
1.812958391809744718e-01
-6.994613842889600974e-01
-1.403210925976012824e-01
-6.580384163599053426e-01
-9.754821740135872776e-01
-7.923113071694525278e-01
3.985313080745078729e-01
7.707288921673023374e-01
0.000000000000000000e+00
6.324718613379236576e-01
8.078362631167679275e-02
-8.314603106633766672e-02
-9.213357876317573858e-01
9.863929490363803065e-01
2.933323682298032420e-01
-7.076418330914200361e-01
0.000000000000000000e+00
-3.168629804585521015e-01
-3.076344380101758702e-01
-8.419256688632210661e-01
9.218617976748779697e-01
-9.073826578664090370e-02
-7.468824172894530378e-01
-5.671857828238386912e-01
-3.069567293813828535e-01
9.927762073119636987e-01
1.534345257384959194e-01
1.000000000000000000e+00
7.193001108042129665e-01
-9.785250299676604424e-01
3.384413474364738050e-01
0.000000000000000000e+00
0.000000000000000000e+00
3.101677048488205024e-01
0.000000000000000000e+00
2.560753226852179321e-01
-1.419117540412668799e-01
9.702325610931183952e-01
6.275066486747069572e-01
-8.746993784884351530e-01
0.000000000000000000e+00
-7.618528936675756924e-01
-1.957052295449919210e-01
-6.899422910802384123e-01
0.000000000000000000e+00
-8.948362170333628018e-01
-4.078113511210710307e-01
-5.775403384136756912e-01
-6.560868655792511106e-01
8.065849818389561054e-01
0.000000000000000000e+00
7.527142773457027314e-01
-1.908543880987141339e-01
1.000000000000000000e+00
0.000000000000000000e+00
3.084675560191791899e-01
-5.272124466943939325e-01
-7.677069042422330902e-01
-2.203792979061551804e-01
-2.540663942504248762e-01
-4.237208704365906797e-01
-1.602319502907949555e-01
5.215879532188678613e-01
3.268970921816809483e-01
-4.547239250062882210e-01
-1.973603434053923245e-01
0.000000000000000000e+00
9.397668230167650627e-01
-2.984181575818360965e-01
0.000000000000000000e+00
-5.963694706891653485e-01
-1.819292923258142292e-01
7.914443910548667471e-01
-7.963170276329984976e-01
0.000000000000000000e+00
4.916085388425175395e-01
1.000000000000000000e+00
3.966757911306759699e-01
-8.017741260446022977e-01
-4.532805111437243628e-01
-1.007310431009038609e-01
-3.279919468073211331e-01
-4.363781121913807848e-01
-6.908330353433216331e-01
-2.126815665661547783e-01
7.442628875136716449e-01
7.016116595817361024e-01
-2.493878033797991556e-01
-7.960973268042925710e-01
2.917198368817042198e-01
-1.897177952972217696e-02
5.156186839684668843e-01
3.914006880397593591e-01
4.144020937693004836e-01
-2.891166836338485702e-01
5.261465717867066516e-01
-2.675090803197868183e-01
1.542069693047620760e-02
-7.365469525328451894e-01
9.896748305993183781e-01
-9.583728945533420696e-01
0.000000000000000000e+00
6.726863017253206234e-01
-1.479955208753791496e-01
-4.390027042168327398e-01
-1.782600953283002276e-01
0.000000000000000000e+00
9.346861978371483470e-01
-8.411947987873231725e-01
-1.754031055466180877e-01
-4.908902022298391454e-01
-1.398677916029806845e-01
0.000000000000000000e+00
-7.654742734847022056e-01
6.596200821937281411e-01
6.713687969058526051e-01
-8.872395891654210054e-01
-1.997524311766738503e-01
0.000000000000000000e+00
2.251803733941357688e-01
7.632937561267221227e-01
0.000000000000000000e+00
9.610679384879328158e-01
9.722152746362719977e-01
-1.633979472206801287e-01
-3.187368848826324097e-01
-4.970187162809440728e-01
-8.836980493041757256e-02
2.029731906465785940e-01
0.000000000000000000e+00
-8.599746222765001225e-01
9.352887191562024860e-01
8.865730088347767435e-02
8.433675769557524848e-01
3.787273396610071341e-01
6.483098295138400857e-02
-3.433584246171905718e-02
5.075436435639384403e-01
0.000000000000000000e+00
-2.156860469132237945e-02
3.986249353388751082e-01
9.494599169708823894e-01
9.249134818723698803e-01
-5.635482981632689015e-01
8.714361199762714616e-01
9.839962144251279685e-01
9.541972853309628189e-01
7.960631228536867443e-01
-9.563812655127823525e-02
-9.710083637474231644e-01
2.628665708011324043e-01
-1.512599941090289057e-01
1.236265429823832918e-01
-1.717644916589340376e-01
8.404418042282957302e-02
9.720343325570741655e-01
9.021976889449574433e-01
-8.626469200926323300e-01
-8.224295674530091027e-02
6.405872610446472493e-01
9.247817366037225373e-01
-1.245339699903067476e-01
8.581437146204893285e-01
2.280212352545607501e-02
-1.964680740455579944e-01
-2.333405041463716412e-01
2.911280318786328980e-01
3.620127356978188882e-01
-4.037913210847543510e-02
8.721312923333490730e-02
0.000000000000000000e+00
4.047838781632158156e-01
0.000000000000000000e+00
-6.208794671895025985e-01
0.000000000000000000e+00
-1.449730871228134266e-01
5.752513542340986774e-02
8.626381556637938708e-01
-4.283335552732310259e-01
0.000000000000000000e+00
4.035639015322911582e-01
0.000000000000000000e+00
-6.781888284589947524e-01
7.697984782824460748e-01
8.570772098561874053e-02
7.467808787463754427e-01
-9.841586105141633123e-01
3.353514079395591985e-02
-9.000794964068790094e-01
5.676123192597706257e-01
-2.097762699417420329e-01
-4.493768156529038826e-01
-1.642271413403137981e-01
-8.207188123481401476e-01
1.534402874723139742e-01
4.343858009741579096e-01
6.155119781546369850e-01
2.397113314835870312e-01
-3.040304250807785991e-01
8.767340515237189713e-01
8.912430506911785955e-01
0.000000000000000000e+00
7.524331614335961760e-01
-5.365755634160260801e-01
5.782922225139535133e-01
2.723700019363290981e-01
0.000000000000000000e+00
