9.618770485056069575e-01
-3.817683317460931480e-01
0.000000000000000000e+00
8.941120089207101884e-01
9.411883305396402388e-01
5.427276425017593109e-01
-4.824569064214370151e-01
4.937724155227078970e-01
6.306289971729623911e-01
-4.972675424107206865e-01
0.000000000000000000e+00
5.007332511553916898e-01
-9.622989220873165994e-01
0.000000000000000000e+00
0.000000000000000000e+00
4.028538031845456668e-01
0.000000000000000000e+00
-4.395076074558152968e-01
0.000000000000000000e+00
-1.066542900975298025e-02
9.007996012730881130e-01
5.772804407872711430e-01
1.359438860885167077e-01
0.000000000000000000e+00
9.447977631931403497e-01
-6.528701653399393567e-01
3.675319977663089599e-01
8.187406774751466720e-01
-5.430287116201280018e-01
-1.438166816825974248e-01
0.000000000000000000e+00
-4.518892633112081558e-01
7.505119586262238851e-01
-1.311772460321172229e-01
7.843971567883898377e-01
-1.381729124367936379e-01
-8.544820610155205998e-01
1.000000000000000000e+00
0.000000000000000000e+00
-1.569803823722666358e-01
3.758949517555667530e-01
0.000000000000000000e+00
6.089793040388924439e-01
0.000000000000000000e+00
0.000000000000000000e+00
6.648873473696854663e-01
-3.254179519027773360e-01
-8.987714936789255038e-01
0.000000000000000000e+00
8.739630166578298276e-01
8.738798174447828249e-01
0.000000000000000000e+00
0.000000000000000000e+00
0.000000000000000000e+00
0.000000000000000000e+00
0.000000000000000000e+00
-6.295778169601866647e-01
0.000000000000000000e+00
1.261579735813831427e-01
3.176751456396422757e-01
3.990809691039809426e-01
2.267222210487822576e-01
0.000000000000000000e+00
4.395662312658976667e-02
-2.054193623649531730e-01
0.000000000000000000e+00
0.000000000000000000e+00
-5.765027955978498930e-01
-4.172856269730520484e-01
-8.552488224179988219e-01
5.049245116252361054e-01
4.491447999618212172e-01
-4.307081832834775970e-01
-6.853029275749353832e-01
0.000000000000000000e+00
0.000000000000000000e+00
0.000000000000000000e+00
-9.169668997142788047e-01
-2.013849751014680223e-01
3.521452594425127369e-01
0.000000000000000000e+00
0.000000000000000000e+00
1.393949386397645984e-01
5.762357207465580444e-01
-2.196518219765863922e-01
-2.327606237103843068e-01
4.201510827758907496e-01
-5.404492387623305305e-03
6.310456707850893299e-01
8.356268818652115016e-01
1.000000000000000000e+00
0.000000000000000000e+00
8.691745718008170307e-01
0.000000000000000000e+00
7.752943093114876838e-01
3.721908365155000009e-01
3.045959206275692388e-01
0.000000000000000000e+00
-8.117264678205247108e-01
-1.387432844069214077e-01
-9.825654910363190719e-01
-2.956228135871801221e-01
-3.275445235660865428e-01
7.469685053215833204e-01
0.000000000000000000e+00
0.000000000000000000e+00
0.000000000000000000e+00
6.400745066596531530e-01
6.507629763229592079e-01
8.184041230826883950e-01
-7.129152177776061361e-01
7.673385759595150457e-01
0.000000000000000000e+00
6.161686965021353490e-01
-3.226590089717322751e-01
3.028091158130408189e-02
-7.870894718687040381e-01
8.573799412951548238e-01
-6.405931170048835277e-01
-9.837645494563374005e-01
0.000000000000000000e+00
-4.413834047487963375e-01
6.438640113833253853e-01
0.000000000000000000e+00
-9.039579460398912136e-01
-7.249944470307085886e-01
7.752262107225844634e-01
8.937186698394203876e-01
-1.152380105322670101e-01
-2.065307210659352855e-01
-3.773967206630768345e-01
5.456579670206496147e-02
9.518406655724669374e-01
0.000000000000000000e+00
0.000000000000000000e+00
-1.572771070478395927e-02
7.664926912693381666e-03
-2.295615659995799973e-01
-9.060997268463442111e-01
-4.342330796303128793e-02
-1.671595307213515902e-01
8.596598887285278323e-01
-4.756476613511133600e-01
-6.936217006763594206e-01
-3.250913351354653980e-01
5.604988573560074627e-01
1.786867504988198796e-02
-3.135578377398604566e-01
0.000000000000000000e+00
3.300716657685034416e-01
2.486457291073698173e-01
1.000000000000000000e+00
7.172254097233248249e-01
-6.060547494298915705e-01
-3.820499709516211873e-01
-7.919034363609591676e-01
-7.080044634813080773e-01
5.329174557677009982e-01
7.794563800566800538e-01
-5.404497683648101791e-01
0.000000000000000000e+00
1.204557971743827061e-01
-6.803739782119462287e-01
1.947710165373301994e-01
8.317470334264442933e-02
-7.879133951826045035e-01
-3.445577941448314530e-01
-8.082926741315226149e-01
-5.136640839567607753e-01
-7.696702354025402038e-01
-8.470469295515927755e-01
-5.835109292551130533e-01
-3.024480928398751711e-01
0.000000000000000000e+00
1.000000000000000000e+00
6.669823046470835237e-01
3.032623296186285344e-01
-2.903940324641223203e-01
4.376807858555606945e-01
3.772887358378240741e-01
8.732464077604322750e-01
8.464976942361499557e-01
6.931582501342388181e-01
7.251167496366752729e-01
0.000000000000000000e+00
5.359772333085430773e-01
-6.455209280305382880e-01
-1.746648926454648088e-01
7.343519360230330584e-01
-8.688586707493421990e-01
5.575201656736794575e-02
7.976823402055908119e-01
-1.751980209026862134e-01
-1.005737969850839519e-01
-7.740449695740754255e-01
-5.160801280434288429e-01
3.942189657344197240e-01
-3.902516575126839804e-01
-9.995774086419371152e-01
7.485868394442474205e-02
-4.204894237392142742e-01
7.338479928652712481e-01
0.000000000000000000e+00
0.000000000000000000e+00
1.695312101716452968e-01
-5.852405781053411360e-01
-7.937595718574494974e-01
4.558540405158182374e-01
7.460348647650780762e-01
-9.282906583851844307e-01
-5.333774183498616317e-01
-4.822384200309712821e-01
2.536347712655597775e-01
2.591958662201998553e-01
8.973214752896756519e-01
1.043492067146654101e-01
-3.821739068995126942e-01
0.000000000000000000e+00
-5.151335543294075503e-01
0.000000000000000000e+00
8.753358529027503998e-01
-6.207830471460036303e-01
6.935441523365539762e-01
-2.308740393153951853e-01
1.523490296531431198e-01
0.000000000000000000e+00
6.494918034400072315e-01
7.101147795459115120e-01
0.000000000000000000e+00
3.049202816099372271e-01
-8.164475066406182702e-01
6.770592861207183066e-01
0.000000000000000000e+00
0.000000000000000000e+00
1.410111798766313651e-01
2.511628166029251652e-01
3.017010738458285601e-01
-7.618642519654903467e-01
6.897350237421633334e-01
0.000000000000000000e+00
3.890857662342970258e-01
-4.324508997965752499e-01
0.000000000000000000e+00
1.000000000000000000e+00
7.516985747360040993e-01
7.576783089238536828e-01
3.351789321836982083e-01
-3.287474238603993459e-01
0.000000000000000000e+00
-7.761845589604778883e-01
-9.180057768358782511e-01
0.000000000000000000e+00
0.000000000000000000e+00
-3.563756680254475118e-01
9.010037941056157074e-01
7.183280902140141144e-01
7.987409515197401166e-01
9.029981221546026227e-01
7.165010110699299162e-01
5.220678565288972006e-01
-3.577196406604292722e-01
4.701735550149570564e-01
0.000000000000000000e+00
0.000000000000000000e+00
7.302629355403786882e-01
