5.744310819060878259e-01
6.965271210539882851e-01
7.004057328827477669e-01
-2.528667720548396503e-01
-9.923737174341655809e-01
0.000000000000000000e+00
0.000000000000000000e+00
-2.336726769525583336e-01
-1.717801807117522728e-01
-1.337399854688849921e-01
0.000000000000000000e+00
-9.375952098710995664e-01
-9.998778799679761686e-01
-2.332327349181362308e-01
3.328734110746252028e-01
-5.523652023715734938e-01
7.635113773851551766e-01
0.000000000000000000e+00
-5.784967642262883736e-02
-2.735891992011310059e-01
-7.431829188663332530e-01
-7.399756850853387302e-01
5.566232694148418592e-01
-9.189439382464252848e-01
-7.437215559530983011e-01
-8.589503046568074396e-01
5.486540029033770693e-02
1.348438174674890799e-01
-9.136722089063893382e-01
-4.195976355710191452e-01
-2.227112699888562641e-01
-3.359569854657182830e-01
4.013698913601602136e-01
-3.916218538256452941e-01
-6.641188005317495424e-01
4.486265303356895551e-02
-8.499008068767195390e-01
-2.955129376416294473e-01
5.654391718479552242e-01
-9.608944096992162454e-01
-7.502838774185363047e-01
-6.946490941115712747e-01
-4.151803234827582401e-01
-1.808987478942030158e-01
8.494011790115802985e-01
-7.825418915208128823e-01
-1.122068011237997709e-02
8.910628537796396742e-01
-1.814653011723821319e-01
6.430413636135341449e-01
0.000000000000000000e+00
8.122641100019616367e-01
1.390738031306002487e-01
9.385644504577941305e-01
-3.915568287547237514e-01
0.000000000000000000e+00
6.390611587927470527e-01
4.304074393076067206e-01
7.423447125491233756e-02
-1.748555872905188657e-02
1.932095290103983398e-01
-4.075640241467428648e-01
-4.607569765774366388e-01
1.885456254666943998e-01
-1.020426454539835603e-02
1.620240906016456872e-01
1.092693273224676354e-01
1.329704131090234664e-01
6.987338678992822683e-01
6.477307196247179544e-01
-6.390547481270123509e-01
-1.346728532577208259e-01
-9.860144836309865379e-01
4.885325530825768148e-01
0.000000000000000000e+00
7.781337581546796667e-01
-2.010405187521360215e-01
3.771269358367563829e-01
8.125605585937873965e-01
-2.327743248869047488e-01
-2.625866585068157288e-01
-9.090334046342793961e-01
7.808749902082730010e-01
-9.798315973253364231e-01
-9.582916805142420724e-01
2.165176898715159837e-02
7.252295116367268868e-02
2.721891349159777374e-01
0.000000000000000000e+00
6.172421336523692403e-01
1.161166533241024812e-01
-6.303371022209043328e-01
5.537100694051921845e-01
4.687963849773186809e-01
1.224503414557842618e-01
-1.814705156636442496e-02
-1.388219703077400169e-01
-8.237495756152655169e-01
6.437002880360929158e-01
2.461831356591288600e-01
0.000000000000000000e+00
-2.761971863975334340e-01
-5.414293609570417498e-01
8.263064193199971541e-01
0.000000000000000000e+00
-3.948824272529369850e-01
0.000000000000000000e+00
-9.634659635042244208e-01
-3.711756055142827471e-01
-8.252064537875303252e-02
9.076254691159548749e-01
4.480898623699665073e-01
7.939084019731088571e-01
-4.377859679333124809e-01
-6.933106885147100051e-01
-8.683055959457544049e-01
-8.888853652914820991e-01
-3.123102899463561233e-01
-1.820399737532536477e-01
-2.193280955974652446e-01
9.341289787639670550e-01
-9.951322371622184360e-01
-5.540905349013274250e-01
-6.808206728639631944e-01
-1.210247738191931877e-01
1.490259304455145983e-01
-6.370778762805235917e-01
-1.710895319374348134e-01
-4.533429716934960219e-01
1.138388677501582791e-01
0.000000000000000000e+00
1.077279306214622423e-01
-6.776623324733657139e-01
1.087976921807709552e-01
-7.794424940004989200e-01
-6.165518575255157785e-03
5.620489887138591101e-03
-3.096139021250767787e-01
-6.626914554278848790e-01
7.562405340978834989e-01
9.900386338589983737e-01
0.000000000000000000e+00
-8.079027209778977259e-01
-4.553137779330418411e-03
-4.136307128867584559e-01
7.767913946733462360e-02
2.893273021804021461e-01
-6.299063093421137793e-01
-3.541164703990142826e-01
-8.571961782778665384e-01
3.269775204987022121e-01
7.455029326565449921e-01
2.925795669367259322e-02
6.372581931362584218e-01
-2.118439736958686037e-01
-2.898214140194688149e-01
-6.729369906612421293e-01
0.000000000000000000e+00
-2.047452810277874402e-01
-9.700792010851868596e-01
0.000000000000000000e+00
0.000000000000000000e+00
-1.316144605792834987e-01
9.327523140188322959e-01
5.271722720539195883e-02
0.000000000000000000e+00
-4.752328966581007563e-01
-1.755571737532446441e-02
0.000000000000000000e+00
-3.611632672642743902e-01
-2.612391269895362189e-01
-1.142461615546734865e-01
-1.237052689900681735e-01
2.818713743419767326e-01
9.965223380759171690e-01
8.167054980209762505e-01
8.756374312769776846e-01
-3.795520058028087895e-01
-7.898983665370111762e-01
-9.085976380796501051e-01
-6.492996602291167818e-01
-8.909512892433364417e-01
-4.732290788590063357e-01
4.709701972282811511e-01
4.319255992891293250e-01
-9.890006446109651517e-01
-9.523379234750339872e-01
-9.231930921594311279e-01
5.628246855146625816e-01
3.461611565913857991e-01
6.390141684529428989e-01
-1.422592106198772299e-03
-9.533596284716290281e-01
8.128139393643885047e-01
-8.464477593931793997e-01
7.005548399525445280e-01
-3.268678807633631500e-01
-5.181987752409529246e-01
-8.486290806527481134e-01
-8.605975959654141860e-01
-2.885925865348670794e-01
-6.679184979546908263e-01
-1.761509673006931287e-01
7.472778140640294886e-01
8.452204056652183883e-01
2.433507355172892517e-04
-1.743842087520319772e-02
-3.702384349576022249e-01
-8.027064707359570228e-01
1.165606990280427802e-01
-8.807135138272808028e-01
-9.901274152092351954e-01
7.722372184513170978e-02
8.525587809370636094e-01
-8.305798098858885314e-01
-3.274984679288217571e-01
-7.288189034016023804e-01
1.453679706850050657e-01
6.394499812238658709e-01
8.062662219096501381e-01
-7.878308941688119127e-01
-2.093135078877819133e-01
3.903666466162130089e-01
2.774289853230187397e-01
6.552086945971165033e-01
1.919361212424242069e-01
6.540724857849951057e-01
5.810218901655046508e-01
-5.528331208740198122e-01
-5.017042709775687559e-01
-8.711422638309884725e-01
1.123923487548068589e-01
-2.998127956185667742e-01
2.828722711505049503e-01
-5.645857823154039057e-01
5.553928981132496556e-01
0.000000000000000000e+00
-6.928888093178351415e-01
2.434249768445844175e-01
1.147019473036601234e-01
7.243432268458824819e-01
3.622509295997649037e-01
-3.426118583803523521e-01
5.876951470449078840e-01
-3.523208474564727410e-01
2.772523652146821060e-01
-4.436826108337299512e-01
0.000000000000000000e+00
2.383672881544378619e-01
2.510604440800690007e-01
3.560455943834162085e-01
5.922539278477818581e-01
-1.484818653135391298e-01
7.453045206620600993e-03
6.273687732422414953e-01
3.623650938930595977e-01
-2.193712491450032775e-01
1.290834211947275989e-01
0.000000000000000000e+00
-8.934351331029990462e-01
4.374576647433530141e-01
0.000000000000000000e+00
6.524223573885401528e-01
5.527184656438173249e-01
6.002967747087517569e-01
