-8.585733689845478356e-01
-2.034627254942849017e-01
-2.944016331123235908e-01
1.000000000000000000e+00
7.662540969760704979e-01
4.267672820920822563e-01
4.665148981941205086e-01
0.000000000000000000e+00
2.759473569261932102e-01
-5.777308761338872944e-01
9.618028643600067262e-01
-3.501771244320706078e-01
0.000000000000000000e+00
-1.776293412719927023e-01
0.000000000000000000e+00
0.000000000000000000e+00
5.384684551442215916e-01
7.004423970767899021e-01
0.000000000000000000e+00
-4.272768801396984450e-01
-7.139011890571373975e-01
0.000000000000000000e+00
-8.555826940408151060e-02
1.000000000000000000e+00
0.000000000000000000e+00
-9.660277930412388692e-01
1.000000000000000000e+00
0.000000000000000000e+00
0.000000000000000000e+00
0.000000000000000000e+00
6.262420556966221685e-01
0.000000000000000000e+00
-7.493036415908644887e-01
0.000000000000000000e+00
8.912172527467892014e-01
1.000000000000000000e+00
1.868937316549545979e-01
1.000000000000000000e+00
-6.962558820750579525e-01
1.000000000000000000e+00
1.966438071976546187e-01
9.094644113465544244e-01
2.995709011300176083e-01
-8.387375447957794439e-01
2.954474366329478130e-01
-5.564845857289542064e-01
-6.482850799258161878e-01
5.314508092856842225e-01
-5.368070346738917920e-02
-7.645332073278006124e-01
-8.137884464071942769e-01
0.000000000000000000e+00
0.000000000000000000e+00
5.388803962745158938e-01
-6.177438907786052535e-01
0.000000000000000000e+00
-4.397744579967115541e-01
0.000000000000000000e+00
0.000000000000000000e+00
0.000000000000000000e+00
0.000000000000000000e+00
0.000000000000000000e+00
0.000000000000000000e+00
-2.622752536115486865e-01
-9.609599815192271244e-01
0.000000000000000000e+00
0.000000000000000000e+00
1.284941609599477008e-01
5.137481038264368749e-02
0.000000000000000000e+00
6.793175106590816359e-01
-3.670430472237986574e-01
-2.695461902580622571e-01
-8.860137971396704337e-01
6.444884661779228807e-01
0.000000000000000000e+00
-6.370113122247749171e-01
0.000000000000000000e+00
-7.604166315908611473e-01
1.000000000000000000e+00
0.000000000000000000e+00
-8.570603728809265132e-01
-8.969264552236255739e-02
-2.637632931363631528e-02
7.820251910643702953e-01
0.000000000000000000e+00
1.000000000000000000e+00
-7.355741689154677854e-01
6.362150637981984769e-01
8.848958892211755689e-02
-4.496018525514837716e-01
0.000000000000000000e+00
0.000000000000000000e+00
1.000000000000000000e+00
1.023306823146319378e-01
-6.128284135884485284e-01
5.284883831643463203e-01
-5.801955658999540244e-01
0.000000000000000000e+00
-7.624373242166215814e-01
-7.836838794563607546e-01
-8.365161382185519745e-01
0.000000000000000000e+00
0.000000000000000000e+00
0.000000000000000000e+00
0.000000000000000000e+00
-4.159813757829096126e-01
0.000000000000000000e+00
4.538079857246759552e-01
0.000000000000000000e+00
1.000000000000000000e+00
5.806725693521010978e-01
2.349236545907451568e-01
4.178781252465142426e-01
0.000000000000000000e+00
-1.114886342443048850e-01
0.000000000000000000e+00
8.237179435940717998e-01
1.000000000000000000e+00
-8.339375292099691084e-01
-6.515878939320891572e-01
-5.356820851643906423e-02
0.000000000000000000e+00
-6.386183069078592567e-01
-3.343285199795587026e-01
0.000000000000000000e+00
0.000000000000000000e+00
8.733294815750622941e-01
-3.288654126703038916e-01
4.104532039701989099e-01
-6.224845690647164975e-01
-4.479541307447871823e-01
1.000000000000000000e+00
-6.962694182528106346e-01
5.533447290115611761e-01
0.000000000000000000e+00
0.000000000000000000e+00
3.278790066434185135e-01
0.000000000000000000e+00
-7.199113781535901868e-01
-3.237777909560031198e-01
0.000000000000000000e+00
-1.678732590714495654e-01
7.606882450522425287e-01
6.706160052891705359e-01
-3.138694474737291351e-02
3.747047198378214983e-01
-8.139405960164736165e-02
0.000000000000000000e+00
-6.834615356432833799e-01
-1.518031560923205348e-02
-9.364418697557064242e-01
5.185416263059827724e-01
6.019738260120026663e-01
9.924412325453504380e-01
2.781165659091127118e-01
0.000000000000000000e+00
0.000000000000000000e+00
0.000000000000000000e+00
-9.921984037022884007e-01
-9.556398644698549383e-02
9.149779854184960648e-01
0.000000000000000000e+00
0.000000000000000000e+00
0.000000000000000000e+00
-8.887581148277892140e-01
-6.401870842866357325e-01
-6.078718302346362012e-01
1.664737984759638856e-01
4.272513976539222824e-01
0.000000000000000000e+00
-6.356141205760588164e-01
2.776885601602050446e-01
-7.821420636151255046e-01
0.000000000000000000e+00
0.000000000000000000e+00
5.964298970709631664e-01
-6.854704941260718609e-01
-4.620541464205452087e-02
4.131826045926236812e-01
6.437245099961868000e-01
4.830143907150588056e-01
5.628791817632690098e-01
0.000000000000000000e+00
0.000000000000000000e+00
-6.450530792542492620e-01
0.000000000000000000e+00
9.689034130666827060e-01
4.640569135824688107e-01
0.000000000000000000e+00
1.000000000000000000e+00
-2.312004437704529014e-01
-4.609977521736512429e-01
4.468956678805342531e-01
8.165559715177057587e-01
-9.721354678145648354e-01
-8.826298141362753924e-01
-1.257309814470966014e-01
0.000000000000000000e+00
-6.138832205709254808e-02
-3.622523596323099504e-01
5.186233488672833403e-01
-5.277529266447889000e-01
0.000000000000000000e+00
7.762143956905069864e-01
6.910537495588757739e-01
6.632659622886427631e-01
6.013826829427482146e-02
6.129443334459734327e-01
2.580608758305185102e-01
-2.810838662166899038e-01
-4.271224455260254071e-01
3.462863570321750295e-01
7.292673778332992018e-01
0.000000000000000000e+00
-4.854012803475304949e-01
2.304195930836518968e-01
1.000000000000000000e+00
-8.025842126945113009e-01
0.000000000000000000e+00
-4.041434565670745105e-01
0.000000000000000000e+00
-4.032783665448378407e-01
-4.535248834230514170e-01
5.403563817166761041e-01
-4.664387773716627272e-01
0.000000000000000000e+00
7.394298915961330376e-01
9.276248868708849571e-01
-4.257641589014016237e-01
0.000000000000000000e+00
-6.129153955747801419e-02
-1.833427240039200434e-01
0.000000000000000000e+00
0.000000000000000000e+00
-1.623044901241006421e-01
0.000000000000000000e+00
-2.470434741822584712e-01
0.000000000000000000e+00
0.000000000000000000e+00
-5.901641972712843298e-01
0.000000000000000000e+00
0.000000000000000000e+00
5.175224325386940105e-01
1.000000000000000000e+00
7.178664276356521157e-01
2.250679606074994510e-01
-6.412214546239143331e-01
-3.850850053199517120e-03
0.000000000000000000e+00
-2.447146349300122203e-01
-5.408135291999573990e-01
0.000000000000000000e+00
8.632766726748892783e-01
9.400189493896462523e-01
1.000000000000000000e+00
-4.814395448857515802e-01
9.610737263579562928e-01
7.265763746220743613e-01
-8.835974665674644069e-01
0.000000000000000000e+00
3.453902210572037390e-01
-3.067576680553902868e-01
2.130146570730877542e-01
-6.390870113581534895e-01
