-6.775391521989337917e-01
-2.186923277264531951e-01
-3.421243170992795957e-01
7.829229902293324272e-01
5.128339485365920325e-01
-5.769828161183978565e-01
0.000000000000000000e+00
2.506603721477180802e-01
-7.960341966778456957e-01
0.000000000000000000e+00
-1.284842130612613431e-01
-6.518093016830981412e-01
-3.528037878812435579e-01
-9.771102926089345608e-01
5.658593559866200717e-01
4.375047087584333916e-01
0.000000000000000000e+00
-9.329170695509116928e-01
-4.449867664403148737e-01
1.122979839003717117e-01
-5.970868599244825159e-01
1.273844531061107954e-01
1.346716877489169129e-01
9.599802928063716490e-01
1.653244012450834077e-01
0.000000000000000000e+00
3.881271550279017379e-01
4.125635923472548150e-01
-8.687765355345442586e-01
1.155137212701262683e-01
5.978019464506496572e-01
8.246199567568004429e-01
-3.371569971116139541e-02
-1.515145303324774151e-01
-3.978744904970568097e-01
-9.579481590041325489e-01
-2.343745987306287137e-01
0.000000000000000000e+00
9.907246297960967674e-01
-3.898163525306914678e-01
-6.575566488409445576e-01
0.000000000000000000e+00
2.910047815712932806e-01
0.000000000000000000e+00
-4.293928088192402459e-01
-5.364985732462572710e-01
-4.875106802215070090e-01
8.424824890936744026e-01
0.000000000000000000e+00
9.018056745254661166e-01
4.312359197295267954e-02
-4.343403167426262979e-01
-3.479822267584233852e-01
1.013573178354620907e-01
6.482160492613209257e-02
-9.323591937563713294e-02
-2.951486883108425108e-01
5.940430816597075392e-01
6.831062164641512613e-01
0.000000000000000000e+00
7.026115231421492524e-01
-7.251785116848501467e-01
4.299013970416325492e-01
-6.484770537369215493e-01
5.693023012162989893e-01
9.030339098910489248e-01
-4.471919576927034790e-01
0.000000000000000000e+00
0.000000000000000000e+00
0.000000000000000000e+00
0.000000000000000000e+00
0.000000000000000000e+00
-1.049810937528048438e-01
5.295161646484500828e-01
5.669506469015994643e-01
-6.084701798048812726e-01
-8.055258275046437433e-01
1.433305962437714243e-02
4.406814732780617305e-01
-7.017827639335127987e-01
-7.860163033670104493e-01
0.000000000000000000e+00
8.000065208097633107e-01
1.451044294083354558e-01
0.000000000000000000e+00
-2.233614984619420873e-01
0.000000000000000000e+00
0.000000000000000000e+00
6.983560802955670610e-01
-4.237236127514607542e-01
-7.344450573722784981e-01
0.000000000000000000e+00
7.440279925819415219e-02
4.095537576563874627e-01
5.063768083135491427e-01
5.373148771056499573e-01
-4.020485841556993289e-01
-5.897645576129395550e-02
0.000000000000000000e+00
-3.323610311711151510e-01
8.202364683353580155e-02
-7.234824009483924456e-01
-3.944259855140686000e-01
-8.536464551221909502e-01
5.468349811898303159e-01
-9.389097846347649323e-02
3.971420477392268999e-01
-1.126875118346686300e-01
4.817784288976583174e-01
8.029635408405000341e-01
-1.493451701126533582e-01
-5.482471713295913318e-01
0.000000000000000000e+00
1.263470416477434632e-01
8.780478071304294030e-01
-5.786392415027579172e-01
6.981991610711322238e-01
-1.369357614968680359e-01
-1.083486825244912577e-01
3.318987777980186848e-02
0.000000000000000000e+00
2.040428551044952687e-01
1.786732098882035658e-01
3.379683697486135507e-02
4.428219918852502879e-01
-1.953086801193411048e-01
5.146634948792658815e-01
-5.413342100890221609e-01
-2.140758331295662398e-01
2.705447447758120294e-01
-9.140437592658690047e-01
0.000000000000000000e+00
0.000000000000000000e+00
4.150746586909166425e-01
-1.113538583326041387e-01
1.062373510651097863e-01
1.338118116578157490e-02
0.000000000000000000e+00
5.417453206050848458e-02
0.000000000000000000e+00
5.895975258561558796e-02
6.901625160110029800e-01
9.618186322773880637e-01
5.396446177816316414e-01
6.478713354296499194e-01
3.471961303543391608e-02
-6.998540488054982855e-01
0.000000000000000000e+00
5.683088187478615438e-01
-8.433786492462600481e-01
-7.619619677435329752e-01
8.065516123313996033e-01
7.052367710707609927e-01
-8.593136525170663731e-02
-8.242335624912506820e-01
6.859951913967492487e-01
9.844734882374706064e-01
-4.048066938415644245e-01
-3.868576460396608852e-01
-7.105851689867306309e-01
0.000000000000000000e+00
8.053324959587315757e-01
-5.548082088688026658e-01
1.332519146243105190e-01
-3.282231145945211370e-01
-9.070581976655200940e-01
-2.258310026633059131e-01
9.564862965144644846e-01
1.000000000000000000e+00
0.000000000000000000e+00
3.988486273103544200e-01
-2.573829064610113626e-01
1.156240245296269453e-01
-8.277739747205314913e-01
-8.966025422568535408e-01
-1.671205543076492717e-01
8.439299279467737946e-02
-6.092390025397114162e-01
0.000000000000000000e+00
-5.632470717860360576e-01
6.190765856017708124e-01
5.723948208215627886e-01
-5.748217358293179480e-01
4.873074388184672756e-01
-3.376114969373367192e-01
8.613829157093262356e-01
-4.828938423146631465e-01
0.000000000000000000e+00
0.000000000000000000e+00
-9.354715809605136378e-01
0.000000000000000000e+00
-6.239186330687778170e-01
0.000000000000000000e+00
0.000000000000000000e+00
0.000000000000000000e+00
5.969737685388512016e-01
-2.692437710998871747e-01
2.343025537127969571e-01
8.327401197332373606e-01
5.688388675500886116e-01
2.293743326162678287e-01
3.213248447022216681e-01
8.887574364086889833e-01
0.000000000000000000e+00
-7.818159989217103867e-01
8.847834383752513077e-01
-2.140200864033172667e-01
-9.186374525013731862e-01
0.000000000000000000e+00
0.000000000000000000e+00
-1.722552250053732692e-01
2.689841994303090456e-01
0.000000000000000000e+00
5.236050715426703306e-01
-8.535835508425260176e-01
4.883509483564612008e-01
-7.077479383166573879e-01
-4.864004247264219760e-01
9.263744996992517855e-02
5.108531409557339753e-01
2.679645086067572457e-02
0.000000000000000000e+00
7.609164062146114293e-01
-8.160376968570643985e-01
1.000000000000000000e+00
9.268856076178999537e-01
-6.458637449733051206e-01
-3.851153102449078602e-02
3.516234934814597146e-01
-3.815120958636315507e-01
6.161988806143428032e-01
1.888168811720414286e-01
-3.966709662520917501e-01
1.746209441407302609e-01
-4.264585553923705419e-02
-3.259552599519088822e-01
1.209028004223633435e-01
2.077471146163460958e-01
0.000000000000000000e+00
0.000000000000000000e+00
0.000000000000000000e+00
-2.260180121061099445e-01
-2.893067045565973494e-01
7.274506175332984270e-01
8.592023393169485601e-01
0.000000000000000000e+00
9.836102233077406165e-01
0.000000000000000000e+00
4.146977718918614109e-01
-7.298419688654154136e-01
-8.327269479636050242e-01
-3.454541780164575027e-01
0.000000000000000000e+00
0.000000000000000000e+00
0.000000000000000000e+00
-9.610674024083640798e-01
-6.997812308165098916e-01
0.000000000000000000e+00
1.000000000000000000e+00
0.000000000000000000e+00
0.000000000000000000e+00
-6.947557007204845370e-01
-1.787342749068041581e-01
5.960146981011280598e-01
-2.360802594512196873e-01
