-4.523772343272800533e-01
-1.020703337156101398e-01
-9.990373137863441944e-01
-3.114613872707661102e-02
1.640839158892453131e-01
6.573939746500179204e-01
0.000000000000000000e+00
-1.772144452016581884e-01
-4.498802804686190537e-01
0.000000000000000000e+00
4.051083252453329120e-01
-3.418853013893905501e-01
3.051898275881272937e-01
-5.800230359338955921e-01
-2.307167978506918793e-02
0.000000000000000000e+00
9.617892598982515917e-01
-9.297208093007085505e-01
7.990042557363168374e-01
-9.696927923033422658e-01
0.000000000000000000e+00
3.922992945409844445e-01
6.823695061842027787e-01
-2.463151021422256282e-01
5.268498406867792028e-01
-4.908452551435495970e-01
5.690661087425008535e-01
-2.311578119703816547e-02
-8.888341159259005586e-01
3.006453772562289739e-01
1.624679930400589889e-01
3.603603686172045517e-01
3.283157613667933017e-01
-6.905929038950855414e-01
0.000000000000000000e+00
-3.524981412575511897e-03
-3.144610210841769504e-01
-6.270449608252692819e-02
0.000000000000000000e+00
-9.237993221994660331e-01
8.456167697198382349e-01
0.000000000000000000e+00
1.459795952740869929e-01
1.607814903129038964e-01
0.000000000000000000e+00
0.000000000000000000e+00
3.186450879710469586e-01
-6.973923338236638347e-01
0.000000000000000000e+00
9.251392072585769011e-01
-2.296574111997689016e-01
-7.930919158453759721e-01
4.993936815142818730e-03
-2.961993181321409541e-01
-7.287499636012262361e-01
9.583497726056142696e-01
-9.183665060423649162e-01
-3.526152701736553485e-01
3.672095258466123724e-03
-6.622400821920881864e-01
0.000000000000000000e+00
-5.054288833125062386e-01
0.000000000000000000e+00
1.447840214912572421e-01
6.641344652084293365e-01
-9.380182191118955348e-01
1.354724148930219751e-01
-8.007362310953083373e-01
-7.998531524537790816e-01
1.576190717486172232e-01
0.000000000000000000e+00
-9.091083917831288552e-01
8.651780474301953294e-01
-6.982392868268005870e-01
-1.736002915881980080e-01
0.000000000000000000e+00
-2.544671553121835572e-01
4.449970909169382871e-01
-4.792024603489839496e-01
6.257634172193882183e-01
3.886696248563441536e-01
-1.096767506759279698e-01
0.000000000000000000e+00
-4.259849316107011674e-02
3.628949276758257625e-01
1.098784953782521168e-01
0.000000000000000000e+00
1.160618475344570300e-01
2.387129417491602457e-01
-7.005588871071655177e-02
-3.437172975072022574e-01
8.919336885310622520e-01
7.227508512018552267e-01
-9.570903042073362066e-01
0.000000000000000000e+00
8.339999073012782649e-01
-5.660065355611083593e-01
-6.404167106652591812e-02
0.000000000000000000e+00
6.558216989187390933e-01
0.000000000000000000e+00
3.592461869023364507e-01
-5.191036670850484036e-01
4.770782805706232921e-01
4.680115954873194095e-01
-1.513189036277298172e-01
0.000000000000000000e+00
-1.106157195949184491e-01
4.050253140812487551e-01
8.809223371020560300e-01
0.000000000000000000e+00
-8.758049671268288705e-01
2.687502741477119095e-01
0.000000000000000000e+00
-8.698723004593720276e-01
4.043310388045309178e-01
1.836083475820953215e-01
-1.873985788273497821e-01
9.195712084445859524e-01
5.846184377243066610e-01
0.000000000000000000e+00
-1.802610246226581392e-01
-1.057876579420014007e-01
2.006095702980070783e-02
-7.033261080177406477e-01
-7.129158758467804002e-01
1.022052721354425042e-01
0.000000000000000000e+00
-4.418182457980588396e-01
-2.540211639960114898e-01
5.097490279885101838e-01
6.595547119255600332e-01
-9.315373908660162794e-01
8.276352910255841966e-01
-9.877930530858800573e-01
-3.129046227530185575e-02
-5.061906514816687519e-01
0.000000000000000000e+00
2.659221195094843004e-01
-4.564684863866776965e-01
-1.387413508436801113e-01
9.460037827147034228e-01
-5.581576804810506331e-01
-3.876736020763456025e-01
-5.662046692897697575e-01
2.973673346728562539e-01
-7.444907988526252574e-01
4.611813730107339193e-01
3.591625984585655740e-01
4.135313484417717511e-01
5.219465572635586526e-01
1.677723752896069787e-01
4.881724610731104086e-01
-7.498883528910038621e-01
-2.827947911640804612e-02
0.000000000000000000e+00
2.398935267515058811e-01
-8.207463181177654388e-01
6.495319508870847081e-01
-8.772269417548261838e-01
5.333205467267332356e-01
1.873513049838066991e-01
7.217911902243536737e-01
-7.340878391977447848e-01
-4.232462249864685777e-01
-9.235532496109384315e-01
-2.639378604869224709e-01
-1.042727378759562562e-01
3.535483046348697478e-02
4.326612728969836397e-03
0.000000000000000000e+00
-2.110830639521061869e-01
0.000000000000000000e+00
7.874675637275476703e-01
-7.346746427410444369e-01
8.271389173201719736e-01
1.786906931726597314e-01
1.487483397781570460e-01
0.000000000000000000e+00
4.855056624178237801e-01
8.912538448975861893e-01
-3.942259954284024204e-01
1.801626376881388936e-01
-1.831111887186052112e-01
-5.853428735467276489e-01
6.363106842879768799e-01
8.684017910102006521e-01
4.948197080753655719e-01
1.415994735675196736e-01
-4.577812662027809232e-01
3.141963245342238586e-01
2.723478196853499345e-01
-3.878698944938610005e-01
6.797357958346310625e-01
-5.283875286214079203e-01
-1.640722375850145465e-01
-2.896515707719893307e-02
5.182991518738262471e-01
0.000000000000000000e+00
0.000000000000000000e+00
7.009729241446460701e-01
1.682811631464224966e-01
-2.810986444099705661e-01
7.574958755030580804e-01
5.854437769434011063e-01
-9.773484958703406722e-01
3.916239661211906586e-02
0.000000000000000000e+00
-1.805159769671205172e-01
0.000000000000000000e+00
0.000000000000000000e+00
1.387966080480509401e-01
3.901631141887074161e-01
-6.798946295427310549e-01
0.000000000000000000e+00
5.961165654286353366e-01
-1.004077560541218883e-01
0.000000000000000000e+00
-1.628980849717980295e-01
0.000000000000000000e+00
-2.662754634529265196e-01
-3.519867962181226773e-01
1.352700144271825611e-01
-5.435599476633745653e-03
-9.869623796770607971e-01
-9.958022007193068070e-01
-5.624259982805683844e-01
0.000000000000000000e+00
9.027570363965939926e-01
5.366513290945147396e-01
5.495497341628439170e-01
-9.188901605405161988e-01
7.217844089488483217e-01
4.893290977363531358e-01
3.160752135781379479e-01
-4.689786293710285214e-01
-8.241118907436297825e-01
-8.828149821104802619e-02
2.837106154059321206e-02
5.728553875226511938e-01
-9.184655955102316582e-01
4.519929651635072876e-01
9.576908239966042125e-01
6.447147348853459192e-01
4.809886097512889869e-01
-3.800197311784259124e-01
0.000000000000000000e+00
0.000000000000000000e+00
6.751457302905528035e-01
-2.000969462785500141e-01
-9.786931108568188709e-01
-8.389061893482079313e-01
1.432291222243062823e-01
0.000000000000000000e+00
-5.909585296774735319e-01
-4.292574971042442122e-01
3.954083108728985163e-01
5.877767660752653001e-03
7.557675657282352244e-01
7.552539889614648949e-01
7.313817547755421256e-01
0.000000000000000000e+00
-4.324130637439644875e-01
3.504593945942167110e-01
-3.453014445102853269e-01
