1.741887907309607186e-01
0.000000000000000000e+00
-8.460657722519231427e-01
-6.003759111646895796e-01
-8.011919293827121091e-01
0.000000000000000000e+00
6.635271306384844525e-01
0.000000000000000000e+00
4.299488055042333112e-01
-2.043477586402442370e-02
-9.559217420785020014e-01
-3.154705117893774613e-01
-2.162179282554277382e-01
-5.226013447204604923e-01
0.000000000000000000e+00
0.000000000000000000e+00
-5.900865198654385857e-01
0.000000000000000000e+00
2.954687388881260812e-01
-9.504306413280807497e-01
-7.230872221937123534e-01
9.384702130993500813e-01
-8.962225387679574329e-01
3.755747259828050577e-01
1.064897118556280553e-01
6.243420165264588206e-01
8.599163146286399328e-01
4.673273682885994429e-01
-4.278576492252310626e-01
8.746465287331324223e-01
-2.554479109530849446e-01
4.900087493713169984e-01
5.799265576991019522e-01
-6.522200304957970207e-01
-5.450037204594204709e-01
-3.332682495589038840e-01
9.137560387583616439e-01
7.558472275274130681e-01
-8.790014359756457285e-01
-4.498330652304076693e-01
-8.956443538291876116e-01
1.932773713042335029e-01
6.971246514459987775e-01
2.673379153182766643e-01
2.806196798642246470e-02
-7.853170718895596814e-01
4.613705892035553369e-01
-5.037835927688563142e-01
-4.054431298403364803e-01
4.593019377841007778e-01
5.736140986889237681e-03
4.914694759921851563e-01
9.320353473349034523e-01
-2.002966785537874106e-01
7.020701382615286423e-01
-5.406341412240875943e-01
5.093247128023354886e-01
-8.556638945645096417e-01
-3.643711835878622463e-01
-7.679470046708514186e-01
-1.278848486388515227e-01
-8.516666678521733758e-01
-7.952101124060253490e-01
8.694860152349594973e-01
-7.294127799790923738e-01
-8.232593337789639865e-01
-5.477427343714851293e-01
-2.621161247842702657e-01
-2.541239717949936860e-01
-9.704185898815966826e-01
-7.522772706634299755e-01
8.298548246678483231e-01
-9.409254366581953910e-02
-9.632241431359960249e-01
9.545564330712434931e-01
9.659153752631530754e-01
9.904620848818352918e-01
-5.350434889837210051e-01
-9.757302501794100635e-01
4.218619888038777077e-02
1.521976240713684980e-01
-4.779987439817046102e-02
-3.976406690452216619e-01
-4.369213465049717193e-01
6.171196460006387330e-01
-2.485829875960059443e-01
-3.418208402367186594e-01
4.679940474881019163e-01
-7.533212499893937597e-02
7.280350904805257262e-01
5.757819384692464126e-02
-7.265379094588597653e-02
6.366380658423962391e-01
7.329014632630226345e-02
5.422719114379834782e-01
5.168368425152032319e-01
8.549374460034275813e-02
-6.643969155812130545e-01
9.007520391976884255e-01
3.665547887757600876e-01
-5.541827341622156400e-01
6.833520989667722922e-01
-2.449884911791786468e-01
3.121738653234298333e-01
-3.280821479089741644e-01
8.124509611943948606e-01
-9.957743051754321950e-01
5.950812801091476256e-01
-8.839797014696753052e-01
7.309360866088530084e-01
-4.271846586198857487e-02
4.105783466397527892e-01
9.948033243743270582e-01
-9.467977280284283204e-01
-9.851953907542010391e-02
4.338312748290087395e-01
-7.083809923085331306e-01
3.506237817733774964e-01
9.208537898216566653e-01
-1.430761346493159003e-02
-9.083212234962703135e-01
-7.979638757628340073e-01
0.000000000000000000e+00
-8.745989409722034758e-01
-8.365077353351750844e-01
7.445869493960401986e-01
2.959365848031130231e-01
-6.169534247361323498e-01
0.000000000000000000e+00
7.607925937194131016e-01
2.669171390285982604e-01
6.985692594233765540e-01
0.000000000000000000e+00
-1.403645461181157739e-01
-4.375008669140767470e-01
4.890014655116952103e-01
-3.644654866208489885e-01
9.584649486688310294e-01
3.930239654693521434e-01
-2.388418671176861796e-01
2.154135800175762672e-01
-2.634227890286073848e-01
-5.377279547204212307e-01
-3.822948253690161557e-01
-2.577102008808940248e-02
9.301098588000233924e-01
2.193793285548029104e-01
0.000000000000000000e+00
8.259496666213292926e-01
8.602322910577280268e-01
5.633664444055115350e-01
-4.599757738512439964e-01
8.518259998633617158e-01
-3.955434240350195196e-01
0.000000000000000000e+00
-4.079574940548869044e-02
1.698690149730626153e-01
-9.949089559197363819e-01
-5.531962109065402533e-01
0.000000000000000000e+00
-2.090220308164145724e-01
-4.839526427543752174e-01
1.444188808356026144e-01
-8.618800459857800522e-01
1.385487976086758888e-01
-2.470124274743898951e-01
-5.708858719477400978e-01
9.568890439449351248e-01
-7.502188648378189662e-01
0.000000000000000000e+00
9.467382643867223724e-01
5.938576257767129718e-01
-4.657476615570190770e-01
8.638399054037393388e-01
9.819951478656772093e-01
3.932061166007800868e-01
0.000000000000000000e+00
-4.959933149163986421e-02
3.800755433874638545e-01
-8.880682213845207951e-01
3.560694980496308393e-01
0.000000000000000000e+00
-4.219678662389141355e-01
-3.001941841539499389e-01
5.999245143711284811e-02
7.585784119617913213e-01
1.546326353304041668e-01
0.000000000000000000e+00
-5.438357417017940509e-01
-7.110274694460774203e-01
-5.161017073074356531e-01
-7.611310717289978545e-01
-6.582073823337748486e-01
0.000000000000000000e+00
4.420477781571627851e-01
0.000000000000000000e+00
0.000000000000000000e+00
-1.960354644788879774e-01
2.355595545396287349e-01
5.787996989363688449e-01
5.917140877689330836e-02
7.045812628493486329e-02
1.661069534295935846e-01
0.000000000000000000e+00
7.817653280815184402e-02
-7.976883681753559330e-01
4.542771548478923282e-01
0.000000000000000000e+00
1.000000000000000000e+00
7.419904723297920945e-01
-8.807936671841243292e-01
1.516549809189655651e-01
0.000000000000000000e+00
-2.740691184620152043e-01
7.766505912437164927e-01
-4.162230060938854059e-02
-3.795360260238100913e-01
7.723237416878732109e-01
3.490887911960682821e-01
0.000000000000000000e+00
0.000000000000000000e+00
-1.267007398737982626e-01
4.560479279187901192e-02
0.000000000000000000e+00
-7.347258452934655182e-01
-8.715549229878498672e-01
0.000000000000000000e+00
3.365096154564757303e-01
0.000000000000000000e+00
3.022067030878303751e-01
-5.424888886487402306e-01
5.366529723649644534e-01
-9.640424335301176484e-01
0.000000000000000000e+00
7.683668382321113821e-01
-4.682198766654916966e-01
0.000000000000000000e+00
3.682349665800179750e-01
4.150986421456681619e-02
-9.124225129989058658e-01
-1.324249007072935136e-01
-9.261599770179342883e-01
-4.704668355318448736e-01
9.060462415992400764e-01
-8.706448471566912151e-01
-1.991499399367624434e-01
4.081881547339893945e-01
-1.904163838458849956e-01
-2.260075227779241303e-01
-8.655211902571522398e-01
-5.955443122314019178e-01
1.568080481765989909e-01
-2.043114996798556238e-01
2.841744098312155575e-01
7.020847274634356427e-01
9.963356428778888940e-01
-6.164364669414874598e-01
-2.669110017610722974e-01
6.521345968435281470e-01
-1.809696563323948126e-01
-3.780362250913975597e-01
-1.026976586907875078e-01
6.492513917006748070e-01
-6.703614918177263071e-01
0.000000000000000000e+00
