1.548672535783901516e-01
-5.309829591978711960e-01
-1.241785850697241234e-01
0.000000000000000000e+00
-2.943960771041547186e-01
-5.316144313715676084e-02
-5.966922819539948186e-01
-4.185135374571224975e-01
-1.509201108509738987e-01
-4.435765399711721901e-01
4.582079124398905634e-01
-9.396255432151956466e-01
2.775764699231129118e-01
6.051288065138964445e-01
-3.477580473351835622e-01
-6.169761566534686104e-01
-7.601869490843133903e-01
-8.451590525694219203e-01
5.843081585868015182e-01
2.060735606261296926e-01
-9.697478973541830971e-01
-9.340906936864246113e-02
1.973714007115152658e-01
-3.612500679700323403e-01
-9.303269458380536427e-01
-1.580043965827746533e-01
-2.928281238998415859e-01
9.445385803772627931e-01
-2.805192973891450503e-01
8.450657540098565068e-01
0.000000000000000000e+00
1.487032193456305773e-01
-7.480670907826707516e-01
6.156208161933813816e-01
-8.196770820579186712e-01
1.144249835046291519e-01
-8.054557069554102444e-01
-8.148235652039390597e-01
-1.788911131488046813e-01
-6.873900100709229299e-01
9.839018481518881920e-01
0.000000000000000000e+00
7.943025424275809154e-01
9.130302381262322964e-01
5.158544846409676143e-01
2.915117298931204637e-01
-5.403341155055763068e-02
0.000000000000000000e+00
3.387357312369982942e-01
-6.839976233379987391e-01
6.009168731147918052e-02
-1.729673474155251078e-01
3.093361474487932306e-02
4.262754901574958843e-01
3.780733139517657992e-01
1.395256641723583435e-01
5.776420945671292273e-01
6.504236973051302773e-01
-8.152540353221306990e-01
-7.098531462923409752e-01
-9.056499919059342041e-01
-6.791363811150636920e-01
9.179554995617738022e-01
-3.808768672665596711e-01
-1.219948211292372076e-01
-6.931256996202139753e-02
1.288135882333032445e-01
-4.410473461684198959e-01
5.573646517069188455e-01
-3.366561367578866371e-01
0.000000000000000000e+00
6.069820883684924340e-01
-9.977150933091540885e-01
9.541610446891413133e-02
-8.138194396370495021e-01
7.679211528846134893e-01
-8.612824924586317543e-01
-4.655470453495742511e-01
5.375117908004938272e-01
1.817200147892927831e-01
3.339206901470812561e-01
-1.738939832388455287e-01
4.109215221239748139e-02
-5.934529240727215438e-01
5.375420315785861547e-01
-1.964694420520538554e-01
8.810883220768783719e-01
3.723584004392175295e-01
6.922881018181878954e-01
-7.086015349466245894e-01
-5.768834055364162605e-01
4.111634359614770862e-01
-5.641150664708709517e-01
4.341054329982307891e-01
1.013962948244346851e-01
9.488727402915924092e-01
-5.560740224872584569e-02
4.866005658227123831e-02
-3.147718773599996744e-01
7.726834897801948543e-01
-6.147878998223803571e-01
-7.985014266253704918e-01
9.007575529791940205e-01
9.252116858972412317e-01
-3.540369080262903978e-01
-6.702879605439187038e-01
-2.068402748584887707e-01
-5.389862637633520137e-01
-8.463477124336193924e-02
2.916763981433079245e-01
-1.199216488660017621e-01
1.280572216574591415e-01
-2.623270880027088747e-01
4.012631461704074809e-01
-1.916699546421527511e-01
-4.431053389692640732e-01
-1.492130192248810605e-01
1.560160818339206834e-02
3.181680313123571580e-01
9.989126651067070650e-01
-2.807768250742868066e-01
1.067674549700756703e-01
-6.524400319263341519e-01
0.000000000000000000e+00
5.522817664370955892e-01
-1.840511007952039257e-02
-5.197839633341470034e-01
-7.466234226551944353e-01
-1.890115081418335397e-01
-5.206333494072898915e-01
7.212654202116421942e-01
-1.432224774638495290e-01
8.406635372626645175e-01
6.759293569395818935e-01
7.545379275384878071e-02
-8.119172630501254595e-01
4.538224944718278753e-01
-2.851417122640236279e-01
9.991991642803184082e-01
2.709191139469222520e-01
3.459627930330984036e-01
-9.892809809071589910e-02
-8.699431436383380234e-01
-7.590523214698603471e-01
-1.455042403402497797e-01
-5.804284756653326216e-01
-9.982209174429830245e-01
6.806906935066225905e-01
-1.195852559127255077e-01
3.749964310607376561e-01
9.724744503311313348e-01
4.421435306572139012e-01
-2.144345981736430762e-01
-3.287391521115186066e-01
-4.048717478219210353e-01
-2.523774027589831270e-01
-8.296066957266738928e-01
-8.085504909451719513e-01
-3.548602697292042585e-01
-3.196982076851502264e-01
6.082810730153511702e-01
-6.885791188701884113e-01
7.046723211956018584e-01
-5.639724945954394109e-01
-9.695183622733223316e-01
1.502953275023497515e-01
-4.597307915071426887e-01
-5.570679415080503905e-01
1.848071095535186448e-01
-5.417700937352922796e-01
-6.534732097923536820e-01
0.000000000000000000e+00
6.053129679960487231e-01
7.427084795025853392e-01
-4.754179932748887616e-01
-2.206300350075056649e-01
-8.004386232293048131e-02
-4.331028780429662106e-01
0.000000000000000000e+00
-3.346213800741182354e-04
-7.653881198297345367e-01
3.249252807360925033e-02
-2.144096674441691164e-01
9.729322104963267215e-01
-2.510070375098281126e-01
-9.586322913988645222e-01
1.530262502599937235e-01
2.461448480170878028e-01
7.789415397390810902e-01
2.856179218406666998e-01
0.000000000000000000e+00
-3.649181309600093570e-01
-4.451903864170221325e-01
4.399864996329423406e-01
1.002539248853162590e-01
-1.561998320337192325e-01
6.003193330957172780e-01
5.055414965922295778e-01
0.000000000000000000e+00
-6.695785499976394384e-01
0.000000000000000000e+00
-2.540855029669224496e-01
-3.385748129581152011e-01
-5.706570881522967653e-01
-9.214304903031240723e-01
1.385229455128034193e-01
-9.067530750574048781e-02
1.046269284736791594e-01
9.164880298618069965e-01
8.833405729679293383e-01
-2.313314604544296493e-01
-3.074867974227668554e-01
4.271961773353909475e-01
-3.905099336091613083e-01
-5.466024951710506397e-01
2.044734107534185164e-01
-5.763496325013428567e-01
3.318400192963300022e-02
4.947337718267783568e-01
0.000000000000000000e+00
-9.954923399743018653e-01
-1.701434687857186212e-01
0.000000000000000000e+00
3.573738580896612671e-01
-8.735329607357615878e-01
0.000000000000000000e+00
4.612878678183680581e-01
9.013672690284804112e-01
3.029862524858724093e-01
0.000000000000000000e+00
-3.750817760798648148e-01
-3.867680162547944001e-01
3.779467888279659515e-01
-3.056432399933877164e-01
0.000000000000000000e+00
1.399344523450516409e-01
-8.808020825150122413e-01
-2.594916091566787930e-01
-6.621557577189525201e-01
5.830494007259172662e-01
-8.747787878468906708e-01
3.918597371723662182e-01
-4.984853157563842174e-01
7.783465374466200792e-01
-7.483161531351876228e-01
-9.026886336499486685e-01
3.332645773536941913e-01
-6.827310538077850932e-01
-7.373347095352671410e-01
6.470423409566743445e-01
7.119456733220437261e-01
0.000000000000000000e+00
6.502051952419687364e-01
4.864759381564891516e-01
0.000000000000000000e+00
7.799401838698321043e-01
-5.415127879063437177e-01
7.345705050145781012e-01
7.690365085715213933e-01
8.403456261298938301e-01
-2.595182978877397240e-01
8.873785431600287321e-01
9.162119715701155798e-02
-2.736399946348819778e-01
-6.354757160216912837e-01
