0.000000000000000000e+00
8.334947635992995263e-01
0.000000000000000000e+00
3.188462034862604710e-01
0.000000000000000000e+00
6.240299728322058481e-01
3.578845417702669618e-01
0.000000000000000000e+00
0.000000000000000000e+00
-4.570848171582422292e-01
3.524116131315535583e-02
-7.590257467008960646e-01
1.904908923332397919e-01
-8.183478755065387578e-01
3.695799986905028423e-01
1.000000000000000000e+00
0.000000000000000000e+00
-4.968647877522944789e-01
2.406104663029964286e-01
6.112226358848362739e-01
4.015554097624314256e-01
-7.743853407963370294e-01
3.344794708952563145e-01
3.320327133342819703e-01
1.000000000000000000e+00
7.912577062680414830e-01
-2.172062441582376380e-01
1.222480585265544040e-01
1.000000000000000000e+00
7.149529739142808094e-01
2.187424185538726640e-01
6.582338531558029615e-01
1.000000000000000000e+00
5.743706997935722480e-01
1.146046682376886672e-01
-4.019782682538302065e-01
-3.933096253754877480e-01
3.940056991653304586e-01
0.000000000000000000e+00
1.000000000000000000e+00
1.000000000000000000e+00
9.257199974774152906e-01
-6.409421016523020320e-02
-9.975927197282317138e-01
-3.301717591537054464e-01
0.000000000000000000e+00
2.570213846019961945e-01
1.367836930775965243e-01
4.984039636533497131e-01
-6.328380397937272139e-01
-6.282383407925025143e-01
-7.706872814836236429e-01
0.000000000000000000e+00
-9.077562330794428647e-01
-1.057516923836185896e-01
2.449593038092650055e-01
8.207451102156397837e-01
-7.028557548933269672e-01
0.000000000000000000e+00
-5.295367056866917554e-01
0.000000000000000000e+00
-3.773291799506259814e-01
5.393496769752403885e-02
-6.986465245853170636e-01
0.000000000000000000e+00
0.000000000000000000e+00
8.547171170188909706e-01
-1.052207468324244388e-01
1.667005353598891570e-01
-7.107421174642372108e-01
4.085608325678162789e-01
0.000000000000000000e+00
-1.197689658097633725e-03
3.575958640556902157e-01
-1.932772394092858725e-01
1.000000000000000000e+00
-8.992853609626871858e-03
0.000000000000000000e+00
-8.453211602442249895e-01
-4.547972511082694069e-01
4.035321854501452421e-01
2.606864034285027998e-02
6.717986670082563005e-01
1.000000000000000000e+00
-1.118452229795743325e-01
0.000000000000000000e+00
6.217657901979807278e-01
-6.764884101748869227e-01
-3.203046785330012636e-01
4.850436683054919484e-01
0.000000000000000000e+00
5.679188131673573725e-01
4.902384624405953240e-01
1.878335345816604107e-01
4.842415647632296594e-01
2.933844992548162445e-01
0.000000000000000000e+00
0.000000000000000000e+00
-4.163955874775737698e-02
0.000000000000000000e+00
0.000000000000000000e+00
0.000000000000000000e+00
0.000000000000000000e+00
-5.283534133683738254e-01
1.369979054609624658e-01
0.000000000000000000e+00
0.000000000000000000e+00
0.000000000000000000e+00
1.000000000000000000e+00
0.000000000000000000e+00
0.000000000000000000e+00
-2.899169396044987135e-01
0.000000000000000000e+00
-5.151589259021351896e-01
0.000000000000000000e+00
-6.268414014546617175e-01
-9.847772509628587301e-01
0.000000000000000000e+00
5.763755571520279286e-01
6.048733897149674021e-01
-4.073999936071803774e-01
1.000000000000000000e+00
-3.395760762022277390e-01
-2.782278873377499462e-01
7.303145771930135144e-01
-7.852291339080064159e-01
-8.938878233909819393e-02
9.471063150880005832e-01
3.389053160450374858e-01
-4.656457798954525273e-01
-9.885287286355568526e-01
8.942509548020514121e-01
-4.729578366133746492e-01
5.027401888665070651e-01
-6.849258683329579878e-01
-7.223517599705366887e-01
-2.317287874549671667e-01
8.907563399307623087e-01
-7.507939708886817165e-01
0.000000000000000000e+00
3.407344410328831952e-01
3.384840611643451513e-01
-7.892441685909257210e-02
1.161455954487911058e-02
-5.943294899006852372e-01
0.000000000000000000e+00
1.693908786959599233e-01
0.000000000000000000e+00
9.117358002669724293e-01
-2.612947475689315624e-01
-9.259229071682517631e-01
9.657202724941842398e-01
-5.878393225604239269e-02
4.021682947877105452e-01
-1.882321163719868906e-01
-3.805792294945045118e-01
8.253305255279819175e-01
2.959966007764813778e-01
0.000000000000000000e+00
0.000000000000000000e+00
-9.556646942677855527e-01
1.846249384708245067e-01
3.193366851258934158e-01
-2.488860628888094340e-01
1.000000000000000000e+00
4.948742943712216569e-01
0.000000000000000000e+00
5.319867782165832448e-01
6.445235448422919067e-01
2.224843175034929565e-02
-8.034543005069296751e-01
-8.641742600884425585e-01
6.443085700437889418e-01
0.000000000000000000e+00
1.516534455206952625e-01
4.519572362438217805e-01
-8.715261912510079423e-01
0.000000000000000000e+00
0.000000000000000000e+00
-4.438618999722887537e-01
5.756661368333415574e-02
-1.431417456276533606e-01
2.564798451765606391e-01
-7.682146711307651366e-01
7.251814210884639511e-01
5.191607901980110906e-01
5.237176625988240186e-01
-4.196347741158290567e-02
-7.152457268073164620e-01
-2.157300043828709324e-01
0.000000000000000000e+00
-3.826635607897814761e-01
0.000000000000000000e+00
0.000000000000000000e+00
-1.697088334309870827e-01
0.000000000000000000e+00
-7.909224983182625568e-01
0.000000000000000000e+00
1.000000000000000000e+00
1.189327278307021896e-01
0.000000000000000000e+00
7.836424456413597639e-01
0.000000000000000000e+00
9.556077116761332313e-01
2.434221630882327236e-01
-2.864624306438312562e-01
8.778039539660076329e-01
5.150356842394945289e-01
1.397367661166772912e-01
-4.411078099272225383e-01
-2.688649529311308850e-01
-2.388416269623843124e-01
-4.533953711682376930e-01
-6.126442832441811870e-01
-2.999564578202591481e-01
9.030094153553913650e-02
0.000000000000000000e+00
-5.767819516937415791e-01
0.000000000000000000e+00
-7.138199215573879375e-01
5.934299208950453153e-01
-6.311199484775380508e-01
0.000000000000000000e+00
4.906311126648168486e-01
0.000000000000000000e+00
8.413629803442728150e-01
-1.659104000641358212e-01
1.476210364477430481e-01
-2.104374525443948318e-01
-7.421908636954015481e-01
-7.156020288559978848e-01
0.000000000000000000e+00
-7.174175985870370198e-01
0.000000000000000000e+00
-1.052259641595003625e-01
0.000000000000000000e+00
3.665038958437103478e-01
-6.316467293138012806e-01
0.000000000000000000e+00
0.000000000000000000e+00
-2.077901894626206225e-01
5.072617597774664588e-01
-9.204539204141171105e-02
9.012766099877336234e-01
0.000000000000000000e+00
0.000000000000000000e+00
-1.891218342943197239e-01
0.000000000000000000e+00
0.000000000000000000e+00
-6.487244967823655450e-01
8.218785129796886135e-01
-2.535495831175917925e-01
1.530149339351518645e-01
8.521408394073328729e-01
-2.020191039883085793e-01
1.290839214033259186e-01
1.000000000000000000e+00
-8.035691202523618237e-01
-9.363085279463010391e-01
1.000000000000000000e+00
7.931533834680140060e-01
0.000000000000000000e+00
0.000000000000000000e+00
-8.961730556368663336e-02
-2.359879356794631899e-01
