-7.830086452742770486e-01
-7.318584894820958642e-01
-2.306771951067425608e-01
9.554120616840735547e-01
0.000000000000000000e+00
0.000000000000000000e+00
0.000000000000000000e+00
0.000000000000000000e+00
7.044456676362491621e-01
0.000000000000000000e+00
2.362352160505181153e-01
-4.183378303331355408e-01
2.811924469169455598e-01
0.000000000000000000e+00
3.901084228527089692e-01
9.530432482086248491e-01
-9.082726964674003867e-01
-6.120507938996098130e-01
6.252472903231467427e-01
1.336924949105202653e-01
-9.467101357036100673e-02
-6.856509107574346729e-01
-2.321276128776152969e-01
-5.515890210850638020e-01
0.000000000000000000e+00
0.000000000000000000e+00
9.274566870034921529e-01
0.000000000000000000e+00
-8.153306994468254576e-01
0.000000000000000000e+00
-1.049562554619523080e-01
0.000000000000000000e+00
3.438876744135559438e-01
-3.862545471954701437e-01
0.000000000000000000e+00
0.000000000000000000e+00
-2.233025346791044363e-01
7.639698804307104574e-01
0.000000000000000000e+00
8.256632843740279171e-01
3.520296666891005177e-01
4.960828385586679712e-01
4.662700127008327922e-01
1.218071698279479254e-01
-3.723564045745519913e-01
3.619764895435968466e-01
1.000000000000000000e+00
-5.052422408386143537e-01
6.095848614902585894e-01
6.889694614135781769e-01
0.000000000000000000e+00
0.000000000000000000e+00
-1.005558342356291934e-01
-5.757753445838724726e-01
8.364221002308149799e-01
1.525959643298533397e-01
-5.039798218379565320e-01
8.354327639205345601e-01
-8.691664530471192585e-01
4.127650243137044317e-01
4.534608273116194077e-01
4.755877422767167406e-01
-5.415638375510933855e-02
-3.997228852410297240e-01
0.000000000000000000e+00
5.194465792657914083e-01
1.017489849481467701e-03
-9.458871253912000121e-01
3.886397693016587773e-01
4.577488156542433018e-01
5.815112006102141073e-01
-4.844494591666914651e-02
3.637628114931401591e-01
2.125232903140799046e-01
5.836628376278514274e-01
-4.620756494737576769e-01
-5.632346719253624734e-01
6.808153406055761359e-01
-4.782242851552147567e-01
-9.603365057918955561e-01
3.605328049454392669e-01
5.688814618205821905e-01
7.298936000733406981e-01
9.669747113438007524e-01
-8.498448512642891028e-01
8.891942660174259050e-01
-4.323587885804944797e-01
0.000000000000000000e+00
-4.341603064174066606e-01
-8.184703242534121514e-01
0.000000000000000000e+00
-7.041142571064387123e-01
1.143067615166153406e-01
-8.732471805127135500e-01
5.199735904499338535e-01
-9.952848109264347265e-01
-5.609415296226281100e-01
-6.664741791892487832e-01
-7.667295020799920202e-01
-9.996378656729196788e-01
0.000000000000000000e+00
-8.627268700852464001e-01
-7.655070718893848269e-01
-9.975421769486649826e-01
6.658834171442926664e-01
-6.816405853398244119e-01
-1.782716111498339195e-01
5.481958920734910645e-01
0.000000000000000000e+00
-2.760956790386743798e-01
6.672797738847675575e-01
2.669500598427247962e-01
-7.289795659446871579e-01
4.097553645045026727e-02
0.000000000000000000e+00
7.846912363848068672e-02
-4.547571145271951387e-01
-5.762468546079932974e-01
0.000000000000000000e+00
-2.156542702731376604e-01
-6.075165426013451331e-01
-4.497260926500670219e-01
1.934375281594158391e-01
7.121162028993217596e-01
3.202430089377141798e-01
2.162964894597250165e-01
-2.980113046468677584e-01
-5.301407643766113953e-01
3.499859334117536580e-01
-2.844484224874592737e-01
-4.032437610358785562e-01
4.855815213582037604e-01
1.000000000000000000e+00
6.941509594158459251e-01
-7.577486200046061882e-01
5.239380820883456913e-01
7.848611612841605023e-02
0.000000000000000000e+00
6.165876866688917435e-01
0.000000000000000000e+00
-3.473450557429802465e-02
-8.647342331881413546e-01
1.122641730200950594e-01
-3.921737344834475003e-02
6.528678040138891081e-01
8.163299656680660377e-01
-7.356473220326062989e-01
8.171154145127810242e-01
0.000000000000000000e+00
-9.667800115486127055e-01
0.000000000000000000e+00
6.226467641222328542e-01
5.871839814550152692e-01
-6.928598726224828308e-01
4.763847733708748144e-01
8.594868460512525843e-01
9.069043409517603127e-01
0.000000000000000000e+00
6.851514744106035337e-01
0.000000000000000000e+00
0.000000000000000000e+00
1.724730302356818346e-01
3.220808734571285470e-01
5.261239458577031680e-01
-4.820242036342152758e-01
-5.441200448806240431e-01
-8.721162797150510126e-01
4.251631466450855878e-01
0.000000000000000000e+00
-9.571479523005219647e-01
3.050511207298221006e-01
-4.957338980046133159e-03
9.860066329316237166e-01
0.000000000000000000e+00
7.205362912973942713e-01
5.680758951369622167e-01
9.145030048077882334e-01
4.426412948757907362e-01
9.680103190916720113e-01
-8.345182449456289842e-01
6.304376430962668199e-01
-2.118445925783238870e-01
0.000000000000000000e+00
3.028523966486429408e-01
-6.593319952864762357e-02
-2.069656321076842609e-01
0.000000000000000000e+00
-2.657050598027690391e-01
8.193260945917086868e-01
1.000000000000000000e+00
-3.333628444905343269e-01
2.650605070003326791e-01
5.838446620802670850e-01
-5.982824836314879491e-01
-8.747170002901927255e-01
-8.306880483752692168e-01
-5.441142381575247988e-01
-7.078052893246558064e-01
-9.437321106051750341e-01
1.860663390925616500e-01
-1.225218325714352297e-01
7.336164555465454207e-01
-6.605969988319106978e-01
-1.934490760932991993e-01
2.946165078149027838e-01
8.806525750584359713e-02
-3.550571741549799487e-01
-5.821300155221358352e-01
-4.920519062392669785e-01
1.700882707531850002e-01
-8.191653485679142310e-01
-5.033335401795520081e-01
-1.083365560153515261e-01
9.683455976703589929e-01
0.000000000000000000e+00
-2.391785009306930387e-01
-8.916731295051851802e-01
2.349285297883900725e-01
0.000000000000000000e+00
-2.219808218802366007e-01
-4.348591194993218778e-01
-2.270428124106704804e-01
2.014490491522669124e-02
4.322066088056442101e-01
-3.759078185901139069e-01
-6.869379044796024569e-01
0.000000000000000000e+00
-5.168895561154129847e-01
0.000000000000000000e+00
-2.204178039895554608e-01
4.709557390047327541e-01
2.460685220736325007e-01
2.345873836316307859e-01
1.925582297681189825e-01
0.000000000000000000e+00
-8.089091749976535795e-01
0.000000000000000000e+00
0.000000000000000000e+00
-4.342242691344235794e-01
-5.769884790380088724e-01
1.267171261154660389e-01
-1.563555346966394310e-03
0.000000000000000000e+00
0.000000000000000000e+00
0.000000000000000000e+00
7.242708321158612961e-01
-3.443782863525370885e-01
-3.325284639396639541e-01
-1.388980327611044618e-01
1.963731187950050749e-01
-9.411316229575441561e-01
2.272845120632669413e-01
0.000000000000000000e+00
7.906515783332483949e-01
-6.583340107352635417e-01
0.000000000000000000e+00
2.055046426269742099e-01
6.873057794759325212e-01
-2.054143171284743552e-01
-2.787111906945161088e-02
-1.218265741022681592e-01
0.000000000000000000e+00
-7.800653913513937443e-01
3.419246020856949730e-01
-2.454243145492096545e-02
