2.085333289746222896e-01
-9.756565039132645278e-01
-2.473164287722673382e-01
-2.281001852001569574e-01
3.710536433086388808e-01
1.000000000000000000e+00
-3.444077396046563155e-01
-1.928617216436112614e-01
-2.172978084403289767e-01
7.621575866196717008e-01
-7.572180737286544616e-01
-8.650180547833981048e-01
-2.008566999335692493e-01
7.502244717772394988e-01
-9.965684559707979062e-01
9.164632192999611071e-02
-8.724127437628101944e-01
1.576781056820295568e-01
5.494653241304985336e-01
4.429381529778306792e-01
-1.335500415007426778e-01
-4.207614008588014265e-01
-5.715732898924705818e-01
-3.482829430613876287e-01
-5.006590470662128922e-01
-5.096540724032454506e-01
9.004899769996907999e-01
6.165665595177503011e-01
8.158148693264828388e-01
2.390440311579544730e-01
8.582962029276042237e-02
5.277176054118148940e-01
-7.628717964958771081e-01
0.000000000000000000e+00
7.961209824287187597e-01
3.083358256912418494e-01
-5.644368884545813980e-01
-9.336049857441797162e-01
-4.076583742709680713e-01
-3.591989170641696205e-01
0.000000000000000000e+00
6.679109470630550938e-02
5.141206254317920443e-01
7.913780727943000581e-01
0.000000000000000000e+00
9.288749880482596311e-01
6.879180218000413571e-01
-2.490574746680724871e-01
-5.730678832521540755e-03
3.857996629425985979e-02
-7.285636889415758599e-01
6.780610474135007060e-01
1.218492224681921865e-01
6.187232235254263024e-01
3.557549068453993435e-01
-6.058071276813392636e-02
-5.174667193875599480e-01
3.014007735024502033e-01
-4.880653451645069474e-01
0.000000000000000000e+00
2.676475386154719693e-01
-6.055419364141652050e-01
8.991691733629965100e-01
5.873760471231235236e-01
8.554207431719815791e-01
-1.694434838484439876e-01
7.027985455186958053e-01
-1.869119060919754993e-02
5.314115721750982679e-01
0.000000000000000000e+00
-7.485139660217512425e-01
-4.761927691629725956e-01
8.638848355363286657e-01
2.398454255879496344e-01
1.436565996704002313e-01
7.449838391382563874e-01
-7.382547782126922531e-01
-5.970875773348407467e-01
-8.617904179577065005e-01
-7.442070895716297319e-01
8.626856465564805010e-01
-7.268964647766587017e-01
-6.057226082385391841e-01
-2.876506955345137229e-02
7.440525470079695225e-02
-4.049609329333136998e-01
-6.659715039461433506e-01
7.652577145254089164e-01
-6.147568950783561803e-01
4.736071281135409983e-01
9.747195913224042663e-01
-5.805074709545492428e-01
-1.492027816385625982e-01
-7.105643220201680599e-01
0.000000000000000000e+00
-4.354813026101098661e-01
9.659162344481166951e-01
6.926235859425304842e-01
4.998929024372233965e-01
0.000000000000000000e+00
2.305057579449187877e-02
-9.472913976399615077e-01
-7.522276087453010351e-01
8.252907544288998754e-01
1.082223876390326911e-01
-7.336307872325675827e-01
-8.802194132404488336e-01
5.921734054232070665e-01
-7.132655340511220299e-01
5.930292378426902378e-01
1.651877908574295173e-01
-3.029481505764000104e-01
-7.216535485313928522e-01
4.571989953068125168e-01
-8.923531681044833963e-01
2.382130229687806633e-03
-4.325770320669473090e-01
9.378955015561170061e-01
6.116461413417006998e-01
8.398758968850110751e-01
6.337447363819330715e-01
-2.012008978368722278e-01
-8.018629927707723315e-01
-5.933223710985611188e-01
-8.527915473174974004e-02
-1.264210009501309795e-01
3.482672790323881884e-02
-6.597488069325652127e-01
8.568148730245455091e-01
1.178783837553927238e-01
1.369125435631264320e-01
-5.569611436214561007e-01
-1.516096746295088060e-01
-8.881874838913617065e-01
4.832087039353716307e-02
5.460818894726049422e-02
-5.015937236360294982e-01
9.277587558325852690e-01
-8.942081491055278164e-01
-4.717273058858162393e-02
2.288744068047778857e-01
-9.953955415690818320e-02
4.742799484356559070e-01
5.637273320107332175e-01
9.079282880166452685e-01
-7.729383931547944009e-01
9.103625408512794337e-01
0.000000000000000000e+00
-8.951629174793547250e-01
-7.535695259660850631e-01
9.203246545122221178e-01
-7.433205826227660129e-01
-1.235210198703518003e-01
8.419032029273634254e-01
-5.936900930773452156e-01
9.142010653932808317e-02
1.012204701137509044e-01
-5.370536765049145345e-01
-6.591197178864653949e-01
-4.364239946802466186e-01
-5.550051342930111264e-01
-1.003349767589563069e-01
1.303740646798134950e-01
8.080129230470489698e-01
7.545732541835272755e-01
6.282569629272307665e-01
-1.563484640570791395e-01
-8.657783167055337348e-01
1.648751808582713529e-01
-4.506587325126898413e-02
-3.427349248397235648e-01
8.055232598783033104e-01
0.000000000000000000e+00
-2.491316724583760855e-01
7.538488913056222707e-01
-1.851823156559035954e-01
-9.803730866083861795e-01
4.495215396954321818e-01
2.836734378833860593e-01
3.351765448369321554e-01
-2.263037478164737770e-01
-3.573829011877920347e-01
-8.955580217825083178e-01
-8.301413867225149179e-01
7.266677092664797222e-01
5.757097811177414037e-02
3.741816715190438014e-01
-8.401406706743463904e-01
0.000000000000000000e+00
0.000000000000000000e+00
9.468400910027252593e-01
0.000000000000000000e+00
-4.752152854618543198e-01
-1.993195053590008925e-01
4.233292656462765979e-01
1.000000000000000000e+00
-5.416097093142335783e-01
0.000000000000000000e+00
-3.872061504237371832e-01
-4.774721562530417351e-01
5.260234551046760743e-02
0.000000000000000000e+00
-9.790319445842949886e-01
-3.415648770339498874e-01
-5.027630144207528851e-02
-7.192426540906893262e-01
-5.397615929497099341e-01
-6.283537861181738293e-01
3.756248121908716264e-01
-7.968299869263861801e-02
-4.551618828258117144e-01
-1.074789107902809349e-01
0.000000000000000000e+00
-1.233284142302861763e-01
-7.690808365130106239e-01
0.000000000000000000e+00
3.842911211039863328e-01
7.722977324147601852e-01
3.939179672385066944e-01
-3.611345381593233927e-01
-4.628891143880238257e-01
7.822792276814438672e-02
-8.138468165500301055e-02
0.000000000000000000e+00
8.204539053162929196e-01
-2.760898409112564345e-01
1.820403668260617280e-01
7.616312610428015439e-01
-9.431395901720058816e-01
-6.433430174897836196e-02
-5.960916298331793151e-01
6.060316273064414450e-01
0.000000000000000000e+00
0.000000000000000000e+00
5.750298896833778706e-01
2.528945749703461754e-01
-7.547951054759416412e-01
6.752550928690497223e-01
6.362682168912130454e-01
5.236986067053863714e-01
-8.501967816190032501e-01
0.000000000000000000e+00
-4.827358765412776975e-01
-8.473548411098525968e-01
3.125575979121852921e-01
1.433159077817713900e-02
8.973319425542198857e-01
-2.893992822498989703e-01
5.717203123790681740e-01
-7.283434914938522464e-01
-7.473606615323775682e-01
-3.867101262494645475e-01
3.456308854294185551e-01
0.000000000000000000e+00
4.409836171306227293e-01
5.632544433642441284e-01
-6.450748915560884367e-01
9.532726515768217279e-01
7.924293085923759250e-01
5.009464204938052223e-01
0.000000000000000000e+00
-5.905951739970132230e-01
-6.267153609482043475e-01
-3.678056129697337973e-02
-3.208972471829769635e-01
