-5.109075640470102098e-01
-1.684201460716088228e-01
1.588379705906299844e-01
-2.510198823214464525e-01
-5.724444354034563531e-01
-1.294800034627754393e-01
-3.184106651573159752e-02
6.251347034876830744e-01
-2.178164901774526374e-01
8.606180836781094357e-01
2.285674428797366264e-01
4.895698659842702138e-01
5.516611498404282443e-01
-5.680544791169055419e-01
1.337016063168043889e-01
0.000000000000000000e+00
0.000000000000000000e+00
8.942826664341267939e-01
-7.573206514972170567e-01
5.328014961655298531e-01
-2.248517665226374973e-01
0.000000000000000000e+00
-6.168825090496083963e-01
-7.809876027993483127e-01
4.587869097800836293e-01
-3.167059691666016530e-01
-2.501784125912538403e-01
6.609819576683670928e-01
8.561893241077478400e-01
-5.079824934851240315e-01
3.494615956426998515e-01
-2.214804498451783399e-01
5.088295618936566900e-01
7.354508435258266807e-02
0.000000000000000000e+00
-5.189976262396482909e-01
0.000000000000000000e+00
-4.607955993005294903e-01
1.765597419646438571e-01
0.000000000000000000e+00
-2.275669438539562606e-01
-7.866554125998412861e-01
-4.596135027041943211e-01
2.014271726650354033e-01
-8.829999909760015697e-01
-1.973699178003263111e-01
-3.160056546416945000e-01
-7.086453747534509073e-01
8.906739009139381658e-01
3.549223784673389837e-01
2.257954674719404586e-01
-6.694025959094289657e-01
-8.776142591073003985e-01
-2.904360237211967011e-01
0.000000000000000000e+00
-9.678886154906169992e-01
-1.221886814024228940e-01
-8.345627458824866896e-01
-4.657891734398384997e-01
-3.784320066166577679e-01
1.862904066314678975e-01
0.000000000000000000e+00
0.000000000000000000e+00
9.536087062330147468e-01
4.065768424821960547e-01
-9.644072956758460435e-01
0.000000000000000000e+00
5.431418047787659464e-01
1.324329837949047572e-01
2.714284192704448095e-01
0.000000000000000000e+00
3.014995288926707318e-01
-2.730216611360287704e-01
2.270952554740921503e-01
-8.233962857068084507e-01
-6.867021509746416008e-01
-7.428742215977872654e-01
6.460317132800070805e-01
0.000000000000000000e+00
7.046995514944989214e-01
-7.631172723730008656e-01
5.454915343709312303e-01
6.108518763250270212e-02
1.209059464793105221e-03
-4.000608644946503922e-01
2.023336998612224047e-01
1.678067038318258319e-01
-1.021811872427842438e-01
5.631065221725639613e-01
2.857911792738949686e-01
-1.401276689961921118e-01
-2.892164148456028983e-01
-6.401961170961374403e-01
-4.402646910229288668e-01
0.000000000000000000e+00
-8.805155293356417001e-01
6.328086378921116140e-01
-6.387954773174444600e-01
2.670430930084519705e-01
-5.182190219650273377e-01
-2.973533691954062252e-01
-8.972999905371152884e-01
5.317724514147579296e-01
-8.527288319184049836e-01
7.539091885960116368e-01
6.470253721312020367e-01
-7.577797457793122859e-02
0.000000000000000000e+00
5.469191068085152985e-01
-3.574144951195095121e-01
9.653156503634083840e-01
-1.511005640403495498e-01
4.800251934470047832e-01
4.131958459031883635e-01
-3.696969584162073108e-01
0.000000000000000000e+00
-3.537495753859418723e-01
4.418054477212345343e-01
1.622327333766186985e-01
-7.539340024029714815e-01
1.008203259220108450e-01
-5.252682878950172274e-01
-4.280776872065348293e-01
6.502055650384102048e-01
-8.014064704483754298e-01
1.297493190148701903e-01
0.000000000000000000e+00
-9.737712065281085572e-01
6.598438439242828579e-01
-1.726123165144244354e-02
-5.553498734021067307e-01
-2.560772472028529645e-01
4.668038166555334989e-01
3.234184517670064540e-01
9.721209893439468619e-01
-7.904677435244498174e-01
8.541979653870011013e-01
0.000000000000000000e+00
-9.882238364858928481e-01
-7.039514819053944716e-01
0.000000000000000000e+00
8.513630199148798372e-01
9.863295358585493222e-01
-5.605000706333416183e-01
6.624921777358347974e-01
5.746584725978001185e-01
-4.468963905770702016e-01
6.484717377696291862e-01
-4.287987586349897295e-01
7.160061090650353677e-01
0.000000000000000000e+00
-8.065749682891723005e-01
9.994212842568650501e-02
-9.640896692323488448e-01
-9.405489398148405567e-01
-7.792124243177789289e-01
-7.440255661200378956e-01
6.606584003703819263e-02
8.863585163298066671e-01
-2.681953827478043006e-01
0.000000000000000000e+00
1.873532404635702697e-01
9.398112525046355969e-01
-5.834539480377880505e-01
0.000000000000000000e+00
0.000000000000000000e+00
-3.249656835378151865e-01
8.033239952868489464e-01
6.677325406487319981e-01
0.000000000000000000e+00
2.655092345098846174e-01
0.000000000000000000e+00
0.000000000000000000e+00
2.350701237659527099e-01
5.628711404931541207e-01
-3.741715222355719295e-01
9.027383377007214271e-02
0.000000000000000000e+00
3.630031853444926071e-02
5.409694546984709085e-01
2.054310274327559860e-01
-6.245122185802114423e-01
-9.790648706262508050e-01
-4.005298113210753463e-01
0.000000000000000000e+00
2.005271062696167839e-02
9.624612527089904113e-02
-9.055678760592755783e-01
-1.186749461021723295e-01
8.525704702145366909e-01
-2.629587997239235531e-01
-4.316234724626917263e-01
-6.375986495676804200e-01
-7.038751883422045275e-02
6.094946989296992079e-01
1.845095021511353739e-01
3.365697049161568977e-01
6.052816658955262330e-01
3.496453765252958146e-01
-5.384092453204143425e-01
-9.530888643697721374e-01
7.364107264638317663e-01
0.000000000000000000e+00
6.625613362196804967e-01
-2.257338102225392440e-01
6.351624472608778937e-01
1.645673576749682177e-01
0.000000000000000000e+00
-7.026666977810167580e-01
-5.719849257255018582e-01
-2.755388661709332609e-01
-6.125306785051829461e-01
8.909937076294582869e-01
0.000000000000000000e+00
0.000000000000000000e+00
1.458152040777176417e-01
-9.654720558296658872e-01
-5.918479462382943979e-01
5.851007459293526836e-01
-7.331114431715417545e-01
1.364388168021783976e-01
6.976257821263456282e-01
8.502758137531256644e-01
-9.486240289016554250e-01
5.705747740331656992e-01
-4.689030610169351299e-01
0.000000000000000000e+00
5.243376541871347385e-02
-1.224862411476039803e-01
9.222085609555765728e-01
6.270514151724895235e-01
-8.397761664414573612e-01
-4.615368283920910919e-01
8.383388074434183768e-01
-7.007966803383780530e-01
6.973312367995696537e-01
-4.712915489871014607e-01
-3.841906312193572592e-01
8.134417627992469590e-01
1.929771533229700520e-01
8.863873195755056500e-01
8.463214200841884249e-02
0.000000000000000000e+00
0.000000000000000000e+00
1.000000000000000000e+00
7.373498196400494198e-01
-9.513932459733387415e-01
3.115749471715956176e-02
-9.810918570593123444e-01
-2.821292400676678191e-02
0.000000000000000000e+00
-8.114405169216605263e-01
-2.470887741658935877e-01
9.774600416540164538e-01
-5.545666059565199646e-01
0.000000000000000000e+00
1.303634943905402910e-01
6.321595103159023399e-01
-1.909518699516519202e-01
-6.151635751549859865e-01
0.000000000000000000e+00
-8.793601422970573900e-01
-8.008332174198988795e-01
-4.832239511562845813e-01
2.848055834107754425e-01
