-9.633210591394769651e-03
-5.065802449626852777e-01
-6.775230426384035720e-01
-1.653364220108433091e-01
-3.162720109197492135e-03
3.127529404779816335e-01
1.064133588751727810e-01
4.668959144206845657e-01
1.066554905377248286e-01
-8.411737284476985543e-01
4.379475130167633790e-01
1.738960321879690074e-01
7.739558150322529695e-01
-9.810225483814405401e-02
3.502277775535096449e-01
-6.223060550060655061e-01
9.370492324269708018e-01
-4.525017652089080578e-01
-2.693120844512195688e-01
-1.990951807703698062e-01
0.000000000000000000e+00
-9.339546346239184782e-01
0.000000000000000000e+00
-3.092428938250595394e-01
1.000000000000000000e+00
2.192823642376990900e-01
-7.834132223539487239e-01
5.646564159861686694e-01
0.000000000000000000e+00
2.228266475133440228e-01
0.000000000000000000e+00
7.709315787027699596e-01
5.411898815463245249e-01
0.000000000000000000e+00
4.159667665351742816e-01
4.156242188082457378e-01
-1.048857171159058854e-01
-1.220947257020590371e-01
-9.354724985736642129e-01
6.926495826049783311e-02
0.000000000000000000e+00
-9.641825426705372681e-01
5.944389779470500290e-01
4.897808517390676020e-01
9.614843379551620828e-01
-8.420390628325062909e-01
-7.275906007181707214e-01
7.335735843064241646e-01
4.421786896350932139e-02
-9.494492245531738206e-02
-7.307577524166124494e-01
-5.443298933508289306e-01
-7.017038141660014716e-01
-8.520459782618214906e-01
0.000000000000000000e+00
9.399389657176335788e-01
0.000000000000000000e+00
0.000000000000000000e+00
-7.870493091648369521e-01
-3.778743896770477839e-01
-7.160197943224628769e-01
-1.139874031982910374e-01
7.288175178902551732e-01
-4.338892853301654640e-01
-3.810065323092959311e-02
9.763669120913496258e-01
1.945225451314869236e-01
8.931126974734151514e-01
5.421257964798291695e-01
8.171942105386942323e-01
1.204931901081585099e-01
-9.558023143438860725e-01
3.370167953803777650e-01
-8.252496067590828766e-01
1.995735665805999925e-01
8.355235552016875289e-01
-6.092363411106009874e-01
0.000000000000000000e+00
1.079447412849940946e-01
-9.337242866962143228e-01
-2.922272525627880313e-01
-1.388250187932473789e-01
4.224577522568375709e-01
-1.242659055507742139e-01
-8.319198154774287701e-02
-8.395423256129337375e-01
0.000000000000000000e+00
-8.452007772025231791e-01
-2.243039672283368979e-01
-1.099087974549708413e-01
0.000000000000000000e+00
6.570871140215850392e-01
2.470339223685253938e-01
-1.474929522907200141e-01
-5.604719103320161544e-01
-2.046726639800964254e-01
-7.782273261907057815e-02
2.906006026923872998e-01
3.670073971555554149e-01
7.829697821091816667e-01
9.961721474022655620e-01
-3.094473150565901776e-02
-4.268144168993106558e-01
-1.718295687078237322e-01
2.082308434424309240e-01
5.090050236859309241e-01
0.000000000000000000e+00
5.090706055099176730e-01
7.760060340645369426e-01
4.106275394801612855e-01
7.515802815603922493e-01
-3.899396853551406750e-02
0.000000000000000000e+00
-1.902141383324709167e-01
-6.797585532149452714e-01
0.000000000000000000e+00
-9.399770447766349069e-01
-9.363061114345903047e-01
-2.992323828145730946e-01
4.705298102065977872e-01
-9.245683047251469500e-01
3.015701211542141102e-01
-1.538930203708543942e-02
0.000000000000000000e+00
0.000000000000000000e+00
7.070094557568618043e-02
-4.487131716334857856e-01
-1.085064826076089783e-01
0.000000000000000000e+00
4.733219669145118935e-01
-7.313093360791858011e-01
-5.885011882789983328e-01
8.964295404937159262e-01
-9.061650073776728043e-01
-8.131153261906327590e-01
-7.589949734166243633e-01
1.873073540534422321e-01
-8.615510688341561085e-01
3.026460372663923870e-01
8.795054052559063695e-01
3.096734949791457581e-01
0.000000000000000000e+00
7.720085472626461165e-01
-9.503150252432814860e-01
1.248156620003033623e-01
8.472954827715146742e-01
3.467673164574247568e-01
-8.917093231486068472e-01
5.668535927040099232e-01
-9.731579095546949443e-01
-7.014817384848863746e-01
-1.508446495471298388e-01
9.499710632229443341e-01
7.240387877780651849e-02
4.674584880834133926e-01
-7.559122990452744606e-01
-9.504842058384908032e-01
-4.782429461571546803e-01
0.000000000000000000e+00
8.621659041644076371e-01
-9.164377984353977435e-01
1.681611037122006103e-01
-3.752350544445777203e-01
4.996343712931390346e-01
9.411644747372831521e-01
-6.851371771613006256e-01
-1.348980479706316515e-01
2.207233968259765255e-01
-7.172470500680294681e-01
2.298991569838848559e-01
-4.243663229070633314e-01
5.826141511302305176e-01
-6.314757449233097120e-01
1.073781154623043577e-01
-6.614133417648235813e-01
-9.349531241354984701e-01
-5.549946977748150267e-01
5.805608703168092521e-01
2.134713749335515054e-02
-9.763676641610294915e-01
-1.849766383363204980e-01
0.000000000000000000e+00
-4.786348371336419660e-01
0.000000000000000000e+00
1.266170097016650065e-01
-9.267097048777022117e-01
-2.811328463940447886e-01
-8.436802697193921396e-01
1.939896802149929655e-01
9.484163715440143694e-01
7.079713727239125287e-01
4.582637960722253379e-01
-3.533524125669340599e-01
8.011304050822929401e-01
0.000000000000000000e+00
-5.920784815497783793e-01
-9.841944002683522541e-01
2.305920356296451423e-01
4.618732875453619435e-01
4.673791118308612269e-02
0.000000000000000000e+00
3.696897562731304987e-01
1.406627201829746543e-01
2.699384358157288499e-01
0.000000000000000000e+00
-1.484121200573265131e-01
-4.538013046432767261e-01
-5.624797434772554894e-02
2.856855647180418512e-01
-5.204130102949531267e-01
-4.936073822515159026e-01
-2.333593909712150527e-02
0.000000000000000000e+00
6.072303278849815467e-01
2.995505723030682521e-01
5.056546947731819230e-01
0.000000000000000000e+00
-3.744776789120678462e-01
-6.581680152858990773e-01
5.430459979241164525e-01
6.328026994617304002e-01
7.766936138570648129e-01
1.672873578786961968e-01
-8.886606079904613154e-01
-3.012378634653127829e-01
1.379832318803273505e-01
-9.549148077232807452e-01
-2.911234718567612401e-01
2.351842057384889717e-01
5.758981951503889807e-01
-1.833989356680345573e-01
-6.241452251635297710e-01
3.348930778068237579e-02
5.738627155553921444e-01
-9.227816381167446291e-01
0.000000000000000000e+00
2.466385259354078041e-01
9.785436959512416877e-01
0.000000000000000000e+00
-7.756033694012385293e-01
3.868876741016089582e-01
5.318831979947415967e-01
9.137967423153718904e-01
6.625191844971569655e-01
0.000000000000000000e+00
-5.570021499326784920e-01
7.652076995277621307e-01
-6.814372132052592956e-01
-3.779850674828624246e-01
3.610072886907735867e-01
0.000000000000000000e+00
-6.507095353292582374e-01
2.798228889651435125e-01
4.245611188476523523e-01
-6.126095428118609743e-01
-3.642274969259100548e-01
9.010984565827546700e-01
4.400317508258493326e-01
1.221645527431325373e-01
-8.819410441973440928e-01
-8.485422421043871122e-01
-6.285577205756132102e-02
-3.057312291516289804e-03
6.057885277626915421e-01
9.546548709482305384e-01
