-2.130554767602321764e-01
9.852142009907145503e-01
7.530064873467128272e-01
-7.456528819807823893e-01
-4.458007586120091847e-01
-6.052129853484711219e-01
7.433214959260872057e-01
3.564400022387790301e-01
5.928245135742231664e-01
-8.530674351289313506e-01
9.148222973270356828e-01
-6.850296206768706764e-01
-4.286439249262601336e-01
0.000000000000000000e+00
0.000000000000000000e+00
-3.880088348654284758e-01
2.673195561916619223e-01
1.308398465260462995e-01
9.560425894351847198e-01
-8.730583765738455515e-01
-7.222028691688620050e-02
7.225545231499908017e-01
5.584721992257069001e-01
-9.742084500745149533e-01
4.030003135597521879e-01
4.563732668265185755e-01
-8.056386555097476698e-01
5.827312977645853209e-01
-1.909751055802533237e-01
-3.019654302401242330e-01
0.000000000000000000e+00
0.000000000000000000e+00
2.456858772035841465e-01
-9.315155171455991034e-01
6.721154908517967819e-01
9.769373464404806917e-02
4.299787644458961111e-01
5.461933061238308795e-01
0.000000000000000000e+00
-3.883854759774238996e-01
-7.252659089140494064e-01
7.446574795105898037e-01
0.000000000000000000e+00
-9.837903424889362647e-01
-7.947229994591509250e-01
-6.587154684994256382e-01
-5.525920128866983472e-01
-8.154623333526698215e-01
9.870360193774827540e-01
6.988829812615211523e-01
8.168783848860148300e-01
4.994639078120381992e-01
-8.355835587172555368e-01
-4.142408953100400471e-01
0.000000000000000000e+00
-7.450791385552282264e-01
-3.531166086371513302e-01
7.823539578304654629e-01
2.717370820415729860e-01
-6.227978842760983902e-02
-6.584334206419106827e-01
-2.939537657431354756e-01
-6.241876635311096599e-01
-6.987662521017021788e-01
-4.196203971176861725e-01
-4.941026780258610529e-01
-8.217591190171962268e-01
9.251426237793947127e-01
-2.548726413168043159e-01
-6.535766072058384335e-01
-3.680669211203495550e-01
-5.921201191756630955e-02
1.727814849340831849e-01
1.127559140342904165e-02
0.000000000000000000e+00
-6.423106610762070456e-01
2.967126337798697833e-02
1.918676852075960060e-01
-1.201612341717142041e-01
0.000000000000000000e+00
0.000000000000000000e+00
-1.759994984582899935e-01
-2.092622711300016203e-01
-2.177611926762339500e-01
2.732353782517749075e-02
2.531309400017869304e-01
-5.061987571424506616e-01
1.469099262726161204e-01
-2.469796520038785026e-01
-1.910195004911583450e-01
-5.520430792876160897e-01
4.085416146052653907e-01
9.757178549950269453e-01
6.424062158328709415e-01
-7.249464443386732793e-01
0.000000000000000000e+00
-8.987388598265690920e-01
0.000000000000000000e+00
2.949503150695080844e-01
4.924318478878111360e-01
5.938520487338738718e-02
0.000000000000000000e+00
5.006732096257748843e-01
6.562214943874382644e-01
-6.989886042465836002e-01
7.752833337789146739e-01
-9.397990901884234471e-01
5.692862400206017970e-01
9.136134101040165323e-01
3.334583064599672131e-01
-2.987595361265604765e-02
0.000000000000000000e+00
-9.415501823765219935e-01
8.255007264834748337e-01
-9.390977395825905738e-02
-6.427940485578096386e-01
6.697588059097274726e-01
9.691565208778942786e-01
1.910758708433089037e-01
9.796708161003977455e-01
7.617896719462027288e-01
-5.898114873739368491e-02
0.000000000000000000e+00
6.512093367246600817e-01
-1.704931604307868831e-01
5.505444925529321409e-01
0.000000000000000000e+00
-9.226033704063909546e-01
-8.131880288159676340e-02
8.471064571903106355e-01
-5.137707952696703995e-01
8.287263388578631762e-01
5.400413465394280355e-01
5.121751429816585599e-01
-3.944161682872497909e-01
1.888185215844659925e-01
5.769444444802525052e-01
1.343068035336800747e-01
-4.376118278428695607e-01
7.144957886457321550e-01
-5.886190014543188909e-01
0.000000000000000000e+00
4.005860617568592907e-01
0.000000000000000000e+00
-6.237095994685211142e-01
1.901940454374229095e-01
6.102539676856915118e-01
0.000000000000000000e+00
-3.756977213624286271e-01
7.603857680538608221e-01
0.000000000000000000e+00
-5.750178869911346524e-01
7.624106941062773757e-01
5.686801870609441423e-01
-4.288990003916939298e-01
0.000000000000000000e+00
5.012237955029161807e-01
-4.234399188353221710e-02
-4.244977831230678511e-01
9.465353488542647131e-01
-5.804845085107679381e-02
-4.286140135035894083e-01
-7.232042365278246177e-01
6.998855202535225750e-01
0.000000000000000000e+00
-3.274366774246786349e-01
4.756889966620694299e-01
-4.553760407164972879e-01
7.547932256377885007e-01
8.899827082639182319e-01
1.641919701142764421e-01
1.225012403962995045e-01
5.264524608049494514e-01
0.000000000000000000e+00
-5.315499826144454154e-02
1.630849866227332967e-01
-8.262540757714205153e-01
8.289129737723983649e-01
3.177216442338450797e-01
1.311286070666437542e-01
-5.224079192094155388e-02
0.000000000000000000e+00
-9.355460534561892416e-01
-6.441014425920270625e-01
7.938414161665150459e-01
-9.150324635669506712e-01
0.000000000000000000e+00
8.136450688113565644e-01
-7.202222852388029395e-03
5.656085030026802851e-01
7.567831097644373006e-01
4.389109520786054208e-01
4.800681531120400969e-01
0.000000000000000000e+00
-3.417095542579693390e-01
-8.834827301336842797e-01
7.182971404491982348e-01
7.222808067184729452e-01
-9.046215052394506184e-01
6.865690049401427242e-01
0.000000000000000000e+00
0.000000000000000000e+00
0.000000000000000000e+00
0.000000000000000000e+00
-8.599643303760535762e-01
-4.367801357841554211e-01
1.755707639110284379e-01
7.368779208615761078e-01
8.293480371290353759e-01
6.534556773422561804e-02
-5.491812154656616762e-02
-4.647865602553780118e-01
3.147590119289509492e-01
5.015301685366420070e-01
2.651084378691046517e-01
7.711469902880292437e-01
-8.566110500541086470e-01
2.359375415006903509e-01
-7.618526768914191116e-02
7.098062905238149423e-01
-3.801967807398423105e-01
0.000000000000000000e+00
6.912267726061731565e-01
-1.145400143439891938e-01
-9.978243928773722349e-01
6.016136229235731214e-01
8.252935604316093965e-01
7.788512149502442306e-01
-1.515389217196279059e-01
1.594619392341487529e-01
-5.990885418425413445e-01
-2.611773565273045605e-01
-5.535423565973560667e-01
-1.024335295598364226e-01
9.199579255972427649e-01
-7.306267241039945404e-01
2.266731559737900081e-01
9.635916331201073159e-01
9.742951711922636093e-01
6.825854697198405763e-01
-2.209565785220872769e-01
4.095802486767663453e-04
-3.668402916724771146e-01
0.000000000000000000e+00
5.349935128897511660e-01
0.000000000000000000e+00
-3.296186052921283860e-01
-4.778916368100791789e-01
2.726779965521548554e-01
7.754709593758282171e-01
-5.785295682417928020e-01
1.544895242424990656e-01
5.244979295226381844e-02
-4.335057863195437289e-01
6.774325330884667373e-02
-3.262663667941787526e-01
-7.018111803107986990e-01
6.799108541975082964e-01
-4.269426128931079756e-01
5.062132512492580894e-01
0.000000000000000000e+00
3.908811161040033344e-01
-7.105554945326335581e-01
5.701572588609120640e-01
-7.718266098888384441e-01
