0.000000000000000000e+00
8.816077662944310500e-01
4.948067937083253653e-01
8.162851259228742773e-01
0.000000000000000000e+00
1.595463639999359362e-01
-1.362653751785773970e-01
-4.690148425097873108e-01
7.208183359380033739e-01
-3.411970073263961289e-01
9.473411821310671055e-01
-2.774932061648101023e-01
1.072494484299988393e-01
5.484521505152972765e-01
5.634961891752752194e-01
-9.164291687944932097e-01
4.670827013550129525e-01
-7.878633459314929866e-01
0.000000000000000000e+00
-8.132218302386386988e-01
2.107577648626128841e-01
-6.097404840753615218e-01
0.000000000000000000e+00
5.646271750824016777e-02
-1.518501126657036959e-01
7.169452868644410337e-02
0.000000000000000000e+00
4.024401110085580324e-01
7.963237845832367157e-01
9.390216473473333991e-01
0.000000000000000000e+00
2.517703346636672723e-01
1.840353394567264544e-01
-3.080284872080971681e-01
5.661588284464245113e-01
-7.525703756287906998e-01
8.781052968843945372e-01
-4.530228106015021794e-02
5.027339697954096298e-01
3.862838042761704838e-01
-8.398384720071772058e-01
-1.535978849797217105e-01
-2.326687364018709125e-01
-7.552017287328454120e-01
4.814879932236253435e-01
-1.659845832425190792e-01
3.210888921847330213e-01
-9.163996572412127506e-01
8.757238238228162164e-01
-1.784103157326151212e-01
6.689715110777278984e-01
5.264259165590108314e-01
-8.179859092469683457e-01
4.991477780970248190e-01
4.220023505740513325e-01
6.078100499418810365e-01
5.615884635678762837e-01
-4.799809176200309224e-01
1.811013948001776175e-01
0.000000000000000000e+00
-5.152648317390231547e-01
-2.491651256797597913e-01
-8.381553264819485705e-02
1.126426086269545213e-01
5.186381857831086073e-01
-2.394959348758021189e-01
2.712340846341043665e-01
6.950848103156290758e-01
-9.448524315857862454e-01
4.909193183878834965e-02
-7.993393474094849793e-01
0.000000000000000000e+00
1.452675734352781856e-01
-4.992577791853194391e-01
6.103382255900093867e-01
-5.782733728806621620e-01
-3.012130190206341318e-01
7.497472360790631285e-01
3.485877679575319910e-01
5.669223982486615299e-01
-8.607315782393889503e-01
-4.428373935591205512e-01
5.885401991356362661e-01
9.176499376535509622e-01
-3.049432482315057591e-01
-4.197033475176528139e-01
0.000000000000000000e+00
-1.457608649954584834e-01
7.521577001158674669e-02
5.029159237327609500e-01
7.415691517458362636e-01
-7.900091152075774392e-01
-4.949457251069360186e-01
-1.572737347804886721e-01
0.000000000000000000e+00
4.884860391333700758e-01
-5.892133758304578528e-01
0.000000000000000000e+00
-3.356715601405633187e-01
3.644065295842338070e-01
2.223329671908940153e-01
-1.626870946023459830e-01
-2.088122504993727979e-02
6.746061826542038009e-01
8.483891337082851702e-01
-2.670695270882750272e-01
3.740828353072103152e-01
9.212543584068828562e-01
0.000000000000000000e+00
5.094013284141800657e-01
-9.684464650593420654e-01
-5.028757435321202784e-01
-4.876299707328430877e-01
-3.332063812127015190e-01
9.890663583181869001e-01
-7.906261648528642993e-01
-9.329379266021540218e-01
3.668652760165849180e-01
-8.008677253566354182e-03
2.204129799137688472e-01
0.000000000000000000e+00
0.000000000000000000e+00
6.061319897274453083e-01
7.638359210941563227e-01
9.042641035251166581e-01
-4.287891444658933349e-01
5.820618775241002130e-01
7.491803182024820984e-01
-8.008955260657881770e-01
2.445015054938064480e-01
-1.366448235424244650e-02
-3.104963899180859244e-01
-3.324851118481904066e-01
4.550610647081241300e-01
-6.285246623568974123e-01
2.323199354036973308e-01
-6.834697975402543868e-01
5.090225624475399613e-01
-1.517815871941490258e-01
0.000000000000000000e+00
-8.275945432280762404e-02
0.000000000000000000e+00
0.000000000000000000e+00
8.577052727150955569e-01
-7.010442153397433707e-01
-6.927098838042500262e-01
9.399386550935848739e-01
4.426296304022419026e-01
1.818426984599070817e-01
-3.951682228098247762e-01
-2.512188530377930107e-01
9.206698896177352154e-01
2.602995836977488597e-01
0.000000000000000000e+00
-4.104650606258621881e-01
6.507012251899615407e-01
9.186867885540459522e-01
-3.231085663412056608e-01
-8.493560578011101203e-01
0.000000000000000000e+00
-5.742992273773985801e-01
-5.280378042097604308e-01
1.155851450620093424e-02
-5.634258002156682377e-01
0.000000000000000000e+00
6.560435919500946511e-01
2.665371264526097406e-01
-9.788160289933374170e-01
-6.457484951435927822e-01
2.833877533829107787e-01
5.578739590171544194e-02
-9.124765324553985035e-01
4.095270673970168307e-01
-7.619504577698963388e-01
4.206525547478010552e-01
-2.171816400246566747e-01
7.887148113796196292e-01
0.000000000000000000e+00
-1.108393889922569819e-01
6.040232957153095494e-01
-8.506896589866919101e-03
3.731190571177920301e-01
-3.989581458916502399e-02
1.421985444658961928e-01
9.249822755786507589e-01
2.056683792977107572e-01
-3.661205757228909174e-01
7.040488434234428716e-01
-4.871487494571069554e-02
-3.699883678178084168e-01
1.922639434798472102e-01
7.288353321767488957e-01
-3.013982966295849497e-01
8.013320436291517801e-01
2.615551609418993451e-01
-2.486935683538120667e-01
-2.296516033735376272e-01
-5.447016346624862226e-01
-9.350141321776104242e-01
5.849679229743003361e-01
-5.839995490077400930e-01
8.738339038834657124e-01
0.000000000000000000e+00
-7.675306135647239625e-01
5.887123807092176087e-01
6.647082399913508688e-01
4.788002024306470261e-01
-5.795352635237569494e-01
-7.166962076518632596e-01
5.380880868942927719e-01
2.874117013185673031e-02
-4.767791399306184896e-01
-7.203323566348827089e-01
-1.154728618111937610e-01
-8.429933726353471268e-01
3.113447846251962137e-01
-9.375846487107946103e-01
-8.604478961305161988e-02
0.000000000000000000e+00
-8.462171906763333862e-01
3.720978350324599671e-01
-8.181089919860902171e-01
0.000000000000000000e+00
2.275874985391899141e-01
-5.171758904927263867e-01
5.215206919836066213e-01
-6.488185924054645781e-03
-9.778686959964526526e-01
2.464804486220419921e-01
7.664988662223624072e-01
3.459869889779234597e-01
5.483321710089017476e-01
-7.186853766723804160e-01
2.388691453943352361e-01
-8.717104115104372664e-01
7.635495714379516574e-01
-1.684892243057583006e-01
9.640771569718691314e-01
-8.146236048675088437e-01
-4.344261272030658372e-01
-6.311097555783740098e-02
-1.729875288325930516e-01
9.561013662650186262e-02
9.567883357150981372e-01
0.000000000000000000e+00
0.000000000000000000e+00
-9.556332274025447493e-01
5.101099623427109986e-01
4.481748631667050731e-01
2.878579593592165420e-01
-6.333123345846474184e-01
-5.640311758516964868e-01
0.000000000000000000e+00
9.504101557407316214e-01
-9.389136374883944036e-02
-6.486827718730798775e-01
9.122838189839241885e-01
-8.014044837569511692e-01
0.000000000000000000e+00
1.471529761336798359e-02
1.123434236027900379e-01
6.302682980546376879e-01
7.684525088312115226e-01
-6.128809387704969858e-02
-9.902822231630379335e-01
