-3.529923236010070742e-01
-6.524153568736630326e-01
-4.667585716810829233e-01
7.713375968559581519e-01
0.000000000000000000e+00
1.130922005664269925e-02
8.853569640608238700e-01
0.000000000000000000e+00
3.428244818616339451e-01
0.000000000000000000e+00
-3.155806345746237085e-02
-5.528206410014702143e-02
4.012203926122923647e-01
-3.498052800695576892e-01
9.232162613507397531e-01
-2.765955977350491590e-01
4.176469449352713248e-01
-5.052132191953635498e-01
3.818416840564529124e-01
-8.061125717130825930e-01
8.787511931987121994e-01
9.708616707034740667e-01
-2.413585935457513987e-01
0.000000000000000000e+00
3.565165263241354410e-01
-1.152939701444726239e-01
1.376973998713793002e-01
-3.448124211781788961e-01
0.000000000000000000e+00
6.720343680939069309e-01
7.407854749998188382e-02
2.650904893557510800e-01
2.741149705089727107e-01
-6.090115317587485588e-01
-1.494919020887615080e-01
0.000000000000000000e+00
-5.739379415613194979e-01
-6.007463510206578761e-02
-3.781229840595861091e-01
0.000000000000000000e+00
-7.134839808603461453e-01
-6.104303328769138393e-01
-4.296194978189764591e-01
3.760062086773283685e-01
8.881280473955783794e-01
-4.122924311499500671e-01
0.000000000000000000e+00
2.942041711897240841e-01
-2.681120429208527778e-01
8.293809922554515879e-01
2.900903404398509355e-01
9.948471877207036851e-01
0.000000000000000000e+00
6.056304101314102795e-01
7.753490496243931052e-01
-9.768673188126555385e-01
1.895371078451368874e-01
0.000000000000000000e+00
7.547097453940758705e-01
8.856228929959757412e-01
6.833754986584250624e-02
-3.749086191132655621e-01
3.409008925085732500e-01
-3.070110860828545452e-01
4.824085451653212786e-01
-2.719623717313091049e-01
-6.313022933167682371e-01
1.820056832638849986e-01
3.418911729653764109e-01
5.887628312813659726e-01
8.665539789280407579e-01
-8.183907885436345619e-01
-5.277486413236887053e-01
-1.365338474401582847e-01
6.541921220279391935e-01
-6.062145655902262398e-02
-7.296605979873262982e-01
-6.414837268334026010e-01
-7.807488450221449217e-01
5.551256339917405302e-01
-6.322743273670670128e-01
1.453508107696908080e-01
-1.279640680141294062e-01
3.027055184542564170e-01
2.422874167497113262e-01
9.698455010904745155e-01
-2.738682056859851333e-01
1.042955296965488721e-01
0.000000000000000000e+00
-3.537961038646608714e-01
3.399916937430729202e-01
-1.441168380637800617e-01
5.518001283969620197e-02
1.790128780758148963e-01
-9.243345241799068024e-01
2.886786077480085755e-01
6.166916546093581530e-03
-1.702761727311721263e-01
3.360362629313837779e-01
1.713349273155531094e-01
-9.072804486392644918e-01
-3.540784899535789343e-01
-4.830882659676660751e-01
1.447643574196049165e-01
1.218189037185224421e-01
0.000000000000000000e+00
-3.368027687753873956e-01
9.493038830877131851e-02
-5.915938625368610815e-01
-6.543996724590399605e-01
8.503989827885334307e-01
6.237612281913382795e-01
-8.876079975141126788e-02
-3.839993180748613177e-01
-3.773994703893419622e-01
-4.659948416085177847e-01
-8.884691930604140531e-01
-5.196087456079057088e-01
-5.347930594442429353e-01
4.642661200378519482e-01
-2.814761454415473096e-01
3.264093002839745239e-01
8.486000312470816098e-01
-2.625851030908592509e-01
2.641308975277691928e-01
0.000000000000000000e+00
3.449541128704047832e-01
-1.052773692562638530e-01
-7.545912369371921002e-02
3.646366160527090283e-01
-6.524016488699313499e-02
-2.766624918803517463e-01
-2.410265319575186638e-01
0.000000000000000000e+00
4.919026407262427902e-01
2.677617073103248924e-01
-8.170663076937310088e-01
8.383653294046977678e-01
5.187783964642922463e-02
-7.374928569560517122e-01
2.252337400326316352e-01
-4.901794225822855289e-01
-1.399735824791243921e-01
9.185528247956360470e-01
0.000000000000000000e+00
0.000000000000000000e+00
0.000000000000000000e+00
0.000000000000000000e+00
7.809359147157013403e-02
9.662063517439536398e-01
-4.786413039642896106e-01
-4.640327162758497437e-01
-4.188915080004804725e-01
-3.924744856381794378e-01
4.578663376550140551e-01
0.000000000000000000e+00
-9.250858593934134788e-01
2.174858259793741588e-01
9.744556723100947782e-01
4.948429056362888545e-01
-8.971709484400660628e-01
9.384750938935453313e-01
-5.518526183249454764e-01
-6.007939284611378827e-01
-5.056656125521195033e-01
6.283352708909215600e-01
-6.803504567893257082e-01
0.000000000000000000e+00
0.000000000000000000e+00
3.874033040580386889e-01
1.013920123111953231e-01
6.551441109408533414e-01
6.218705567326874295e-01
1.963325640875390743e-01
2.978599415632023906e-01
7.078472407197480276e-01
7.920635728258325070e-01
7.399054112854484000e-01
-2.258369471468473222e-01
-1.773345310441083456e-01
3.715726714216842641e-01
0.000000000000000000e+00
0.000000000000000000e+00
4.236270989371804241e-01
0.000000000000000000e+00
-4.505987885725579734e-01
-2.429636346577837003e-01
-9.947828498663870977e-01
0.000000000000000000e+00
6.988098812621512668e-01
3.945858588503188269e-01
-4.704029424237794466e-01
-9.751431042034020003e-01
0.000000000000000000e+00
-2.762344269659087193e-01
9.433099449105957213e-01
0.000000000000000000e+00
2.786476180211621134e-01
-9.717128435209108073e-01
-7.316457680489141246e-02
7.424736910396416700e-01
4.608360510454523329e-02
-7.845716950858356853e-01
-4.497324648633089783e-01
-9.189685976252399691e-01
4.786508252866499280e-01
-1.106943646543254722e-01
-8.608772610252537483e-01
-7.142243655411291137e-01
0.000000000000000000e+00
-4.823583940383677771e-01
1.497083481413346018e-01
-3.827910240851573054e-01
-1.280753940301493365e-02
8.509328203671231439e-01
-5.051501877693687081e-01
-6.662438622465107763e-01
4.553655510972152154e-01
9.643624636411789464e-01
-9.070873772693697212e-01
-1.549797568948363402e-01
3.661668127052339905e-01
-7.038383300301509493e-01
-2.603413187781289384e-01
-8.982867951009554375e-03
-8.661573468055130398e-01
0.000000000000000000e+00
-1.908786502824908471e-01
2.207945241621431798e-01
1.689655849004265686e-01
-9.520153603474006410e-01
-1.318440613886746604e-01
-2.226574533116951748e-01
5.671739268100113307e-01
4.098252787344836001e-01
-7.536985090196723913e-01
-7.037293485312470231e-01
-9.852627863759797489e-01
-4.544837594176287521e-01
-8.859806326194630266e-01
0.000000000000000000e+00
9.488960662405565571e-02
-6.583729790403336501e-01
3.414747041742276501e-01
-6.263971894412547758e-01
5.433535296519205193e-01
8.958607232382089780e-01
-2.424271890148523845e-01
0.000000000000000000e+00
8.347496256942821269e-02
-9.836796054866949746e-01
6.960585292556942250e-04
-4.491672060688034485e-01
1.251399918454594307e-01
-2.562973933817007666e-01
0.000000000000000000e+00
-6.406476581451048258e-01
-8.052906183683925523e-01
-2.346016458771957858e-01
-2.600074520124264765e-01
-2.319689453018900505e-01
9.292409387818612032e-01
-5.573788753355783943e-01
5.424714824855716433e-01
8.653896569710215481e-01
