-3.006113029531460867e-01
-1.142953402266888574e-01
0.000000000000000000e+00
-5.132218206081240464e-01
1.000000000000000000e+00
0.000000000000000000e+00
3.714875767559668862e-01
0.000000000000000000e+00
-8.284929944740988539e-01
9.352261983124099398e-01
0.000000000000000000e+00
2.479974163511675656e-01
0.000000000000000000e+00
-4.368312293997103080e-01
9.351151388784129104e-01
0.000000000000000000e+00
-4.419128679206363319e-01
-4.998550770012322175e-04
-2.932287119851926249e-01
-2.257679731974961967e-01
8.623618725957704623e-01
-2.606229872011418536e-01
0.000000000000000000e+00
4.573265048250876319e-01
0.000000000000000000e+00
8.838359337522210257e-01
-1.219341806565241715e-01
0.000000000000000000e+00
8.624448659897772096e-01
7.544147127250315776e-01
-3.234857710272647235e-01
6.703335188412995471e-01
7.526822788544405007e-01
6.249521390834682499e-01
0.000000000000000000e+00
-6.640402045929785224e-01
-1.981873368790587620e-02
5.630829824515000137e-01
-3.496013923176926053e-01
7.113675244440367251e-01
7.012308465240317812e-01
7.769829762235485049e-01
2.688858304206127592e-01
-7.350585343754740819e-01
5.066332840388925174e-01
-7.899818439694170635e-01
3.676045063573378791e-01
5.570076087100037654e-01
-2.246575638311381073e-01
-3.676075700069245666e-01
5.344322086492847568e-02
3.006917678386522574e-01
-3.601937677810436167e-01
1.597272825598785584e-01
-1.491634670260184592e-01
0.000000000000000000e+00
3.069334240293608573e-01
-7.795078367927412710e-01
3.928557388696451991e-01
8.109144355609361199e-01
6.519548633060670007e-01
4.418890208168266831e-01
-8.367308347711475136e-01
-5.743518606720101616e-01
-9.154019085056941396e-01
-2.235751267052115132e-01
-3.343484061027075516e-01
9.409903536724661954e-01
-9.500338875619580570e-01
-7.392555838272756308e-01
-6.063876540625849909e-01
-5.919814204326458995e-01
7.229667044183551994e-02
-4.784933590853672758e-01
9.912744927159622410e-01
4.099319946770629830e-01
5.260709887090944115e-01
6.612145656885999312e-01
1.864188942521871617e-02
-3.857543921265860210e-01
1.767527880645447524e-01
-1.241691285210047013e-01
-6.644357328340755320e-01
6.342414747325009206e-01
3.796491658567113792e-01
0.000000000000000000e+00
8.851450931476565476e-01
5.055106604392212155e-01
2.505218974183616165e-01
7.751840931830582537e-01
-9.717278735326335681e-01
6.087101686845191040e-01
8.093265650648009402e-01
6.709008626158134980e-01
-5.363359144256052424e-02
-8.418045514278185149e-01
7.840840761482281707e-02
-3.004534945076720032e-01
8.232325962381989992e-01
9.706330569133569952e-01
0.000000000000000000e+00
4.692458029093797833e-01
-9.266214542806814336e-01
0.000000000000000000e+00
7.707171023719707748e-01
9.154398164622410405e-01
6.165361778705826801e-01
6.403764434056191668e-02
5.789845399514466084e-01
7.116672463215916178e-01
0.000000000000000000e+00
2.242013019237649729e-01
-2.205362781991992982e-02
-5.426201946314033187e-01
-7.741991993895498414e-01
-6.263266854509064174e-01
0.000000000000000000e+00
-1.618093061038845537e-01
3.838810270809738245e-01
-3.330238336643869257e-01
-7.858116577790341672e-01
4.663417753288006118e-01
4.646097630174126358e-01
-1.080677718244820174e-01
-8.928639031472274112e-02
-2.519263327408209907e-01
5.361616497014929372e-01
-6.974085197678070447e-01
-7.033980081039634680e-01
-4.686385154357797234e-01
-4.789549521073728222e-01
1.519736543906808901e-01
-8.257427666802337196e-01
2.003605065633062843e-01
5.784603714354201731e-01
2.377027561149980261e-01
-3.794828498215969681e-01
-7.331979343112646763e-01
-3.181818160160312381e-01
7.480296902617642463e-01
0.000000000000000000e+00
-9.997596594417477167e-01
-8.494615625216908050e-01
9.227797719481911631e-01
-7.304967001397713044e-01
3.296093007009273101e-01
-9.181158420329111891e-01
7.891001594083331128e-01
-9.919661258752450195e-01
3.541085728370150232e-01
7.323457385104921169e-01
-7.343299670125393863e-01
6.447362887419039179e-01
6.728131656875560029e-01
-7.417025523157463329e-01
1.158479617125727223e-01
-6.385794295024262990e-01
-8.879501880578846151e-01
-1.692749279572900445e-01
9.934037761741632000e-01
-9.083861669747272938e-01
6.278263589371892994e-01
-2.521090613983434370e-01
-3.839755858747522232e-01
1.593045417751266513e-01
-8.557797215306459648e-01
6.215234481646152442e-01
-2.461667909842681912e-01
5.391051103039816716e-01
-2.567713734767971268e-01
-1.772092533951430404e-02
9.556781795350990372e-01
1.985457736304729881e-01
-6.907417762425140939e-01
4.199537811113780439e-01
-4.044268722450363729e-01
-2.899719877340671825e-01
2.012291244623423125e-01
8.182214793209425796e-01
-2.197935262571995008e-01
-2.856627680805838843e-01
7.179353193860857907e-01
-9.942732536069676108e-01
7.649021888632951960e-01
6.322141834037224850e-01
4.184510680012674122e-01
-1.491014416350480154e-01
0.000000000000000000e+00
2.670171395957521288e-01
-7.664906666052635487e-01
-3.069346952733926770e-01
-6.598267945151714553e-01
0.000000000000000000e+00
1.000000000000000000e+00
4.816513619770423915e-03
-8.823545011938127569e-01
-9.559862686935236553e-01
-3.085507321144889126e-01
-6.470055760144839407e-01
-1.723455702605392048e-01
-6.183016384536643706e-01
-1.772242342164869200e-01
2.999098773478121593e-01
-7.540955531326121175e-02
-6.575507180777049321e-01
3.642734865876693373e-01
0.000000000000000000e+00
2.995441082212928485e-01
4.664549841598759627e-01
2.830432026310516491e-01
5.992221131943142876e-01
1.000000000000000000e+00
7.935296254511470249e-01
4.060693761012208469e-01
-3.599065179328759800e-01
9.606602738655216633e-01
1.169272145812618735e-01
-9.841765158230979527e-01
0.000000000000000000e+00
3.217254145779022689e-01
2.493259268972813913e-02
-4.137922187164047028e-01
6.342967388278153429e-01
-1.757799446456322912e-01
6.988901822527988639e-01
0.000000000000000000e+00
-5.050542647162927778e-01
-7.398050839927765576e-01
-3.396606757395590481e-01
4.045432800447970045e-01
0.000000000000000000e+00
-9.146050097590765482e-01
1.947159326459968476e-02
7.405106988863743300e-01
9.428817822464945486e-01
-8.432738379859043842e-01
-2.761371039724271892e-01
0.000000000000000000e+00
1.834902275518548453e-01
-4.558591577182615762e-01
2.558481796548108811e-01
0.000000000000000000e+00
8.899411839666442336e-01
-8.620102320766043213e-02
0.000000000000000000e+00
3.937169936507307622e-01
-8.105626124077001116e-01
0.000000000000000000e+00
4.911395161650611296e-01
2.412029920016478535e-02
-5.757273739054316053e-01
0.000000000000000000e+00
-4.958262357687750477e-01
5.743531217664108457e-01
-5.571325980514816312e-01
0.000000000000000000e+00
8.358609130268392917e-01
3.591138183779858384e-01
-4.708267721774970216e-01
6.574905293439541332e-01
0.000000000000000000e+00
0.000000000000000000e+00
-1.387398760948972409e-01
0.000000000000000000e+00
-6.438426579933542726e-01
