4.116701851950088642e-01
1.193430207127810228e-01
-1.231478981730946831e-01
0.000000000000000000e+00
0.000000000000000000e+00
5.597832721899429487e-01
-9.513564436587551576e-02
-8.033236417571238963e-01
2.120510979509515614e-01
2.514558551979746426e-01
3.835105805837926152e-01
0.000000000000000000e+00
0.000000000000000000e+00
-6.343128962840423046e-01
5.172634605417518738e-01
-5.056906853532125989e-01
0.000000000000000000e+00
-3.065188083134329222e-01
0.000000000000000000e+00
-7.131491098417761521e-01
1.402826679730411197e-01
9.374854201873581427e-01
4.670172915656320978e-01
3.092217513240214100e-01
2.431510868710202722e-01
-5.658680918404046523e-01
-7.098907096129478678e-01
-3.189079068895022129e-01
-8.075485356248006674e-01
0.000000000000000000e+00
-1.606925892900272768e-01
-4.317694003606364905e-01
5.914061111297514994e-01
8.219317717261025447e-01
-2.468470629413406225e-01
1.595798090210336362e-01
6.731610876818561184e-01
9.260580452898556914e-01
-7.316392884775828609e-01
0.000000000000000000e+00
-4.266904121572878683e-01
5.321704873066079866e-01
8.634489968919962788e-01
-3.339116983195467014e-02
0.000000000000000000e+00
-2.642199695798777004e-01
0.000000000000000000e+00
5.100697407129977101e-01
-7.760149972397105689e-01
-1.255005543900384879e-01
-7.668935130484739737e-01
7.084574262991027993e-01
1.728912836565192901e-01
-5.964956025461993772e-01
-9.502401253894021682e-01
7.017555840845219883e-01
-3.996660677171237630e-02
8.673119851760513477e-01
-5.495382147305682974e-01
4.107408733063604434e-01
-3.643261757911706589e-01
-3.706716064507120656e-02
0.000000000000000000e+00
0.000000000000000000e+00
9.051424704904160734e-01
-9.957209872962224928e-02
-6.240640581553644761e-01
-1.536363256801782651e-01
-9.755586290297291185e-01
0.000000000000000000e+00
9.562188584872215458e-01
8.892637649540624523e-03
6.768988826618336230e-01
-1.481055539972875312e-01
0.000000000000000000e+00
0.000000000000000000e+00
7.245781438814311581e-01
-1.591252124905739862e-02
4.100585598774697527e-01
5.605115711330417305e-01
-5.863612722138114020e-01
-9.348057941941623206e-02
-1.312315581434317924e-01
-4.275325107470544506e-01
5.603693505147480103e-01
-9.342317707912448643e-01
-5.663911202072755557e-01
0.000000000000000000e+00
-1.311350263040158559e-01
-2.321606653714769486e-01
-9.182686459108910793e-01
-4.843895557813833186e-01
1.457045511126102699e-01
-8.351927605399549481e-01
0.000000000000000000e+00
-3.629381668718245635e-01
2.149668366734003300e-01
0.000000000000000000e+00
0.000000000000000000e+00
-8.821830421010545820e-01
8.954499962802309199e-02
0.000000000000000000e+00
-5.220834033722341339e-01
4.746044348304676586e-01
7.739401203132834084e-01
7.350882355760368636e-01
6.878237222045220367e-01
-7.624169385908590169e-01
-2.509830577402991647e-01
3.027502106501258616e-01
-3.309731725605793429e-01
8.081086720901040632e-01
8.580107503448426431e-01
1.258336314037782344e-01
7.819101364122700293e-01
-3.011080077095904528e-01
7.149357919757854951e-01
-8.890211806181174126e-01
0.000000000000000000e+00
3.341540477085040983e-01
6.304490952158778860e-01
-1.903055195014722312e-01
0.000000000000000000e+00
0.000000000000000000e+00
-5.884598056336733940e-01
0.000000000000000000e+00
-1.437985063124807006e-01
-7.884842260293856153e-01
2.647482160846565957e-01
6.322493083897491317e-01
-9.695560536353109438e-01
0.000000000000000000e+00
3.010284802152793926e-01
6.456071691650078215e-01
0.000000000000000000e+00
-9.080383992116056735e-01
-2.628026139158823327e-02
0.000000000000000000e+00
-6.611737931166605797e-02
0.000000000000000000e+00
0.000000000000000000e+00
6.951199301618007365e-01
0.000000000000000000e+00
9.483972842147463389e-01
4.002128820902923767e-01
-5.091851596441405725e-01
2.861596271688182647e-02
0.000000000000000000e+00
1.505564571734727686e-01
-4.071848047878301458e-02
-1.246453675850534015e-01
3.607702802964889433e-01
-2.523055244140670617e-02
1.450800566236074562e-01
0.000000000000000000e+00
5.037882775697575255e-01
-8.883785726419264339e-01
-1.927244930189910832e-01
-4.583821708765922764e-03
-9.556726366705468045e-01
-8.689712729567693472e-01
9.589285736950994288e-01
0.000000000000000000e+00
-9.097848000769559462e-02
0.000000000000000000e+00
7.998610303320754511e-01
-3.378943059293575413e-01
-1.311521112692140001e-01
0.000000000000000000e+00
-1.438299682287691450e-01
9.105357704971983601e-02
0.000000000000000000e+00
8.867656394012193299e-01
7.896184943245641019e-01
0.000000000000000000e+00
-2.251418540293927961e-01
-5.377533661432412071e-01
0.000000000000000000e+00
5.219133488990879144e-02
4.553864919446166670e-01
0.000000000000000000e+00
0.000000000000000000e+00
2.075854288878060672e-01
-8.117485837322289122e-01
-6.364768411812460336e-02
1.391987560962864023e-01
1.202591698362811545e-01
5.957281321428145038e-01
-8.718671582736456926e-01
-6.005588241110308978e-01
5.419397742660476691e-01
0.000000000000000000e+00
-2.887691436037407300e-01
0.000000000000000000e+00
7.298389343072222424e-01
-2.035516697394368357e-02
3.139420228502833865e-01
7.239717270624046463e-02
9.576769606622970166e-02
3.031745481777243789e-01
3.915666121780536635e-01
2.613305377662942242e-01
0.000000000000000000e+00
4.284802956849207423e-01
-3.611355192373757461e-01
-6.965314089219516447e-01
-3.304613271329810420e-01
5.866447657289697304e-02
-8.535208253570114589e-01
0.000000000000000000e+00
8.278613819224103221e-01
2.387623318011395934e-01
0.000000000000000000e+00
-5.741454700036205949e-01
8.237696283148789878e-01
0.000000000000000000e+00
2.930370349119841844e-01
-9.419701654468375374e-01
0.000000000000000000e+00
6.521273138648449041e-01
2.599534789393533885e-01
0.000000000000000000e+00
5.901434120117270421e-01
9.535216157867412168e-01
-3.612485342599911498e-01
9.017336927935581947e-01
-9.852427734287376726e-01
2.216074100741138864e-02
0.000000000000000000e+00
8.216884185034749599e-01
8.187802577606253518e-01
0.000000000000000000e+00
2.068903661983996223e-01
3.529989220505516112e-01
1.573130264827027336e-01
0.000000000000000000e+00
8.910512960291228080e-01
-2.599509927531780118e-01
5.603225478253068825e-01
6.481997361456250939e-01
-6.631859554073813445e-01
-9.826604804503342727e-01
4.964998296920224430e-01
4.661595383354291133e-01
-3.200423502790945562e-01
6.428266543138356770e-01
-9.776673065308976174e-01
6.511258413315856863e-02
0.000000000000000000e+00
7.500256392767308267e-01
9.518983659476372150e-01
9.199168105561468245e-01
0.000000000000000000e+00
1.550209399164901303e-01
-2.931466375117515177e-01
-7.829864594141755507e-01
0.000000000000000000e+00
0.000000000000000000e+00
1.920669939568349083e-01
0.000000000000000000e+00
0.000000000000000000e+00
7.014081401438301278e-01
-6.636270600918556806e-01
-3.215851077544007453e-02
-6.697237006710241580e-01
