7.528318143428756049e-01
9.414174973754791953e-01
5.200174506176116207e-01
-4.214713049678397994e-02
-9.631394891795865831e-01
4.962132735411330930e-01
-3.283292021018608953e-01
-3.010948847432886044e-01
-4.065915495320133743e-01
0.000000000000000000e+00
-3.475825885971450813e-01
5.496031414323316877e-01
8.139472435505219483e-01
-7.742751530309015529e-01
-1.718478316846667742e-01
9.120080448277274598e-01
-5.798431915559418837e-01
-1.257158958634163604e-02
-2.657228752515237158e-01
7.068013818605929366e-01
-6.557713300320322514e-01
0.000000000000000000e+00
3.364418093489667250e-01
0.000000000000000000e+00
0.000000000000000000e+00
3.326654543178313439e-01
3.119868648379315879e-01
5.809710757901356271e-01
1.393344014813557852e-01
5.424515319858993490e-01
-8.268350042510750342e-01
9.924096954485932542e-01
0.000000000000000000e+00
-5.854708344734957937e-01
6.911982415053603557e-01
-5.411025905146109594e-01
-3.103199309109936355e-01
0.000000000000000000e+00
2.475896236444901088e-01
1.260851931115829494e-01
1.302688173516439729e-01
3.534085458332780760e-03
-5.791840898766009715e-01
1.526958258767134868e-01
6.253057484364270557e-01
8.116708440993471996e-01
0.000000000000000000e+00
6.212297066586680572e-01
8.523494711321211170e-01
-7.081278837949727123e-01
-5.162692468613838681e-01
0.000000000000000000e+00
-2.101140541216042212e-01
4.801128659396602938e-01
-6.221976520720293724e-01
-7.914767536487297139e-01
-5.471399688725520072e-02
-1.993094188636226338e-01
1.771175332520384949e-01
-8.623472814526953467e-01
-9.592591778265515678e-01
2.045035601301814498e-01
5.890499961389548123e-01
2.126040436707499204e-01
0.000000000000000000e+00
-8.645678331128636707e-02
0.000000000000000000e+00
-2.448370788674609777e-01
1.000000000000000000e+00
-4.064246926201255938e-01
6.381620979846065467e-01
9.731125751127573942e-01
7.501859248014490777e-01
-9.723476711756178226e-01
6.771979997042683053e-01
-6.047021178986717871e-01
-9.464235941918286432e-01
0.000000000000000000e+00
-2.352830387703130910e-01
-1.365585829256161787e-01
-6.592641884132943719e-01
7.865273615383197026e-01
1.943632998680882018e-01
-7.751817415649484566e-01
-8.900946845428614473e-02
5.829903917927556911e-01
-4.320863515596422566e-01
2.028153504175951305e-01
-9.623204164847520836e-01
-4.823010027408496381e-01
0.000000000000000000e+00
2.010642433107678873e-01
1.049401707339783218e-01
5.793821879728393576e-01
8.625800788689308440e-01
-8.404357968385873789e-01
-2.869141317264800595e-01
1.982045859447907343e-01
0.000000000000000000e+00
-9.429664844817171598e-01
-9.596140944130480133e-01
-1.142774987747330329e-01
3.503006510355359815e-01
-3.374923779507810195e-02
2.165838421688521809e-01
4.288937590945436362e-01
4.169898719870068771e-01
0.000000000000000000e+00
5.785583789708592661e-01
-2.152540152479165414e-02
-3.946191959564437912e-01
0.000000000000000000e+00
-6.498106374158767462e-01
4.141074760851217729e-01
5.388369589917139102e-01
0.000000000000000000e+00
-4.662660223353976008e-02
-1.354943349895407767e-01
9.546973214571909949e-01
1.747128255908036998e-01
7.364063898568502520e-01
-6.698817701770711786e-01
-9.637514392079911119e-01
0.000000000000000000e+00
0.000000000000000000e+00
0.000000000000000000e+00
2.038970193674358722e-01
-1.575325942632812559e-01
5.645749792134113765e-01
-4.746874661505895432e-02
8.108046842787430819e-01
-9.262199443521845765e-02
3.744054715509204101e-01
-7.152106606961945445e-01
5.934804532316928505e-01
2.016160801555413329e-01
0.000000000000000000e+00
3.800495864361022047e-01
1.998767425475160842e-01
-5.816294708359535104e-01
3.503489133793742383e-01
4.714935768095562807e-03
-1.772588950283506826e-01
0.000000000000000000e+00
-3.991029051472021472e-01
4.310579123774720411e-01
6.085610749992740320e-01
-6.208213334798386995e-01
0.000000000000000000e+00
8.147230251726282901e-01
8.408796814992984814e-01
9.575929346887457339e-01
5.055520225665386391e-01
0.000000000000000000e+00
-7.657388608627448967e-01
-4.432498565626232789e-01
3.555583718648318570e-01
3.617328677762781108e-01
0.000000000000000000e+00
0.000000000000000000e+00
8.329021836253824862e-01
3.973344163061840462e-01
-7.965021140351074003e-01
-4.814000982708310783e-01
2.769441260907712365e-01
-9.528804694279033871e-01
1.042342137874054941e-01
9.328397926612947977e-01
4.365924102983855803e-01
0.000000000000000000e+00
-5.705906338449835413e-01
-7.367936728279933511e-02
3.945814126235489550e-01
-1.881483742040737095e-01
-1.907834847363609754e-02
0.000000000000000000e+00
0.000000000000000000e+00
0.000000000000000000e+00
-6.086243571596785529e-01
9.137531647377450383e-01
-9.249399281053221067e-01
-7.620103768854840087e-01
3.056302281019991351e-01
-7.140983850299289504e-01
5.272669527931395095e-02
0.000000000000000000e+00
-3.958298353508138412e-02
0.000000000000000000e+00
1.679917739677216915e-02
-8.167221660110692838e-01
-2.038406642473595820e-01
7.565613127224872780e-01
-2.194177748144972018e-01
9.109189630195440035e-01
-7.710588879060564782e-01
5.307567384550344602e-01
5.433284392869830448e-02
0.000000000000000000e+00
9.868578592295067509e-01
8.759988766771078517e-01
5.755797923486571932e-02
2.988554886454359849e-01
-3.456287675156328731e-01
-1.340628218689821072e-01
-8.121994438864796884e-01
3.919137446383718082e-01
-1.704749073589117980e-01
-8.783031954936970642e-02
1.755467994692112566e-01
8.682654502602176194e-01
7.363905902333400810e-02
-7.415052748484811662e-01
-2.212713309768550296e-01
0.000000000000000000e+00
-5.154959469189741572e-01
-7.682356352828974000e-01
9.609989103490559348e-01
2.638498367353454555e-01
6.934509724864912350e-01
-9.192386647596852978e-01
-3.942617120716647161e-01
4.389336895287574425e-01
-5.366470952674884387e-02
8.744745020959101556e-01
3.576779071506883678e-01
-3.348936836907161485e-01
7.994712498233129683e-01
-8.815105200733421853e-01
7.982591095940017034e-01
-5.983290050273217808e-01
0.000000000000000000e+00
0.000000000000000000e+00
9.170982426551905764e-01
8.525586133220166563e-01
1.475609094526795229e-01
5.010250875213844157e-01
-5.021306180468536606e-01
7.010235853559318997e-01
-8.810398116286506376e-01
-2.618608226458323252e-01
-7.732327589902698861e-01
-7.687727157241011078e-01
5.855835052769704507e-01
0.000000000000000000e+00
1.359070701323039643e-01
9.562843317996922998e-01
-1.341512867926650809e-01
5.660988880412936020e-01
7.452586055776639906e-01
-9.676510414091334944e-01
-5.547641809789976008e-01
-5.848322946868402816e-01
3.145986440134398432e-01
3.219298427099022142e-01
0.000000000000000000e+00
8.222579777968470616e-01
1.272656907734335263e-01
9.695352373579368965e-02
0.000000000000000000e+00
1.628666886880527631e-01
-7.800007456699593611e-01
4.674993695165434726e-01
2.490344815661620359e-01
2.148259696853647149e-01
-6.810829977353241027e-01
