-6.895287077233380746e-01
5.407626711962669752e-01
2.869273953996536175e-01
0.000000000000000000e+00
-4.808708424417509342e-01
0.000000000000000000e+00
0.000000000000000000e+00
-1.087361896267404759e-01
-8.275881248534304735e-01
6.120071395025601380e-01
6.420551366298488105e-03
4.202480255664815534e-01
5.423054091722723236e-02
8.381991598072335847e-01
4.936423331512012069e-01
4.456588389605389278e-01
8.106658313741621491e-01
0.000000000000000000e+00
3.751020941557379196e-01
-7.771849127535332968e-01
5.889189874090512422e-01
-3.722081515268294005e-01
-5.328807516255809062e-01
8.466297986643829265e-01
8.956822938071131723e-01
0.000000000000000000e+00
-7.142168068121113045e-02
4.516866451469601085e-01
-7.232221691517102258e-01
8.503850707008067111e-01
0.000000000000000000e+00
-1.634079148191287523e-01
-7.818903504106673452e-01
8.674925362571266341e-01
0.000000000000000000e+00
4.484370520805356364e-01
-1.277570417857196716e-01
0.000000000000000000e+00
1.000000000000000000e+00
-6.674925514184832931e-01
-8.637733726219649633e-01
3.227546305052402253e-01
3.930871797336141782e-01
-8.716026356876600545e-01
0.000000000000000000e+00
0.000000000000000000e+00
-4.664365446649767488e-01
-6.133114912107391348e-01
-8.524280029795292535e-01
-4.319931669402157226e-01
-1.568336418472093818e-02
4.572573299991660178e-01
6.074173529712509900e-01
-2.345317599019558497e-01
-7.693214226579594417e-01
-9.773875438323496034e-01
6.559340171829781685e-01
0.000000000000000000e+00
5.004679317121176751e-01
3.442186869366004043e-01
-7.447643226702718167e-01
-8.980785234149899487e-01
-7.554400468210598074e-01
0.000000000000000000e+00
0.000000000000000000e+00
7.916013685724225812e-01
0.000000000000000000e+00
-6.709926850588778802e-01
-8.049703634794738161e-01
-5.548944938884301514e-01
-4.030282616655105343e-01
9.344938077713533797e-01
1.000000000000000000e+00
2.004005970184936647e-01
8.473326165208294736e-01
3.984754207781613378e-01
4.880255419552776974e-01
9.908273753354619462e-01
-9.642681763997775768e-01
0.000000000000000000e+00
0.000000000000000000e+00
-5.993221705337605787e-01
-7.394528988381565693e-01
3.257759008259759614e-01
4.862779507330678985e-01
-4.045462181768688659e-02
4.638015679910603151e-01
-8.843642325208822541e-02
5.810995634085824868e-01
8.076860370431386826e-01
0.000000000000000000e+00
9.685140867123154251e-02
0.000000000000000000e+00
7.676407143636114760e-01
-1.454244089440950294e-01
9.532777917953261237e-01
0.000000000000000000e+00
9.566615985121931232e-01
6.174804248754215408e-01
1.529170129047570104e-01
-3.479535981015038359e-01
-1.188347423093683020e-02
0.000000000000000000e+00
-8.493221017656342742e-01
5.759644394211604901e-01
-8.911239794273884129e-03
-1.926294898695490865e-01
-9.945596347501317602e-01
5.404302742950761740e-01
-2.933291947341372108e-01
0.000000000000000000e+00
0.000000000000000000e+00
6.847874142545029574e-01
2.776118886259282270e-01
-5.079560767982327363e-01
-4.215414307667000315e-01
-1.526692493052734800e-01
0.000000000000000000e+00
-8.213148813311557106e-01
-9.561806638696612737e-02
-4.311934730844013686e-03
0.000000000000000000e+00
2.123687883215050753e-01
-6.034473194725680223e-01
-7.505294338051389236e-01
-9.727930143665903806e-01
9.278036698283411710e-01
-6.323431989143410981e-01
3.459758391045131276e-01
1.946600695332101338e-02
7.815874550056616243e-01
0.000000000000000000e+00
5.626306814358763564e-01
0.000000000000000000e+00
8.185464789372614014e-01
1.249636201454198403e-01
3.040832930281101021e-02
0.000000000000000000e+00
-7.562998769749862404e-02
3.723893035041752064e-01
7.824641516091086491e-01
-4.725503765188516780e-01
7.947218233213766414e-01
-1.379119614432640084e-01
4.105007349077489653e-01
-3.765124104549006923e-01
1.453847852776757321e-01
1.000000000000000000e+00
0.000000000000000000e+00
-8.860159323080429861e-01
-7.999837683389934284e-01
-8.863263633961286914e-01
0.000000000000000000e+00
-8.427963153013893205e-01
-6.637829133000632265e-01
-5.837492994915138844e-01
0.000000000000000000e+00
-3.667998068216424823e-01
5.035811465390900299e-01
1.302892988146258091e-01
-1.690210979903425947e-01
3.301538722524686165e-01
0.000000000000000000e+00
4.557391444027756311e-01
-3.305403449409578531e-01
-9.691174440723302475e-01
0.000000000000000000e+00
0.000000000000000000e+00
1.000000000000000000e+00
-3.109751965599416579e-02
2.827932381292179720e-01
0.000000000000000000e+00
-9.629369686580508958e-01
0.000000000000000000e+00
7.072706572700939720e-01
-7.557205786924825475e-01
6.555276806556227243e-01
0.000000000000000000e+00
9.636248084182417184e-01
1.000000000000000000e+00
3.522511850850116311e-01
3.248179869998568670e-02
-9.770926925167693344e-01
7.232827869191038594e-02
-5.704217049875566214e-01
0.000000000000000000e+00
6.929554721723363286e-02
-4.754412450424183589e-02
0.000000000000000000e+00
9.365784769649101449e-01
-2.684934984101663424e-01
5.416492409153927934e-01
-6.626683450663162223e-01
0.000000000000000000e+00
0.000000000000000000e+00
6.435519153029161110e-01
-6.940391062232555974e-01
-5.863705576740763092e-04
-7.425890021715999545e-01
-7.347173457756606130e-01
3.930506884701492343e-01
-7.072659520003412581e-01
5.309458546097218790e-01
-9.429216031141878229e-01
0.000000000000000000e+00
0.000000000000000000e+00
0.000000000000000000e+00
0.000000000000000000e+00
0.000000000000000000e+00
7.121509493320192785e-01
-7.640388468326893001e-01
0.000000000000000000e+00
3.992848283158600964e-04
0.000000000000000000e+00
-6.826365513432204324e-01
3.967371830265540300e-01
0.000000000000000000e+00
0.000000000000000000e+00
-7.315424284668230470e-01
-4.366016779217429811e-01
-9.391674236588265501e-03
-1.223166630082750395e-01
1.758972583495199693e-01
3.392098066621398456e-01
-8.370987692295559501e-01
4.291122916301097767e-01
0.000000000000000000e+00
9.528981489575709674e-01
4.434493164691133416e-04
-8.975617295641378224e-01
-6.506092433084349480e-01
3.193810329086237410e-01
-8.912987548207025323e-01
-1.136223203026067718e-01
5.734825090543425041e-01
-9.863613122012857559e-01
-1.012734536398514074e-01
0.000000000000000000e+00
-3.045976052419239188e-01
-2.357130505296067824e-03
1.281805686221930696e-01
-3.165165767443378630e-01
5.152270413908808244e-01
6.566086496332002032e-01
-1.224219215545276906e-01
6.666069581526734567e-02
3.659105373425155516e-01
0.000000000000000000e+00
-2.927014675760448714e-01
-6.526500121035980762e-01
0.000000000000000000e+00
0.000000000000000000e+00
0.000000000000000000e+00
7.160258575395674896e-01
-9.522109355604255754e-01
-8.702179727263334996e-01
-6.240493731078866624e-01
1.566541543875650255e-01
2.088769426935088713e-01
-1.463861349089852215e-01
-3.126462347719269896e-01
-4.330297147208777009e-01
-5.013277346469642293e-01
6.595946149321081364e-01
0.000000000000000000e+00
