7.133187297745857691e-01
-9.292129742918915358e-01
6.661104624897107307e-01
5.932019339394840607e-01
0.000000000000000000e+00
0.000000000000000000e+00
-2.246960482839237550e-01
4.147269605959225114e-01
-4.107547888266240843e-01
-9.328174371283954880e-01
1.585262590175573472e-02
2.438729638905992037e-01
0.000000000000000000e+00
7.223973876258178439e-01
-6.507517196120340408e-01
7.318392562792981337e-01
-8.528585371433003992e-01
-3.197514856361935998e-01
-9.441813058615451393e-01
1.753036218627881393e-01
-9.363588960998385780e-01
-5.745061898314915982e-01
-5.285120411485411118e-01
4.639316831996331825e-01
-3.513372588749801295e-01
9.763651746270236575e-01
4.662363514111487195e-01
3.260276673237583189e-02
6.078988020786475488e-01
4.707337691131785462e-01
0.000000000000000000e+00
8.931685939678635222e-03
0.000000000000000000e+00
-7.196797832248913451e-02
-1.821543504346994080e-01
3.900223677360454833e-01
0.000000000000000000e+00
6.410417341504504041e-01
3.547671648456285354e-02
2.148519652566074356e-01
0.000000000000000000e+00
3.445531716820664503e-01
2.601445694398636377e-01
-2.936412037682130105e-01
-2.144635572799513668e-01
8.680031366392813030e-01
0.000000000000000000e+00
1.913554066803384579e-01
-5.405747311667250532e-01
-2.214371543600244241e-01
0.000000000000000000e+00
7.111561018601606499e-01
2.405642309869047146e-01
-5.339784758966823475e-01
0.000000000000000000e+00
2.323001852727835104e-01
6.820270424035386192e-01
4.118540229284071152e-01
4.959197648734445796e-01
0.000000000000000000e+00
9.626678582720171740e-02
-6.579464315767546978e-02
5.835998001586422124e-01
1.687104654119733205e-01
4.167462130893642147e-01
-2.369065113853308091e-02
-6.628914098771776509e-02
-9.488829609570512691e-01
2.231105726195909966e-01
-4.649739573696529682e-01
-9.344422691403480030e-01
6.111668846906819219e-01
-3.101757274944751952e-01
1.931650499718839953e-02
-6.836446990851454686e-01
-8.277754048655061592e-01
-6.126343740625115331e-01
-7.033905302569829487e-01
-3.732995429526542175e-02
-3.804142542988533382e-01
4.837713656230602233e-02
-5.563127851230496024e-01
1.597435481423923331e-01
-8.065983536968328593e-01
8.698014121803783194e-01
8.934861209950939465e-01
3.148850808672851720e-01
1.469099262726161204e-01
-2.469796520038785026e-01
-1.910195004911583450e-01
-5.520430792876160897e-01
4.085416146052653907e-01
9.757178549950269453e-01
0.000000000000000000e+00
-7.249464443386732793e-01
0.000000000000000000e+00
4.212358052734457292e-01
-5.735740489330216629e-01
2.387496472644961010e-01
0.000000000000000000e+00
7.683602199990866577e-01
4.566647323406993753e-01
-7.858027095237340998e-01
-3.066545228796773159e-01
-2.307119531149346425e-01
7.540864153576931628e-02
1.759885513486443287e-01
4.055681353472646578e-01
8.193177899394887831e-02
2.630306267872770665e-01
-2.410829200351785051e-01
-7.616807289762088651e-01
-9.253764839900733286e-01
-8.961872587267993850e-01
5.033658940444563079e-02
3.431367859632543649e-01
-5.804894406435998633e-01
-6.106304054469302578e-01
-2.583913369903743096e-01
7.385403479305248098e-01
4.350639025952840466e-01
-3.799788678528497332e-01
-6.871992007617659937e-01
1.625654565941496710e-01
2.298269945984590112e-01
5.630905490062165786e-01
-2.770520672104588300e-01
4.448876433676614006e-01
-1.332211560271352457e-01
-3.634199436950602546e-01
8.712681936206185807e-01
-5.763151238973138746e-01
-2.634788387907249785e-01
9.814950551133514445e-01
-9.932171818816035724e-01
-6.818303612871359221e-01
2.647418621716151055e-01
7.804528769420027157e-01
-4.806828355290007071e-01
-9.851028671030532813e-01
-9.643507210113595463e-01
-5.130462617965017014e-01
4.581450344907880279e-01
3.227463860208035218e-01
4.011095816543681636e-01
8.235120489292957480e-01
-9.209827125085119359e-01
-2.166733202053472418e-01
1.432140231783800566e-01
-4.626964258469139502e-01
-1.851748645024196005e-01
-2.844204592668433396e-01
-3.967222941022097160e-02
-9.033274165405702494e-01
-6.557765320018966726e-01
-6.075558031688266247e-02
-1.540157089980274119e-01
7.966293019161656552e-01
5.447447076200970795e-01
7.260897042673541968e-02
-6.549915781414505922e-02
-4.982462595061030175e-01
6.664266414285462403e-01
5.206497941107859351e-01
7.093585062229712523e-01
-2.643619565071724242e-01
-1.762126851572158870e-01
3.084244490708651920e-01
-3.080778480494132943e-01
-8.692979641039053629e-01
3.977103505493273516e-01
-3.360538524886378386e-01
-6.756924709700453668e-01
1.015242199960881830e-01
-4.655725996630115660e-01
-7.962650782089397694e-01
3.088258327127335612e-02
-3.049318476062858885e-01
-8.208382702121346242e-01
2.502736298388590352e-01
7.237425533925723187e-01
8.853491975586174068e-01
-3.647227955074618944e-01
-8.297166443143069170e-01
1.370173932972873487e-01
-6.169860387885077735e-01
3.405243021155304195e-01
-5.124460822309575558e-01
4.611771727540527888e-01
-3.446553314038267590e-01
-5.873961832136020966e-01
1.920212242330752161e-01
8.433084501167000813e-01
-9.015901207760814717e-01
8.914025056218013443e-01
6.941759536767164729e-01
-7.375985153020481189e-01
6.233146170618599768e-01
0.000000000000000000e+00
-6.636350628415172981e-01
-3.838081578591674425e-01
-9.867677411247499641e-01
-6.960120263851699018e-01
-1.772305802288389742e-01
-4.192969242894939441e-01
-4.571629439562228114e-01
4.294554400216203938e-01
-2.155687455630286298e-01
-9.114853137216589740e-01
-7.853909498678051104e-01
9.012072915831872422e-01
-6.214740654119328411e-01
-4.115991176647515459e-02
6.939122078264907678e-01
-8.815828001419891979e-01
0.000000000000000000e+00
-8.944068082038985068e-01
0.000000000000000000e+00
9.635577776802999317e-01
4.996483641777680340e-01
-6.479426169758859544e-01
-7.970433371182839011e-01
-5.130848559939531484e-01
2.896308587012115243e-01
6.647875487672860739e-01
8.522622137979953827e-01
7.262641376755440970e-01
-1.872367999013158091e-01
-5.139928898856265249e-01
1.099600640913545035e-02
-8.787322738405485278e-01
8.612330277681703450e-01
-7.521486938069879002e-01
-7.725093598130685635e-01
-7.766019848695084882e-01
-4.924518656726852850e-01
4.672665984471620071e-01
1.000000000000000000e+00
0.000000000000000000e+00
-7.849719405935660088e-01
0.000000000000000000e+00
6.370641802948395771e-01
1.509771869349603168e-01
7.547652584813477894e-01
-7.974066610459058513e-01
-8.473378084133054156e-01
0.000000000000000000e+00
4.153642928726442030e-02
6.048163320159971601e-01
1.240212779384961550e-01
-8.784465890884662898e-02
-8.971735442740511601e-01
0.000000000000000000e+00
0.000000000000000000e+00
-8.486991768773417544e-01
5.102215092256168205e-02
0.000000000000000000e+00
3.755647744597594428e-01
-4.862932379780102732e-01
0.000000000000000000e+00
9.129455662450904896e-01
1.000000000000000000e+00
0.000000000000000000e+00
0.000000000000000000e+00
7.318080931613697437e-01
