-7.005226142937861500e-01
0.000000000000000000e+00
0.000000000000000000e+00
0.000000000000000000e+00
0.000000000000000000e+00
5.197109521842022684e-01
-5.931768092772071732e-02
-7.712500705294220715e-01
4.019351834116411393e-01
-5.359609226226005330e-01
-7.704465518960552650e-01
-2.774008018150095900e-01
6.263219615154171915e-01
7.513293476570082063e-01
-1.360314647397375953e-01
-2.516781595441262009e-01
4.176469449352713248e-01
9.080482569709886764e-01
7.745229982512669142e-01
-3.182836065084879706e-01
0.000000000000000000e+00
-5.968971062330374888e-01
-9.923069973064320148e-01
1.216049217557406692e-01
-8.077170379450748783e-01
3.568884325913861399e-01
4.204963914213237786e-01
-6.468546420919274453e-02
-6.304466897439777728e-01
-4.153576485165118015e-01
-8.370395697559798176e-01
6.983321777555810961e-01
-2.048849295093333467e-01
7.291622148356307065e-01
-9.770688365102626616e-01
6.256050020583130422e-01
-4.310066134476480126e-01
-2.865481429010656722e-01
-8.118112003704855972e-01
7.043605416554201692e-01
2.393597008218473210e-01
5.319463002050286438e-01
3.258256093186848723e-01
-1.060733504248332348e-01
-1.466202591465053384e-01
4.088233767642723837e-01
-5.981954038726595702e-01
1.338360388059967043e-01
-9.303218275815270388e-01
2.956353472416790584e-01
-1.766531901357279999e-01
0.000000000000000000e+00
-9.655465898391877300e-01
4.643412678871017274e-01
4.639281215525927760e-01
5.611466688154729265e-01
8.122349978676868254e-02
-9.127417934004309341e-01
-5.950356983198366034e-01
4.398175911914969927e-01
8.926576031725246274e-01
3.738385840552260753e-02
0.000000000000000000e+00
-8.750278238350037707e-01
9.375355897784685144e-01
-6.070891518588896751e-01
2.174041763601319843e-02
-6.888373594769703345e-02
-7.317901397604626990e-01
0.000000000000000000e+00
2.683480054996700837e-02
-4.218205469704017219e-01
0.000000000000000000e+00
7.363707466896347587e-01
9.309642969938658474e-01
0.000000000000000000e+00
-7.750146954593462034e-02
0.000000000000000000e+00
-7.383242359412789391e-01
-6.859508475883981937e-01
-7.744718110735668848e-01
0.000000000000000000e+00
3.876008133365305142e-03
5.266820836724750432e-01
-3.707726032309266451e-01
-9.278235964886749620e-01
-7.093786624662263840e-01
-9.331607416657496934e-01
-8.377800967122495113e-01
1.539309604387493202e-01
0.000000000000000000e+00
1.103503996434311851e-01
-4.960348927371180938e-01
-2.141900230527304938e-01
1.000000000000000000e+00
8.514783529879643709e-01
-7.285984352704359956e-01
0.000000000000000000e+00
-3.649209422893442412e-01
5.847923140458242131e-01
9.537244631041728038e-01
0.000000000000000000e+00
1.055531846540469498e-01
-4.121217432829944460e-01
0.000000000000000000e+00
9.833205363038284297e-01
-8.311658164011068717e-01
5.838486057718883515e-01
-5.045676108690884121e-01
-4.391314390741196672e-01
0.000000000000000000e+00
-6.176027469477485266e-01
7.344121459650632122e-01
5.885973216221567217e-01
9.814048420128385075e-02
-7.798293709006423047e-01
-5.488044028618426218e-01
-6.490402895066358369e-01
9.577683514610122462e-01
9.068512852903731769e-01
2.284420985670674309e-01
3.651655377254086066e-01
2.485641256429118595e-01
8.315865977676064613e-01
4.330138161709691236e-01
-4.704838689264567719e-02
8.481158865208457964e-01
9.468604366039279352e-01
5.125293124029113301e-01
-8.406278480650564155e-01
0.000000000000000000e+00
8.579522586433987463e-01
7.342071179746594289e-01
4.546532977151416244e-01
-4.214275818980441901e-01
-8.054692196135091464e-01
-3.822179192517485280e-01
-5.333616702203052284e-01
6.017111167709743302e-01
-5.990731829544664322e-01
7.466544571669919694e-01
0.000000000000000000e+00
6.718743888502676231e-01
-9.233385117679100418e-01
-9.047885461771973947e-01
-9.658409904290958803e-01
-1.193011460429467263e-01
-5.523774066851450115e-02
9.712713822739698077e-01
-5.221637437996264897e-01
0.000000000000000000e+00
-7.745358098514627532e-01
-3.914251147637595185e-01
-9.556823997396524106e-01
-8.197280061811231811e-01
0.000000000000000000e+00
9.618618155820093385e-01
3.487885172239673093e-01
2.962912092092295779e-02
-1.091354917960281057e-01
0.000000000000000000e+00
0.000000000000000000e+00
0.000000000000000000e+00
-9.193354586778159643e-01
0.000000000000000000e+00
-7.525848264741228366e-01
1.000000000000000000e+00
-1.564803423912266567e-01
-3.674730489298001501e-01
7.550680515111258817e-01
-3.759651348284065442e-01
5.885342567851066242e-01
0.000000000000000000e+00
9.250512285195560125e-01
2.978599415632023906e-01
7.078472407197480276e-01
7.920635728258325070e-01
7.399054112854484000e-01
-2.258369471468473222e-01
-1.773345310441083456e-01
0.000000000000000000e+00
9.666669897124728905e-01
-4.508892470129786112e-01
2.515462361441531680e-01
9.560896389706381449e-01
-8.573500077326619007e-01
4.726396037631150904e-01
-2.137023302550220549e-01
3.688099771011581485e-01
-7.841227341401912909e-02
-3.600327668944138804e-01
5.876376280221162762e-01
-4.318538398183564553e-01
1.480122606282312514e-01
0.000000000000000000e+00
-4.571993472437365646e-01
-1.163723093027724254e-01
0.000000000000000000e+00
2.756860972988488534e-01
-1.003061479501636821e-01
4.698348768855309388e-01
9.888450052657933309e-01
-9.023859881878082412e-02
9.469733781349651824e-01
8.076307542034486531e-01
-9.830948073678753563e-01
7.109469635126652864e-01
3.843565149635084222e-01
-4.205322954799552981e-01
0.000000000000000000e+00
7.759732319775798359e-01
8.511752293274921222e-01
0.000000000000000000e+00
-1.337893957073925666e-01
2.278499678088303781e-01
-6.020195426679575412e-01
-3.854573500107107975e-01
0.000000000000000000e+00
7.019361861215331899e-01
3.703801185658279760e-01
-3.377171362203545968e-02
9.939458252802082505e-01
-5.478701355873314416e-01
-1.645724477590431167e-01
1.031147349980776617e-01
4.407497379573852569e-01
-3.000641235972307808e-01
7.363585681140327743e-02
-7.118123602661754479e-01
7.560152580890302509e-01
1.140102428816680558e-03
-4.255406557914549470e-01
4.774112620280466235e-01
6.741190323344037338e-01
4.876771258015017985e-01
2.014910006122592190e-01
-9.793550680756144544e-01
7.048907190426205727e-01
1.053330858926362357e-01
-7.361080208178953921e-01
6.743634940033467196e-01
-8.355710159633682466e-01
3.714414291375054411e-01
-5.027987949589305394e-01
-1.327605381232990212e-01
4.387981133584566429e-01
1.601007293074241389e-02
5.094910078398542375e-01
1.974839497383633624e-01
0.000000000000000000e+00
7.669381965683295110e-01
-5.872497283787412314e-01
-3.521861760698290489e-01
1.386143252023719352e-01
6.556750128737609540e-01
2.881711315667034867e-02
4.820083056652979536e-01
0.000000000000000000e+00
-5.634972808866378635e-01
5.739542242898709734e-01
-3.311574500650582564e-02
-3.389233379721654504e-01
0.000000000000000000e+00
0.000000000000000000e+00
0.000000000000000000e+00
