-1.204586981277475655e-01
4.883281803547820932e-01
0.000000000000000000e+00
-1.876258442288631922e-01
-5.164377972185556498e-01
5.324225564599609495e-01
-4.304543699973215620e-01
-3.098861475246017516e-01
8.334523196568026648e-01
-5.168006324573570787e-01
-2.929787762906614912e-01
8.956886651958393397e-01
3.343427410301518243e-01
4.804763532544729099e-01
3.811404448843360715e-01
-1.574287506427587413e-01
-3.102234061184474534e-01
7.540130084722436177e-01
3.896876645143687590e-02
3.176455827762207917e-01
0.000000000000000000e+00
1.192226089662671296e-01
6.256962723333359122e-02
5.432620590131538307e-01
5.773169691870769782e-01
4.244083662149302771e-01
0.000000000000000000e+00
6.226094454211053009e-01
-9.158461203960663877e-01
5.348947504184489166e-01
-5.553477102671890986e-01
-2.930888556326001204e-01
-2.126258115512269509e-01
3.986263716588656081e-02
0.000000000000000000e+00
0.000000000000000000e+00
-3.667769086010359558e-01
-2.779260512916206238e-01
0.000000000000000000e+00
8.626313750216423326e-01
-2.375962920413485779e-01
-9.839673501128349820e-01
7.074155729298772233e-01
7.744046709486991364e-01
6.815813715730019151e-01
0.000000000000000000e+00
-1.654320702451594904e-01
-8.693952758354233090e-01
1.000000000000000000e+00
-1.271728703756163092e-01
-7.548539033214658467e-01
2.497359080479470972e-01
0.000000000000000000e+00
-2.222241797216777393e-01
2.064967086280355968e-01
6.055298959381918422e-01
-2.817440159109805276e-01
-6.080745676751495576e-01
0.000000000000000000e+00
6.407968699786268374e-01
-8.182808765665339212e-01
0.000000000000000000e+00
-3.045639615833795055e-01
1.000000000000000000e+00
2.270578280540842542e-01
-5.284273817329268041e-01
-9.035681569627909138e-01
2.340674834940603688e-03
-7.095381169399055388e-01
1.708780443781172664e-01
6.800054201487586436e-01
8.559662992916878821e-01
4.822123511484541769e-01
-4.255757024256807686e-01
-9.172423265773692602e-01
7.878800043375939754e-01
8.889989890911549342e-01
-6.832502063693517425e-01
-1.471703497175624875e-04
-3.805846165878934428e-02
9.528574868804826625e-01
-9.139023050619752286e-01
-8.765869367947654034e-01
6.874969911832014002e-01
1.391618990940830525e-01
-7.542222392893127569e-02
5.554978512987300832e-01
1.866809345650486396e-01
3.848548191921932204e-01
-4.887499261161800668e-01
-8.301393894731479151e-01
-9.821496150432611483e-01
1.000000000000000000e+00
2.970001374973019193e-01
-2.404222572799987745e-01
-3.053440741305921691e-01
2.371094962221187430e-01
0.000000000000000000e+00
1.909087962751572221e-01
-3.765234269430437486e-01
6.434849505259172542e-01
0.000000000000000000e+00
7.869952003539717467e-01
7.851585207151392520e-01
0.000000000000000000e+00
1.000000000000000000e+00
-3.038290647200532213e-01
-2.231098576077827911e-01
-3.971397558889959711e-01
7.150442160833847538e-01
-9.584306208081194711e-01
0.000000000000000000e+00
3.447895129303633066e-01
-5.626910464389909272e-01
0.000000000000000000e+00
8.078421913472642046e-01
0.000000000000000000e+00
7.430730484416743220e-01
3.752369747655635024e-01
5.490629349106463941e-01
8.962962023139464662e-02
8.406024336724906565e-01
3.782506370891365322e-01
-8.365247370359514267e-01
-1.478864047902412882e-01
-8.881548475599678749e-01
-8.554583297123297125e-01
1.489867971456180218e-01
1.420155887279854756e-01
0.000000000000000000e+00
0.000000000000000000e+00
0.000000000000000000e+00
7.859221253391068807e-02
3.102911221237381056e-01
0.000000000000000000e+00
7.797058114069788104e-01
-4.695213068289394442e-01
-6.727989352035705917e-01
0.000000000000000000e+00
0.000000000000000000e+00
7.148548382065775808e-01
6.746264322049284612e-01
3.061128503546561852e-02
0.000000000000000000e+00
3.443473310005173982e-01
0.000000000000000000e+00
0.000000000000000000e+00
-2.624374716620005987e-01
0.000000000000000000e+00
1.141879803915033520e-01
4.070126457060307956e-02
-7.675187290378748806e-01
6.016245072347548017e-02
-6.624398250621021944e-02
0.000000000000000000e+00
4.151361835827895863e-01
0.000000000000000000e+00
-3.224815061757642098e-01
7.308283240273327763e-01
9.745268906154578303e-01
3.243832731544176173e-01
-1.843380923782984571e-01
-4.551604637945672049e-01
-7.401633447430897572e-01
0.000000000000000000e+00
9.976358441519854736e-01
-8.791543771922094574e-01
8.324584513183279633e-01
3.943904278207090996e-01
5.678100319603487378e-01
-8.014673431635344070e-01
2.922327854024096006e-01
-5.896750428530859178e-01
3.538997928911364887e-01
5.883963239410059387e-01
0.000000000000000000e+00
9.170909088499865636e-01
9.282380065831630223e-01
-4.728041204437261058e-01
9.581183111197391078e-01
4.015429757073902817e-01
0.000000000000000000e+00
-8.149687786709065573e-01
0.000000000000000000e+00
-7.699858470110731989e-01
-5.258834821803080040e-01
9.154287008276291715e-01
0.000000000000000000e+00
-5.445994391653130595e-01
-8.134074478349342385e-01
0.000000000000000000e+00
0.000000000000000000e+00
-3.278645679547822489e-01
1.000000000000000000e+00
-5.041503560050133448e-01
0.000000000000000000e+00
-6.596237292432305388e-01
8.346665355392783869e-01
2.334349983345826995e-01
-1.565960424487593539e-01
-7.533514246196646447e-01
0.000000000000000000e+00
0.000000000000000000e+00
0.000000000000000000e+00
0.000000000000000000e+00
4.774265691407704182e-01
7.202110530122092236e-01
0.000000000000000000e+00
0.000000000000000000e+00
-7.339517027708521990e-01
0.000000000000000000e+00
-7.010208592272213490e-01
7.815122356940651382e-01
8.329657578100986282e-01
-2.976376361760135758e-01
7.960533908447464668e-01
4.566153953405653887e-01
0.000000000000000000e+00
0.000000000000000000e+00
-4.325502182516156591e-01
0.000000000000000000e+00
0.000000000000000000e+00
7.548327874951410443e-01
6.951875137997571841e-01
5.355255633656257341e-01
0.000000000000000000e+00
4.688515790984026932e-01
-4.690203762042441937e-01
3.966230632416307689e-01
-3.257244073954534969e-02
0.000000000000000000e+00
-4.599561900009792037e-01
-1.041841581347318080e-01
-5.087831970222802536e-01
-7.899976907951160587e-01
0.000000000000000000e+00
3.328713033450936276e-01
0.000000000000000000e+00
0.000000000000000000e+00
-6.568001240472141067e-01
6.270925635682922383e-01
0.000000000000000000e+00
0.000000000000000000e+00
1.380801468543166877e-01
7.570047195717901634e-01
8.299697260174629942e-01
4.516562742872864966e-01
-3.322807728512982006e-01
0.000000000000000000e+00
0.000000000000000000e+00
0.000000000000000000e+00
-3.652705150208190865e-02
-3.856651439624685374e-01
1.000000000000000000e+00
8.311173060904246679e-01
0.000000000000000000e+00
2.756750824576417180e-01
-2.829044987641111675e-01
4.464835780619114125e-01
9.659444024866907785e-01
1.189974320548021769e-01
-7.396660429210386578e-01
9.204297793496278857e-01
5.649734651300162280e-01
-8.247190272187854276e-01
