3.757243759030088892e-01
-8.447863819737291280e-01
4.206662922271331428e-01
-7.050629180531065021e-01
1.000000000000000000e+00
2.162014727178165341e-01
-1.810040547903390973e-02
0.000000000000000000e+00
0.000000000000000000e+00
1.208664900494622607e-01
0.000000000000000000e+00
1.444056501812176485e-01
-5.464515385016477378e-01
-8.450973404455828231e-01
-5.153234443870007286e-01
3.651463171340307845e-01
0.000000000000000000e+00
-3.472745765048481648e-01
-6.128711500415380264e-01
1.000000000000000000e+00
-6.387776283948254363e-01
0.000000000000000000e+00
0.000000000000000000e+00
9.164338560046769722e-02
0.000000000000000000e+00
-1.612684542713473945e-01
0.000000000000000000e+00
-8.937070743419321950e-01
-5.019155372931904946e-01
6.221072022181624028e-01
-6.449615530235153216e-01
-9.492552542751748756e-01
0.000000000000000000e+00
7.925318576396649384e-01
0.000000000000000000e+00
6.743061657897087002e-02
1.000000000000000000e+00
-9.627006205106938275e-01
1.000000000000000000e+00
2.729715035133739587e-01
0.000000000000000000e+00
1.500466781116482906e-03
9.484577826551354729e-01
-4.168929621467696300e-01
-8.100152421584321250e-01
-2.971893931608202699e-01
1.000000000000000000e+00
0.000000000000000000e+00
0.000000000000000000e+00
0.000000000000000000e+00
-3.792575564461613258e-01
-1.933802021663133530e-01
0.000000000000000000e+00
0.000000000000000000e+00
-7.964405085842487519e-01
0.000000000000000000e+00
1.000000000000000000e+00
-4.307113449792308035e-01
2.076987814888693329e-01
3.878344330030898401e-01
-1.823868491872591147e-01
-4.070368885068640363e-01
-5.687070016277455675e-01
0.000000000000000000e+00
1.145093296916670500e-01
0.000000000000000000e+00
0.000000000000000000e+00
1.000000000000000000e+00
-2.617990565442174233e-01
0.000000000000000000e+00
-9.332718412730598434e-01
-6.614109466973003837e-01
0.000000000000000000e+00
-8.898422056935295643e-02
8.753951305857354814e-01
0.000000000000000000e+00
6.610759784564219643e-01
7.536674081454803886e-01
0.000000000000000000e+00
-1.074857145786209944e-01
0.000000000000000000e+00
-4.218165348438849271e-01
-2.218402537537125241e-01
-1.622867635489555482e-02
5.086456155711465144e-01
0.000000000000000000e+00
0.000000000000000000e+00
6.675783434018511819e-02
-3.714881194994248403e-01
5.457840276483849618e-01
0.000000000000000000e+00
0.000000000000000000e+00
0.000000000000000000e+00
0.000000000000000000e+00
-2.748666219537347910e-01
0.000000000000000000e+00
0.000000000000000000e+00
0.000000000000000000e+00
-1.302035998194797095e-01
-3.045152423492085703e-01
5.324152366667422864e-01
-1.743911656537184829e-01
-8.890138750380582877e-02
0.000000000000000000e+00
-1.755444000319508202e-01
4.074316034003653275e-01
1.000000000000000000e+00
0.000000000000000000e+00
-3.097374670444388300e-01
0.000000000000000000e+00
1.324347513190513581e-01
-2.109923220895286722e-01
2.686503029357478756e-01
0.000000000000000000e+00
-3.548580498692333052e-03
0.000000000000000000e+00
0.000000000000000000e+00
0.000000000000000000e+00
-2.841671160916878769e-01
1.000000000000000000e+00
6.082035316824838667e-01
2.789777711249905590e-01
1.030361465897811080e-02
-5.399264222366793042e-01
2.037647913539943900e-01
0.000000000000000000e+00
3.114710050811098085e-01
-1.378322655607524538e-01
8.094709524073628870e-01
0.000000000000000000e+00
-2.067564725175237150e-01
-8.984464381082046813e-02
-3.346940364047910066e-01
0.000000000000000000e+00
-9.742274227250298235e-01
0.000000000000000000e+00
1.186335578271484614e-01
0.000000000000000000e+00
-6.587071005022888670e-01
0.000000000000000000e+00
-4.812260194723931850e-01
0.000000000000000000e+00
-9.209311492688478928e-01
5.571157217035971332e-01
-9.327535298399631802e-01
3.958565248064560560e-01
3.330938461010277685e-01
6.744840762029120640e-01
9.595125009160123675e-01
-3.869805471133496155e-01
2.459023917997671393e-01
0.000000000000000000e+00
1.295034914447743546e-01
-3.635701986438699684e-01
0.000000000000000000e+00
4.184937464098359428e-02
0.000000000000000000e+00
0.000000000000000000e+00
1.000000000000000000e+00
0.000000000000000000e+00
-8.570602358494132655e-01
1.000000000000000000e+00
0.000000000000000000e+00
8.654270874517975276e-01
0.000000000000000000e+00
-7.348111474608651772e-01
0.000000000000000000e+00
-1.097853718469110618e-02
1.000000000000000000e+00
0.000000000000000000e+00
5.498676633900787536e-01
-4.598663954978512436e-01
1.230061401143924815e-01
-4.035865307529022949e-01
8.059749447379214171e-01
0.000000000000000000e+00
0.000000000000000000e+00
-2.726774678376477912e-01
1.827170020247690374e-01
0.000000000000000000e+00
0.000000000000000000e+00
0.000000000000000000e+00
-2.384565959010327418e-01
-8.883797346391026917e-01
0.000000000000000000e+00
0.000000000000000000e+00
0.000000000000000000e+00
8.047611152608946661e-01
-4.457541918480034671e-01
0.000000000000000000e+00
0.000000000000000000e+00
1.000000000000000000e+00
0.000000000000000000e+00
-6.596007296117993857e-01
-9.378850132370963877e-02
0.000000000000000000e+00
-5.530353611402809566e-01
-6.909097312203218433e-01
1.928852137031835667e-01
0.000000000000000000e+00
0.000000000000000000e+00
-7.915941335561145209e-01
0.000000000000000000e+00
0.000000000000000000e+00
1.000000000000000000e+00
-6.781447780891434185e-01
0.000000000000000000e+00
-1.708807109230583432e-01
7.235798706035172501e-01
-6.439780373624908183e-01
-2.207744817541086313e-01
0.000000000000000000e+00
4.454933302563286457e-01
0.000000000000000000e+00
4.507392301641406362e-01
1.000000000000000000e+00
0.000000000000000000e+00
1.610563005680278881e-01
3.228441031029449793e-01
0.000000000000000000e+00
0.000000000000000000e+00
-8.068397085618033149e-01
-5.268180774456971971e-01
1.223725998588254260e-01
0.000000000000000000e+00
-9.124435943606206134e-01
5.973614176484467464e-01
5.787668874583999923e-01
-8.579971997806934425e-02
-7.675766663342402651e-01
1.750531840876541345e-01
-2.222426353481219419e-01
0.000000000000000000e+00
-6.751010094871248146e-01
0.000000000000000000e+00
0.000000000000000000e+00
-4.267311105734838961e-02
8.223625828329317322e-01
0.000000000000000000e+00
-7.793354505630702977e-01
-7.933435602955116739e-01
4.876542884418428869e-01
0.000000000000000000e+00
3.868567961090723095e-01
-5.201770635602371851e-01
-3.173284875568573860e-01
-4.689192799733044037e-01
0.000000000000000000e+00
0.000000000000000000e+00
5.288123684654513212e-01
0.000000000000000000e+00
0.000000000000000000e+00
1.000000000000000000e+00
2.828515606454857778e-01
2.695258343077595597e-01
4.174443390558244538e-01
-8.552236497834042606e-01
0.000000000000000000e+00
5.030354865531954101e-01
0.000000000000000000e+00
-4.610299556599537496e-01
8.567038728717704110e-01
0.000000000000000000e+00
-4.801008509873441188e-01
-6.636408909823670044e-01
