2.881293846843071549e-01
3.972891105139106926e-01
1.419520351260155078e-01
5.232508073036155061e-01
0.000000000000000000e+00
4.344318292392488345e-01
8.395197805363110444e-01
1.585724849001917125e-01
-1.518812024887976619e-01
-9.770327050434977068e-01
-5.578739804923849022e-01
-3.372458603650543285e-01
-6.787402804146038804e-01
7.650887218152300218e-01
8.816215787148573568e-01
-6.107508382797355306e-01
7.371192555173831096e-01
0.000000000000000000e+00
-3.120070013328413161e-01
6.560428864173228902e-01
-1.770836807662823364e-01
5.429421217672449895e-01
-3.489213806059945355e-01
-7.569135220503930839e-02
-2.673201991618865403e-01
0.000000000000000000e+00
0.000000000000000000e+00
6.440561078700144382e-01
9.955532460818117269e-01
-2.211861799594287969e-01
1.939406170329363022e-01
3.857104355245297711e-01
4.870600364481540989e-01
-6.259783523510484837e-01
-7.766423929608687882e-01
3.196602882251031730e-02
-3.228177337507287525e-02
3.661387068702237624e-01
-5.387176256361729809e-01
5.114546779075679339e-01
-1.970863454985292140e-01
-9.582725747698053187e-01
6.151362042180408274e-02
-3.813384485311137606e-01
-8.350429051888166310e-01
4.039267678285325402e-01
8.531248666552759818e-01
-6.852430876478876609e-01
-4.251549329286574697e-02
-8.778574862626093989e-01
-6.176513945100703395e-02
-9.159548140828064344e-01
-2.917783825898601080e-02
-6.104875355215075849e-01
-4.406906229405518349e-01
-6.135693003221840414e-01
7.873208022770703529e-01
1.583924677234938017e-02
-4.083291656949383786e-02
-2.307381853609902223e-03
0.000000000000000000e+00
-5.554475772325786487e-01
-5.947894512666669353e-01
-6.271976443908457988e-01
6.719305901732661734e-01
1.384133320927367627e-01
-6.686181068087833079e-01
-9.169039875032585218e-01
-8.499966872181383692e-01
3.545801251356694994e-01
6.783057844312487816e-01
-4.496477530962601499e-01
0.000000000000000000e+00
4.809540588847025511e-01
8.469381698982814122e-02
5.701164705826897716e-01
-3.335808992573636722e-01
6.000916049646720651e-01
-5.971077358608642971e-01
2.373062330939479381e-02
8.276718786972574460e-01
1.503619483090476994e-01
-2.093040084784927313e-01
-1.054588732840788801e-02
8.691063026274252756e-01
-5.243036986898335083e-01
9.865509917938386497e-01
3.069079519165833769e-01
-7.290987781694389103e-01
-5.136869941412283147e-01
-4.589632044197495819e-01
-7.038599525915325561e-01
-8.434170554844504508e-01
-7.831391335353732330e-01
-2.013122351653218178e-01
-3.001383241392545642e-01
-1.771122562728484340e-01
-8.742693853613918709e-01
4.815226132874943499e-01
-6.426030442093444428e-02
-9.745966438778572716e-01
-1.605817615155993305e-01
1.521057152446279037e-01
-6.653469145614774316e-01
8.714394499379474190e-01
-9.113061977926779633e-01
-5.095172369270097867e-01
-5.409726141835800028e-01
1.586864298007428786e-02
-9.558663732259733425e-01
-7.692470628889316320e-01
-5.842943712821280222e-01
-5.866345863203663580e-01
1.453443223480619384e-01
8.036801118150522782e-01
-5.570730071485501256e-01
2.400925887799232328e-02
5.577505324389195884e-01
0.000000000000000000e+00
-1.172038606362590940e-01
0.000000000000000000e+00
-4.702039542120650673e-01
8.307779932766119479e-01
9.404479862108150456e-02
-5.725301737244674616e-01
4.590467468398302664e-01
-3.158508679175804357e-01
-8.416458495018515062e-01
-7.037943397147914393e-01
7.722975270658860580e-02
-6.451415046918183016e-01
6.534224414683607041e-01
-2.945107944878482265e-01
0.000000000000000000e+00
-5.919661066445940367e-01
9.948318185804543301e-01
-3.965362906855269820e-01
3.566680559665282857e-01
7.280891555929791537e-01
-3.001089224110065068e-02
-1.128578776384585591e-01
-8.313566641160157200e-01
-6.207972145402007591e-02
5.271070923148857279e-01
-7.196491950407637450e-01
0.000000000000000000e+00
8.368376518397742103e-01
5.005738009199891536e-01
0.000000000000000000e+00
1.029346400530242178e-01
6.046682228698496697e-01
9.742632168652471947e-01
2.386706076084077477e-01
7.636506276034782381e-01
5.116082530017294072e-01
3.226102435246391842e-01
2.604839418942417328e-01
2.603971852618374161e-01
-4.830169264442158994e-01
-2.805980625564257203e-01
-7.398741437292566392e-01
-6.859502269283890286e-02
9.328129274462084730e-01
-3.351253325773195790e-01
3.722974936160527992e-01
-7.858802910195228364e-01
2.859096608755768987e-01
-4.698873128323690640e-01
-1.481217202832765256e-01
3.910365637625663471e-01
6.461785079017490219e-02
-5.176810825676418926e-01
-6.529762188464820483e-01
-3.065156890501412601e-01
-7.443132634818927507e-01
1.781087239664980171e-01
-7.472888317547299319e-01
7.346971950322576106e-01
-8.520546253602052644e-01
-9.191631577207071135e-01
8.881612787147774579e-01
1.787577194192204733e-01
7.932494654670272372e-01
8.495259637066334690e-01
-2.732146554827725726e-01
-3.531566157614833834e-01
-3.719475069534903255e-01
4.376214111588896394e-01
-9.567890790831639070e-01
-4.898713629846167539e-01
-1.455862608340929842e-01
6.778816759282677573e-01
-2.512711375082843368e-02
-6.126711261221007288e-01
1.963867643500252225e-01
3.711024350245264447e-01
-9.273500414401303349e-01
9.175708038773469077e-01
5.538006905102459410e-01
8.159747489562882983e-01
-7.867976565203373962e-01
1.120578146130142283e-01
-1.839196484814071830e-01
1.324030991012363767e-01
-3.235520583505857584e-01
2.714254226567029971e-01
2.880153116706949401e-01
-9.907563606695821701e-01
2.759348433249069199e-01
8.382554357029450287e-01
8.797974088622104727e-01
-1.380414941767884596e-01
6.987806126129201267e-01
-2.631944407389092966e-01
3.366985794626542461e-01
0.000000000000000000e+00
6.116422380073007758e-01
7.869571774099404227e-01
9.742626680791404148e-01
0.000000000000000000e+00
5.863283288682867855e-01
6.761537181263914675e-01
5.344958907461070385e-01
-4.784459462043866296e-02
-9.361608533509195862e-01
-6.932134130621325774e-02
-5.378100714434230767e-02
-5.153917385849249300e-03
1.743283343657817674e-01
-4.323031232727561068e-01
-9.114968514660570786e-01
-6.921594808573261481e-01
9.835645674550141937e-01
7.763809091334405998e-02
8.012625212035584532e-01
3.538341253410206555e-01
-4.164595599652254343e-01
-9.813674865829451477e-01
9.472047934173599693e-01
9.198516302750501250e-01
-1.600475892698758340e-01
1.996366414940506928e-01
3.435606912951707503e-01
4.131127099798592717e-01
1.049004896872502979e-01
6.948802609490087878e-01
-9.413586294775622143e-01
-5.852916225982498499e-01
-2.204733008000925309e-02
-6.982551361374882415e-01
-1.132039630115089235e-01
-3.918547788671775667e-01
-4.022561178137680216e-01
4.734524322840427679e-02
6.992123466696542611e-01
-4.041668649480256725e-01
-1.584528565605489714e-01
-4.615907337489189022e-01
-6.296686369285857676e-01
5.339672954837990648e-01
8.156660259876760133e-01
-4.829237524160667760e-01
-3.836452352145498512e-01
-7.971824042832236223e-01
1.087558271987842939e-01
