1.475919586338350076e-01
-8.410696179905607917e-01
-6.720814758246032028e-01
-6.721999966331886345e-01
7.013850349694856767e-01
9.233405360763802250e-02
-4.994882012767662971e-01
-7.155573074711849557e-01
-8.844503177710503206e-01
7.298351984673390191e-01
2.167212764600565666e-01
5.375038703463235201e-01
0.000000000000000000e+00
2.130184376280273018e-01
-5.480853899242155158e-02
-4.650236323798511151e-01
1.621904897955994684e-01
2.509560764470530891e-01
2.846617487930489521e-01
-7.378930349681707135e-01
-1.025979341209344309e-01
-7.211143945347253670e-02
-1.854566829924744198e-01
-4.437838835709762009e-02
0.000000000000000000e+00
-3.313300277690349738e-01
3.009710133410807842e-01
4.978250656223346393e-01
-2.780516540641375656e-04
0.000000000000000000e+00
5.207057548165405780e-01
-8.584616773265749679e-01
8.768302781172581106e-01
2.430739931912591079e-01
0.000000000000000000e+00
8.473829533752286203e-02
-1.327512187959265511e-01
1.652340447957307834e-01
7.918033836477502696e-01
3.574476048819079654e-01
-2.392005019120952980e-01
9.437876319957418936e-01
-8.810271837187726440e-01
1.410786456885213536e-01
-1.125759404445894063e-01
-9.960491326162723702e-02
-8.756051137541835949e-01
-1.129762711213939674e-01
-7.252401908907080141e-02
-8.121001869799397976e-01
-1.954783860192939038e-01
-3.192725367897917277e-01
-5.984562118696379329e-02
5.245395553274119216e-01
-4.472665265886788255e-01
-5.312228436703749779e-01
4.877908197785132405e-01
2.273966971919569868e-01
5.761735518111121834e-02
0.000000000000000000e+00
9.516275219128700336e-02
1.668305487021808364e-01
3.507330982933898333e-02
-5.023702852871121394e-01
7.258187895058334504e-01
-6.318631347102090512e-01
9.465779799282991736e-01
-4.219478198409456482e-01
3.419064141818017877e-01
-7.045365991387797511e-01
0.000000000000000000e+00
-4.997762155085121449e-01
-2.083064524534028461e-01
3.290622757796928255e-01
-9.430785474627039200e-01
-6.840120832739098322e-01
0.000000000000000000e+00
3.378900981701626893e-01
-7.105456717359599494e-01
-4.533446699266576729e-01
4.763527195143812953e-01
-1.676040517239341110e-01
0.000000000000000000e+00
9.246381713924189949e-01
2.604914257680355227e-01
0.000000000000000000e+00
5.666344266109377692e-01
-7.314797388191718319e-01
-6.423908939233229365e-01
-4.258147490160713033e-01
0.000000000000000000e+00
7.023965724311078684e-01
8.987971525122808725e-01
-7.767916406271111462e-01
2.894671965094113286e-01
-8.217849555035199316e-01
-3.749234547512934057e-01
1.126567607715827091e-01
6.478598199868772500e-01
8.690714276235071978e-01
1.790054743508826540e-01
6.359768495725717230e-01
3.088826706967835456e-01
9.113551902926597670e-01
-8.624441349933196221e-01
0.000000000000000000e+00
-8.316402875318795740e-01
9.358071916032018045e-01
9.898708856935978240e-02
-3.313115272366886632e-01
6.751657587452297715e-01
3.039999680683906913e-01
-8.515918926902392716e-01
8.473193424523650652e-01
2.682101093237023726e-01
-2.753445094652338110e-01
-8.612340754136571519e-01
8.691272152351552371e-01
-1.598471732845168081e-01
2.778911549331593012e-01
-7.846820999296804100e-01
3.898203740865997524e-01
-7.708013823231223416e-01
1.402404837236774782e-01
-7.424658564005262029e-01
0.000000000000000000e+00
-8.844194971832228802e-01
-3.410802586396797231e-01
9.366207364345755515e-01
1.311442742280979346e-01
3.897309242624094061e-01
-4.741810284197980341e-01
3.134788714138414534e-02
2.937047927305911355e-01
1.699402168115606848e-01
-6.138739516967222087e-01
0.000000000000000000e+00
-6.994742554742428009e-01
4.416828858489589837e-01
4.192727594902192489e-01
0.000000000000000000e+00
2.101300793715050741e-01
-9.227420031182345106e-01
0.000000000000000000e+00
6.517027695329928871e-01
5.230969954525701571e-01
-5.757235636302791004e-01
-4.134099643686846015e-01
-1.261388667338616543e-01
-9.169317987629670430e-01
8.952498945587088475e-01
-3.198523811423574781e-01
-4.423970521693529889e-01
7.607173378162155331e-01
9.707891826494046139e-01
9.302906435210116509e-01
-3.835964962708473536e-01
-3.812993300711682298e-01
-6.433551111008946055e-01
-6.331032358994481690e-01
9.788449273011479157e-02
-8.817436457545331230e-01
0.000000000000000000e+00
2.388902196359214969e-01
4.427449390293238807e-01
9.867842163782192255e-01
-4.285360914630216289e-01
-9.831204774197319640e-01
-1.687989471924309370e-01
-5.797352276586034137e-01
5.931009306205647924e-02
6.676256920871341816e-01
-5.663099180197050941e-02
5.150000000361460994e-01
-9.733679004385753508e-02
-7.472711928183024543e-01
9.503837979270710612e-01
8.708996462494604796e-01
1.761610445654919754e-01
-1.224902679531980620e-01
9.076086960302598428e-02
3.354268472045964788e-01
-9.755154474119476227e-01
-6.099163083868575086e-02
-3.412657773459231159e-01
-9.019283217415254850e-01
-6.785212425590951835e-01
9.223903203313266186e-01
5.522285598035907572e-01
-8.150682031372726843e-01
9.503038116761195475e-01
0.000000000000000000e+00
-1.305159570556213566e-01
0.000000000000000000e+00
-5.185248514827009991e-01
4.244761984419300749e-01
5.160729503574830179e-01
-7.113417845833591713e-02
-8.533962959237366697e-01
8.690043001879206308e-01
-8.213047179073207360e-01
-6.616504659248085840e-01
-5.303262218085031954e-01
-2.437285711471837146e-03
9.014948150447881225e-01
1.920982694983299766e-01
0.000000000000000000e+00
7.481109058254551414e-01
-2.328423309782019501e-01
0.000000000000000000e+00
-5.701322224680624995e-01
-2.551324136684682831e-01
9.854769801142442276e-01
5.025364977404955802e-01
-4.230960468709035194e-01
-4.128712897372377455e-02
5.341447194792872111e-01
7.546152014040570233e-01
0.000000000000000000e+00
-2.398517776636306387e-01
-2.631413427193822763e-01
4.995408312820712737e-01
9.838178210530039713e-01
2.981746059511329872e-01
-4.750529423983760324e-01
-9.733307532620651958e-01
1.847846958750032353e-01
4.141724248948746023e-01
2.652189185839108898e-01
-4.431909130919191586e-01
-6.997808796366917772e-01
-5.404266891230407044e-01
4.182123339290038100e-01
-5.346011401591113099e-01
3.352136130775553724e-01
8.507751901072937439e-01
-3.130416734198466777e-01
8.794486366473586170e-01
8.683731406929575680e-01
-4.897643117818908376e-01
2.401435650969472313e-01
-5.263887408831162684e-01
-5.207952086511302703e-01
-6.360891324902695487e-03
-9.057211921853269843e-03
3.773506727048872023e-01
-2.278279626008017367e-02
6.502163125143500810e-01
-5.739400275080612790e-01
5.752994387423377987e-01
-2.111589970202800703e-01
5.159070710068280885e-01
5.545987141768040640e-01
-2.432269440932897098e-01
-9.605189825093907174e-02
1.714874801963115480e-01
-7.159881899496967073e-02
-5.816226453488200221e-01
-8.708723406854763649e-01
9.324791946250365893e-01
6.846446811755182438e-01
7.924709929221447346e-01
-1.421063024794559926e-01
9.344272187981654820e-01
6.935347542930527798e-01
