8.307171520521317021e-01
8.051200346515303696e-01
4.749511827917420881e-01
7.674181998952636086e-01
3.323894024779070477e-01
1.947672257688897179e-01
5.770456536337746911e-01
-3.812465486949501159e-01
8.453681306940652451e-01
-4.412271711707262956e-01
-7.767311480294529780e-01
1.894980379692370320e-01
0.000000000000000000e+00
0.000000000000000000e+00
-8.512395606783467183e-01
9.511773683144708613e-02
8.232596116960115840e-01
6.407761749307421262e-01
7.987585184544319095e-01
5.734647111952788645e-01
-9.169849275895227692e-01
-5.675834174293294954e-01
0.000000000000000000e+00
5.419671926392379824e-01
-9.717238717623204458e-01
4.954940647517982466e-01
0.000000000000000000e+00
2.925980263074503540e-01
6.340277948904138317e-01
-9.440094305476671721e-01
9.055566368474095018e-01
1.081709549231317791e-01
-7.776327923165102796e-01
-2.248037654840238098e-01
-8.576542240088436131e-02
6.751068446070054296e-01
3.160075078497406320e-01
1.398523619449771882e-01
7.770773589802439929e-01
-7.413050702415728832e-01
0.000000000000000000e+00
5.613524279150072793e-02
-3.091010495830897042e-01
6.696425445516551722e-01
2.110733655646246376e-02
-8.391680306057689442e-01
1.587570853065711773e-01
0.000000000000000000e+00
8.467954761199372182e-01
0.000000000000000000e+00
0.000000000000000000e+00
4.554096745428408699e-01
-8.835893651947286376e-01
-9.144550483888038706e-01
-7.178413643193675142e-01
7.428462321917688183e-01
6.806355548197051686e-01
5.242479357293656772e-01
5.428980597167001321e-01
-5.829831731766372815e-01
-6.688911910181640774e-01
-4.536447967099805911e-01
-2.518947188979647756e-01
-7.173836452698800770e-02
6.156179411576763183e-01
-9.211089228007176555e-01
-4.238834947888185933e-01
3.883562884120317360e-01
1.088826882091395998e-01
-8.112500407629794630e-01
-1.396327225147477868e-01
8.851903028792778017e-01
4.885921330372597904e-01
2.216923530236873940e-01
3.057255364255881958e-01
9.399618553419835099e-01
-6.773623230529832728e-01
5.183957410023125600e-01
8.962211803987265579e-01
2.914090840471394994e-01
9.067341530592056831e-01
-5.235424343187895513e-01
7.287542647242588600e-01
9.386910165366892933e-01
2.334789746569334579e-01
3.165998452740166336e-01
-1.661727773754997362e-01
-5.258804269438299706e-01
-6.859340544867325029e-01
1.591041271162607629e-01
-3.375129829642036228e-01
-1.668899947092516989e-01
-8.220686122290274955e-01
-9.902565115613295443e-01
7.909488816192522531e-01
-2.434512867076250586e-01
3.784445309102013599e-01
-5.401362040568469247e-01
5.237943528544284355e-01
0.000000000000000000e+00
-9.171426385554659610e-02
-7.333327293470637276e-01
-7.104580850972572748e-01
0.000000000000000000e+00
5.025500785769110301e-02
-3.779427026183410643e-01
-5.325044772160349993e-01
4.645187759094315805e-01
-7.710096813172762076e-01
2.561302337944266760e-01
-1.502761299736423695e-01
8.197266284656699042e-01
3.870989464486700449e-01
-6.726448621196936539e-01
-4.554086624421174179e-01
-7.243067898630062285e-01
7.985494324029764890e-01
2.097660263490803700e-01
-7.697978118660366853e-01
-4.020533132192274373e-01
5.321656236139700180e-01
-9.747607949291690055e-01
2.315820303107194444e-01
2.359377571222480707e-01
3.139728804476937807e-01
-9.062231266640543570e-01
3.028966242455966018e-01
8.450685042268788472e-01
9.071007662914154501e-02
-7.422062771458164399e-01
-3.745989867944492513e-01
1.733728387977064855e-01
7.603527260222131545e-01
4.048496478649399322e-02
-8.464856956660620213e-01
-1.271951885987208097e-01
-7.862556433646330500e-01
-2.922424913046812733e-01
-8.247036397181224388e-01
3.058197100657134015e-02
5.200982545848671368e-01
5.882289967541740605e-01
4.282619188620115924e-01
-5.002014773142435811e-01
-4.030647241204488029e-01
9.407488122522988938e-02
2.680183248326000189e-01
5.647048422377043408e-01
-4.356708147653653995e-01
-6.278721708555947689e-01
4.604460339528086976e-01
-8.992369381774198978e-01
-3.719072954071600545e-01
2.287760808496330789e-01
-9.601723963353980817e-01
-4.490963067670272757e-01
-4.664885895917405545e-01
-3.039709358646964787e-01
-2.670816926466119678e-01
-1.878009417179820062e-01
-8.298349855743321069e-01
-4.541101109180207818e-01
-8.499189029186398070e-01
-7.988590957011296734e-01
-7.022939492928936822e-01
6.283956444228093741e-01
2.711808903755648092e-01
-9.542438138831919048e-01
3.917690331508596469e-01
2.274771566194062622e-01
6.321880291264880825e-02
-8.272048044532320787e-01
6.514165336191135580e-02
1.366800717959375522e-01
-2.226994294846458278e-01
-1.987945656327894106e-02
3.349593913602133544e-01
4.070940196803429778e-02
-2.941978080015177355e-01
-7.012840007794729491e-01
9.719670723234090648e-01
-5.500545621290306997e-01
6.750411435256236103e-01
-3.882997530306107059e-01
-9.902641941223482291e-01
2.502237510264015974e-02
-8.559817218916438986e-01
-8.862130909030805359e-01
-7.400967362393562343e-01
4.644709859636719784e-03
2.307341311472193013e-01
-4.953760912526570248e-01
8.733322827166205560e-01
8.066197336337888046e-02
0.000000000000000000e+00
-2.048983821286867180e-01
1.574633734477954849e-01
-8.501278168471015917e-02
-4.280749910292451776e-01
0.000000000000000000e+00
-5.066103511609842958e-01
8.390275098921151642e-01
-3.177619960650381881e-01
-1.763574755836416763e-02
-8.425317104502496601e-01
3.405159010314642298e-01
-5.943527793337659570e-01
3.757915127568622893e-02
8.733577114799881969e-01
3.645408014534301522e-02
7.713020851699166069e-01
-2.877814382457153375e-01
7.005521598886117474e-01
7.140331863487425768e-01
2.070938802489736830e-01
-7.201450768613948394e-01
-3.544340512974206714e-01
3.791073436431124932e-01
4.405820199862393594e-01
5.508258396567011772e-02
-3.865538962174650539e-01
0.000000000000000000e+00
-6.517382636432731413e-01
0.000000000000000000e+00
-5.414573609604689253e-01
2.342810958527374865e-01
-2.830095166909232240e-01
9.262081252931280151e-01
-8.766031127040001536e-01
-9.293299435830271182e-01
8.025850056492458418e-01
4.617802438523703756e-01
-9.113941595710428611e-01
8.342397580051705841e-01
-7.411896956969714623e-01
4.863637468811681241e-01
-1.493090033984434406e-01
6.993080532536755101e-02
-5.088191571896627519e-01
-4.165060784632159674e-01
-4.266168794900593308e-01
-3.425322795403007436e-01
4.345814525344087187e-01
-9.899063781602646106e-01
-7.053009114979991168e-02
-1.583534795738970047e-01
-9.722985507245152093e-03
0.000000000000000000e+00
8.271060528911893250e-01
1.100907012690042208e-01
3.268460511422415227e-01
2.141197036542548116e-01
-6.314318123031770202e-01
7.481094863904824699e-01
7.212495734073642861e-01
3.371765277585823117e-01
5.383509194952225130e-01
5.104672885390475479e-01
1.000000000000000000e+00
1.485096497476057209e-01
-1.032361814014779444e-01
-3.452782535578768908e-02
8.071481553262558339e-01
-7.267689722555268350e-01
-8.556676294322951293e-02
