1.188082754049535339e-02
-9.343057367074791841e-02
0.000000000000000000e+00
-2.315582412641701282e-01
6.690422746144482069e-01
-6.811824865810531815e-01
-9.932464848702360349e-02
5.258626616390382758e-01
2.121869176839730198e-01
8.117454546265361337e-01
-4.226432633318952803e-01
-2.842197832227855159e-01
-3.905193107940478914e-01
-7.355236768235657863e-01
-8.493298111601335076e-01
2.785788104455155789e-02
-4.041840601679478340e-01
1.597246759989205955e-01
9.220921274978115534e-01
9.894153454665792768e-01
5.572465467191567434e-01
-3.379268320668840087e-01
0.000000000000000000e+00
7.972235794627504646e-01
-5.321532390962830927e-01
6.479361571142734366e-01
-5.092989102472798013e-01
-1.042506990156117919e-01
1.148859994710367260e-01
9.192788558579574332e-01
4.630992998435905506e-01
6.789806847730521788e-01
-3.013188646554003647e-01
-3.014137932581464341e-01
7.398853938902889560e-01
1.703412286616230453e-01
4.390404340435287711e-01
-8.035795068267272967e-01
-8.760817502264788281e-01
-1.450635989964630390e-01
-3.858623374345666601e-01
-4.677546192989112672e-01
6.316896108020200185e-01
8.397812524362391340e-01
-5.514419903989355998e-01
-7.887787674865827103e-01
-8.346017692501022101e-01
6.363195528086595942e-02
-9.473503433614454128e-01
6.584735163609178876e-02
-4.989700133496686174e-01
-3.964335092494877255e-01
-4.511177712761604841e-01
9.542769426995609816e-01
-5.641191858757994559e-01
0.000000000000000000e+00
-5.186897957940113102e-01
0.000000000000000000e+00
7.453526844000053497e-01
-9.693983988546608366e-01
-5.391774867388379189e-01
8.058039762549464857e-01
-1.596125914799595424e-01
0.000000000000000000e+00
8.624776559547395749e-01
8.938860451389161188e-01
-1.465303328989442377e-01
-6.082003847181511880e-01
-9.466568153097825178e-01
4.853886315804119000e-01
5.426607691716929249e-01
0.000000000000000000e+00
3.825043319180485568e-01
-2.932825855225422718e-01
0.000000000000000000e+00
1.497290368063128874e-01
5.870338383117850167e-01
-5.891050626771798804e-02
3.040492396508098771e-02
-2.225157691914083635e-01
6.447948118206880963e-01
9.129329500731762082e-01
0.000000000000000000e+00
9.197685851813814928e-01
6.257801937837443873e-01
-1.915759007291280014e-01
-4.934778298482636050e-01
0.000000000000000000e+00
8.524371322976076470e-02
1.818144789721556354e-01
9.875949602883506984e-01
9.619397458860650119e-01
4.067796325872743424e-01
3.682614925169569453e-02
-6.667998326108524054e-01
-8.494551443360622844e-01
6.408216199881937580e-01
-4.888890675433661404e-01
3.630925233417405806e-01
-3.918344748997339977e-01
-5.708946710622100351e-01
3.677064544847958860e-01
-6.568603258217771135e-01
-8.591626400587453194e-01
9.911729779404376828e-01
-2.019983483703919891e-01
-2.788240658010889828e-01
5.791379048113700634e-01
-5.777626038192196223e-01
5.877640728391901881e-01
0.000000000000000000e+00
4.532769671866634376e-01
5.035622941231741034e-01
0.000000000000000000e+00
-2.338962442599790137e-01
6.932942018954186825e-01
0.000000000000000000e+00
-1.355069857651640675e-01
-8.671208970480581701e-01
-6.898928378393920369e-01
8.929914416697837254e-01
9.783856757776643320e-01
4.013321653325530036e-02
0.000000000000000000e+00
-7.346752195479073766e-01
8.899987667168991479e-01
2.569326465501931001e-01
4.574593845210208620e-01
7.158587190321497040e-01
-5.209408933121448815e-01
3.954716614359985449e-01
-5.861218116405608747e-02
-3.934934634127396080e-01
-6.530649142213347247e-01
4.322256750379744883e-01
-6.235003287247808945e-01
-6.671730149884764760e-01
-2.389393830409425323e-01
-1.427479550597070546e-01
-1.151328564649816144e-01
-5.527727432529192519e-01
9.518808705761327982e-01
-8.040279783414838732e-01
5.935791798841072442e-01
5.088553987984594240e-01
-8.436418690898372930e-02
-3.971019937124504740e-01
6.846300743752851137e-01
0.000000000000000000e+00
-5.048147237342415217e-01
7.555592457792408290e-01
2.762808690155313940e-01
-6.549418833710554111e-01
9.130887995200345220e-01
-2.707865982944532846e-01
-7.061776023948005410e-01
9.146779609788668886e-01
5.072842424027812491e-01
-7.156311571819995443e-02
-5.933582579708636118e-01
-7.561205834628936806e-01
0.000000000000000000e+00
1.820476281282559228e-01
2.704393698680060965e-01
-2.100349412714979103e-01
-1.497292770521843064e-01
5.986153009422259252e-01
1.343156887381187214e-01
3.894056011694506658e-01
4.969376386822752512e-01
-3.730368847088900708e-01
-5.408931179498863706e-01
-3.578808016981640527e-01
-4.853224287725892427e-01
9.163259536660246507e-01
-1.737150533896847371e-01
5.306294906810338219e-03
-4.498035779968683201e-01
-1.177576442742946927e-01
8.240733197928618026e-03
2.544313389630421529e-01
-3.191374752385331970e-01
6.061421469500889447e-01
0.000000000000000000e+00
7.720911849341560718e-02
-7.186085663302053117e-01
5.568549869682173359e-01
5.990884610287428025e-01
-7.221087030525807915e-01
0.000000000000000000e+00
3.681747319319850220e-02
-3.949386229755531552e-01
-2.262284922711559343e-01
-1.791427772249214456e-01
4.372551193440381567e-01
-3.438171307685651268e-01
-6.717199563514575367e-02
7.302700877791421519e-01
8.057722383064078731e-01
4.136768038272580217e-01
-4.509224581885447058e-01
-1.354877640162992503e-01
-8.477998477375801034e-01
8.104732026199319428e-01
2.306138149505934098e-01
0.000000000000000000e+00
-4.063343548806264138e-01
1.067897104804043096e-01
-8.063806525897083688e-01
2.994037492765706521e-01
-6.951333598559013005e-01
-1.913288365535388280e-01
2.973055124645727076e-01
4.712001589593304285e-01
8.314130493158029545e-01
-8.822445298869872055e-01
-3.460825223285777241e-01
-9.979564759283763298e-01
1.894315369431178731e-01
7.365253031065388534e-02
9.085674740871616528e-01
0.000000000000000000e+00
1.681587231701888729e-01
1.251459317274123961e-01
9.984531275585895038e-02
9.808610030424835813e-02
-1.464005508963004409e-01
9.384965297437035670e-01
4.400148584154606191e-01
4.580461564945144115e-01
9.479994359424412931e-01
9.431726871804633205e-01
-5.642697122510487162e-01
-7.173522515263570654e-01
-2.953709282989349649e-01
0.000000000000000000e+00
5.256816784409314991e-01
8.955537999461937737e-01
5.382133010183756117e-01
-9.094400186591973245e-01
-4.850778047411166138e-01
-1.557747566360885294e-01
0.000000000000000000e+00
-3.754805919059129860e-01
2.613638450512583145e-01
2.280234410257118149e-01
-4.501399640978478445e-01
-8.181569162017214847e-01
5.452516554961233108e-01
3.953769890700364886e-01
0.000000000000000000e+00
-4.987851123283821853e-01
5.606143309252311635e-01
4.324949661511776622e-01
1.185244641587830383e-01
9.267027648971011278e-01
-7.235507381212658018e-02
9.681669017031775404e-01
-6.408860630522548174e-01
-7.616001626212343112e-01
-3.305202062901402282e-01
-2.414034958988908741e-01
5.284492590308431659e-01
0.000000000000000000e+00
6.168122319989080005e-01
