-8.797381190559288022e-01
0.000000000000000000e+00
0.000000000000000000e+00
5.241782246650097399e-01
9.702164836034823381e-01
1.000000000000000000e+00
-6.057201125312059453e-01
7.496859942321729697e-01
9.270279612651111112e-01
-3.573675759020362719e-01
6.205279940950945150e-01
4.394913722588364990e-01
-7.668578772458289894e-01
7.905936937868580650e-01
0.000000000000000000e+00
6.486737830496245305e-01
-6.312327593483622046e-01
4.242628174573483957e-01
-5.305599310862063600e-01
-5.693190582619545026e-01
1.041153199358193504e-01
-6.862563203744742601e-02
0.000000000000000000e+00
-7.747032616014588591e-01
1.041669823391848659e-01
0.000000000000000000e+00
-4.803030232965634916e-01
1.000000000000000000e+00
0.000000000000000000e+00
1.163748641192974276e-01
-3.022589283031080765e-01
-7.126173005793998705e-01
-6.159234902198629236e-02
7.858671836033148672e-01
0.000000000000000000e+00
0.000000000000000000e+00
6.809056206501848951e-01
8.052029107861644608e-01
-7.470231277599577169e-01
2.419174413684643810e-01
-6.145790125509678070e-01
4.236189304960724655e-03
1.000000000000000000e+00
0.000000000000000000e+00
8.466679107794221615e-01
-9.078800759914635865e-01
-2.690947813664694710e-01
-5.796726625316910297e-01
-3.240573575368572712e-01
-3.093277987314806410e-01
-6.657947695207027117e-01
-7.965920159741131101e-01
8.096583099304424103e-01
5.255053914031373452e-01
-6.440146208678807493e-01
2.177468276320908558e-01
-8.548757866866085742e-01
8.701485125264361020e-01
0.000000000000000000e+00
4.985768572651223529e-01
-9.815142350229308921e-01
7.063799057707558227e-01
2.967951953433678458e-01
9.185293322656393755e-01
0.000000000000000000e+00
8.170333573367916102e-01
-2.828809995696697221e-01
5.369137510955941384e-01
0.000000000000000000e+00
1.000000000000000000e+00
-1.344779575465460120e-02
0.000000000000000000e+00
7.910130119114120451e-01
1.168468957721875423e-01
-1.893651389790158568e-01
-3.185429426318409085e-02
9.224671268502995236e-01
0.000000000000000000e+00
-2.201047893611915995e-01
6.946256082526094389e-01
-9.507370651110538251e-01
8.861217164970380811e-01
0.000000000000000000e+00
9.745789934762076889e-01
0.000000000000000000e+00
3.592832299133097429e-01
4.847503119888632028e-01
-8.799071384272760810e-01
-6.165449414414325702e-01
1.038641479224922115e-01
1.228430905258188766e-01
7.483273732693489499e-01
0.000000000000000000e+00
-8.059502627588821522e-01
1.000000000000000000e+00
-5.388120939608180837e-01
0.000000000000000000e+00
7.090049684821055909e-01
0.000000000000000000e+00
-1.481047079318178472e-01
0.000000000000000000e+00
6.437082524692772090e-01
-3.174189449253306261e-01
-7.922275048712823509e-01
1.511189912724832940e-01
-3.072856734039133286e-01
-9.580954892766799791e-01
0.000000000000000000e+00
8.105976340612401909e-01
0.000000000000000000e+00
0.000000000000000000e+00
-3.464427212150278379e-02
1.000000000000000000e+00
7.982957556424850054e-01
0.000000000000000000e+00
0.000000000000000000e+00
0.000000000000000000e+00
2.568116128612838445e-01
-5.926383175819762705e-01
-8.281020779496661710e-01
8.652520746406449081e-01
2.652930281594612083e-02
5.389128107376235377e-01
-2.218832854017844802e-01
-8.954122165574509573e-01
5.303295735449378157e-01
-4.881679158540888075e-01
7.730908818239310420e-01
0.000000000000000000e+00
-8.175569719300272986e-01
-5.750709824335120679e-02
-2.529861614336732512e-01
0.000000000000000000e+00
-8.080537927601048054e-01
-5.055359459458073079e-01
4.493818123247843577e-01
0.000000000000000000e+00
-4.527194849271753974e-02
0.000000000000000000e+00
2.563740409478709736e-02
0.000000000000000000e+00
-9.138480880883204094e-03
0.000000000000000000e+00
5.100816965838401718e-01
0.000000000000000000e+00
0.000000000000000000e+00
0.000000000000000000e+00
7.305343533689532265e-01
-1.323327551428890025e-01
-4.051128068007756600e-01
5.259211514256700859e-02
2.223308073836849363e-01
0.000000000000000000e+00
7.331250846192087778e-01
-1.070478881446688124e-01
0.000000000000000000e+00
-3.664630719356800626e-01
-2.061772405124147056e-01
0.000000000000000000e+00
1.000000000000000000e+00
6.713880378118397552e-01
-3.491618901969102406e-01
0.000000000000000000e+00
-7.846648230365458332e-01
0.000000000000000000e+00
7.863998864032046843e-01
0.000000000000000000e+00
1.127974462551195600e-01
2.045564902827787801e-01
0.000000000000000000e+00
-1.498498937478016657e-01
1.186388093296890656e-01
-8.088264781137481929e-01
7.271698709004317251e-01
0.000000000000000000e+00
0.000000000000000000e+00
-7.490312058063062217e-01
9.455612179224703873e-01
-8.297152522075950110e-01
6.698534872914261307e-01
0.000000000000000000e+00
-2.039899355479892762e-01
7.262525281039746705e-01
0.000000000000000000e+00
2.760756492100273629e-01
1.000000000000000000e+00
-7.665995285079096888e-02
-8.288162235397815714e-01
-7.893639554674445336e-01
0.000000000000000000e+00
-1.362600082531211232e-01
0.000000000000000000e+00
-3.745376287962114414e-01
3.579234471168375453e-01
8.796292600902866354e-03
1.000000000000000000e+00
0.000000000000000000e+00
-5.562557760854411892e-01
-9.111681932351591851e-01
3.177785516412532374e-01
1.000000000000000000e+00
7.695423705938195802e-01
-6.867463695747033636e-01
-8.939088424945749178e-01
-4.156295420968738608e-01
-7.010839318743777859e-02
-4.405719884670866726e-02
-4.999910318608178361e-01
-2.359977307184268902e-01
0.000000000000000000e+00
-4.368908113277472083e-01
0.000000000000000000e+00
2.129920495756791876e-01
2.455622009789799609e-01
-8.159913036379224938e-01
-7.957498578321968719e-01
5.642333668109227318e-01
-3.516856563615888831e-01
7.495026505439950082e-01
3.210103191505242481e-01
-4.624614497623940057e-01
0.000000000000000000e+00
0.000000000000000000e+00
5.308143356665291357e-01
-9.583605665838137444e-01
0.000000000000000000e+00
0.000000000000000000e+00
-5.071446347798325149e-02
0.000000000000000000e+00
0.000000000000000000e+00
-9.588256227794784703e-01
-2.145046965142995976e-01
0.000000000000000000e+00
0.000000000000000000e+00
1.000000000000000000e+00
-2.850816489784240293e-01
0.000000000000000000e+00
9.983848808511610606e-01
1.000000000000000000e+00
0.000000000000000000e+00
0.000000000000000000e+00
1.000000000000000000e+00
4.459237315784887468e-01
8.167887856938060853e-01
-3.149369095258900408e-01
-8.660890895841486525e-01
2.329812850558117265e-01
-1.491125559824593161e-01
-2.478012647503404775e-01
4.440516713588384956e-01
-4.745340658925791821e-01
-9.702190574532794098e-01
9.499942399376835045e-01
0.000000000000000000e+00
1.695631876757131007e-01
0.000000000000000000e+00
3.032442514197508654e-01
0.000000000000000000e+00
1.924593041406390537e-01
0.000000000000000000e+00
-7.960379687695089412e-01
-3.365248503530891000e-01
4.784646646293788663e-01
-6.874112681743018705e-01
2.965114438534643959e-02
