-4.607269686411408216e-01
3.331473148959118724e-02
4.746237402041568743e-01
6.337732937393345534e-01
-6.710861061423532004e-01
0.000000000000000000e+00
-3.659984982150814581e-01
1.792288298838538019e-01
0.000000000000000000e+00
-6.443860167763217905e-01
-4.123856080524261891e-01
-4.898118440858123535e-01
6.662229434606528056e-01
7.026017574844265479e-01
0.000000000000000000e+00
9.383346648973891480e-01
-5.619553407886639373e-01
-4.251198469332160279e-01
7.957358350267627056e-01
9.583911063130503560e-01
5.646349686501572762e-03
0.000000000000000000e+00
2.563762001778486788e-01
9.020408217825366393e-01
-7.360220125466334640e-01
2.857647953246154060e-01
4.457716048576065848e-01
-9.542292465800956691e-01
-4.196141364651229111e-02
-5.527670367056696232e-01
0.000000000000000000e+00
8.986822494928725646e-01
-5.295243060381682465e-01
3.087088505548913897e-01
5.268656954696460115e-01
-9.816173618567651804e-01
-7.238488670537850389e-01
0.000000000000000000e+00
-6.415552079100641514e-01
-9.947516208381559366e-01
8.031808530407555935e-01
4.219239336177016408e-01
7.883681508594160281e-01
3.193435239672350878e-01
0.000000000000000000e+00
6.647017054410124803e-01
4.739556336713794948e-01
5.928612136148756484e-01
-9.201471257136655257e-01
-7.918962552380441888e-01
6.337091389703459754e-01
-8.556663027416238076e-01
5.554056829810254392e-01
-2.215817581979957485e-01
0.000000000000000000e+00
-5.771391289404670388e-01
7.777490725334545996e-01
0.000000000000000000e+00
-9.876964743048017858e-01
0.000000000000000000e+00
-9.343484970795254974e-01
7.223119118872738387e-01
6.736406045001008813e-02
-1.603382796624543971e-01
7.085663024970434432e-01
-9.543563015190565935e-01
0.000000000000000000e+00
-4.286091973393184595e-01
-9.576331740470196419e-01
0.000000000000000000e+00
0.000000000000000000e+00
1.649502663460316043e-01
9.040498860829004890e-01
-8.132901577850495389e-01
-3.353209110919483926e-01
5.924169368243381584e-01
-7.849603546047134728e-01
1.122131558337322588e-01
-7.979169195256645697e-01
-9.991418286239750479e-02
0.000000000000000000e+00
4.866624863100825760e-01
-5.021080027862225847e-01
-1.405553291983197006e-01
5.367303746594316305e-01
-7.889199077918014336e-01
-2.079766887304435041e-01
-6.466534689126057778e-01
-5.950798239632881792e-01
-4.685194352808021989e-01
8.402310363872504961e-01
-5.959222000133646002e-01
2.950675277003318442e-01
0.000000000000000000e+00
-2.622618973348258553e-01
-5.737732169294698092e-01
-1.049854691443661281e-01
1.621322617198310834e-01
-3.399047619522559405e-01
-6.985309841089857308e-01
0.000000000000000000e+00
5.963105272101665300e-01
-5.654191922378131174e-01
-6.178940161312058699e-01
3.672975556420301491e-01
9.581128522816051429e-02
8.030108876931210116e-01
2.481091583109109600e-01
0.000000000000000000e+00
0.000000000000000000e+00
-7.777811034940231849e-01
-8.699463682577701640e-01
0.000000000000000000e+00
-6.296308825377612273e-01
8.324905656332497461e-01
6.446104139939412558e-01
0.000000000000000000e+00
-1.445520235261210651e-02
0.000000000000000000e+00
0.000000000000000000e+00
-8.974611011547026784e-01
4.369357495426187121e-01
3.452569282352200286e-01
4.861626839690438295e-01
7.176037310866472119e-01
-6.881529994099189196e-03
-7.380505282769067588e-01
-3.087358185759550011e-01
1.518822913935020669e-01
-8.845741845022478955e-01
7.933031619120813893e-01
-5.711391147249600397e-01
0.000000000000000000e+00
-5.693584960542847906e-01
-5.767411827320492179e-01
-1.488634314446632967e-01
6.049102559527534950e-01
0.000000000000000000e+00
0.000000000000000000e+00
-1.150172040138726093e-01
6.144147866228406585e-01
8.335689060335411682e-01
0.000000000000000000e+00
-5.405449447300987309e-01
7.723962454060513405e-01
-7.433353701584057838e-01
2.151630407134290657e-01
8.605609179184814383e-01
6.651683770660115069e-01
-3.603444723447901676e-01
-8.397607049567421544e-01
-4.471426066335071337e-01
-2.633569673087432506e-02
7.589577595287089196e-02
0.000000000000000000e+00
0.000000000000000000e+00
1.260203589608543950e-01
-3.395726677442836294e-01
0.000000000000000000e+00
-4.837702639599001930e-01
5.156817777551447879e-01
3.524257357662523571e-01
3.798496855619848400e-01
2.554945715701368858e-01
1.475238929650204422e-01
-5.559028607451144133e-01
6.377765738593463851e-01
-7.123606475923736081e-01
2.549779355510994883e-02
5.284443128959568359e-01
4.070028033618511287e-02
6.476393952012959865e-01
3.118543998351659408e-01
8.081331946658085741e-01
-5.470122362223810430e-01
-7.165624855287748840e-01
1.047082318021241854e-02
5.688265886562293705e-01
-4.954934670907722438e-01
6.103196931543308779e-02
8.980319676027443965e-01
7.563132386251938399e-01
5.292546649612781540e-01
7.280284125921232530e-02
-9.501971716324124628e-01
2.278916039553462447e-01
3.487681778025240042e-01
2.486008471520850804e-01
-7.725778024864007332e-01
-7.868941156147357674e-02
-6.872653574191769366e-01
-6.356556458101905172e-01
-2.290691522202168429e-01
-3.058457735399955357e-01
-6.557191106336746067e-01
-3.183947037414949222e-01
5.381514993938096847e-01
0.000000000000000000e+00
-4.853674335514539528e-01
0.000000000000000000e+00
-8.379654512904035624e-01
-3.202059612957532941e-01
8.395079343580049702e-01
6.579380748614136465e-01
-5.226086717552935745e-02
9.048109534822545985e-01
-5.226560543921285884e-01
-7.308064078545390974e-01
-7.262202016070256061e-01
1.670532957326416046e-01
-2.531091714410806937e-01
4.404672077698379429e-01
8.040685651015673230e-01
1.475519235457680711e-01
-7.495232061700953796e-01
3.260010429101349860e-01
2.244171666963892253e-01
-5.932349823192406557e-01
-8.148940585343278364e-01
-9.163580275948512988e-01
0.000000000000000000e+00
-7.486791801732954887e-01
2.410754828590830900e-01
1.719514454543082937e-01
0.000000000000000000e+00
1.075504589659994625e-01
2.598328678784564971e-01
1.599832593865366803e-01
-5.969780268249680333e-01
-9.005706686689480822e-01
7.629609042725162826e-01
1.873954292271007294e-01
0.000000000000000000e+00
2.470666994767150015e-01
1.902258136275063460e-01
-4.642280482588780899e-01
-6.274932065693352712e-01
-8.213990155201489340e-01
3.948389626816539710e-02
-7.290015440281325532e-01
6.460572068310552751e-01
-4.335550240780081666e-01
-4.405787263142602050e-02
-9.648097974881928440e-01
3.008246837448471656e-01
-4.754040842637483610e-01
5.992803887616005021e-02
4.150455813094020563e-01
8.626757785300931403e-01
9.369546194823585861e-01
1.000000000000000000e+00
-3.204376211724171419e-01
-5.804240174039960731e-01
9.525764060617052387e-01
1.745622967454858454e-01
0.000000000000000000e+00
6.880449555824201813e-01
5.661972844060345622e-01
5.923798107818467606e-01
-3.169998664652668996e-01
9.300693671973676580e-01
1.460818457706885010e-01
4.065665265032454290e-01
9.696753047527431058e-01
-5.958520483946072588e-02
