6.619108794897787806e-01
-6.484929748477243905e-01
-1.078440217399723178e-01
0.000000000000000000e+00
2.121811560004560615e-01
-7.229807908711594067e-02
-1.274418130339607380e-01
-2.497987405926989091e-01
6.566640914091184111e-01
3.807608260376440512e-01
-3.682420675778952379e-02
4.077378031763618793e-01
-4.631478310233019258e-01
-5.583812982146709736e-01
-1.536223836567267576e-01
-3.098035215856196345e-01
2.975645116155125613e-01
-3.452423046967350029e-01
-4.260522825777779410e-02
-3.719348442892123074e-03
8.696209552491600547e-01
-4.100603494093140178e-01
-1.735065067238279468e-01
0.000000000000000000e+00
-9.476306190718475353e-01
-5.881041179795769569e-01
5.453366798787020464e-01
-8.345002436263395662e-01
4.696134684351362942e-01
-7.426698434834650975e-01
-4.717570589572668283e-01
3.782654916870256123e-01
-6.243908248327521004e-01
6.117935410326138523e-01
-6.140620113443979733e-01
-6.002697459981409800e-02
3.195921214586454617e-01
1.744781173758198634e-01
-9.867642836358012648e-01
-3.758198896120636956e-01
0.000000000000000000e+00
0.000000000000000000e+00
-9.095596962882506187e-01
2.147055680483240803e-01
3.150993316700623215e-01
-3.633375269653495998e-01
4.024199039877984774e-02
6.974704620133822530e-01
3.255676058291692154e-01
-7.036499374675964091e-01
-1.503316552287843333e-01
-8.553201845546622994e-01
-4.022380523831219357e-01
-9.837847161620771885e-02
0.000000000000000000e+00
6.824153145486622218e-01
-2.772186706998318595e-01
9.903913217046291795e-01
2.231747429536565797e-01
-6.749613469742212768e-01
4.133843547982456457e-01
-8.773596448793030689e-01
8.884795791700730305e-01
-3.762139699647493174e-02
-6.208529835158589361e-01
0.000000000000000000e+00
-5.969569636309302041e-02
-6.422662522576241262e-01
0.000000000000000000e+00
-5.832357237240775039e-01
0.000000000000000000e+00
0.000000000000000000e+00
-8.362196301951638766e-01
-1.847684675136458399e-01
2.879689994224907679e-01
0.000000000000000000e+00
4.809970553695448459e-01
4.914664363814080783e-01
3.845220581189487952e-01
-9.757163730066076290e-02
-7.822190095907424201e-01
0.000000000000000000e+00
8.881232631025586244e-01
4.081802853191613956e-01
0.000000000000000000e+00
-4.069591726022048217e-01
5.495232697608671835e-01
1.739720029456326422e-01
1.105989066068977511e-01
0.000000000000000000e+00
6.793262167387879025e-01
4.494400631575352634e-01
-9.168288304335605599e-01
-2.308500833035955768e-01
-4.723427739744967546e-02
-5.941835501890362359e-01
-6.240453127225191743e-01
3.314360103316591477e-01
1.683739690106356157e-02
5.096733709824559089e-01
-4.092322178486338391e-01
0.000000000000000000e+00
4.374795403137519134e-01
-3.322492721150818173e-01
-9.350235706257836732e-02
3.458373775594085764e-01
3.057510703618770975e-02
-6.859552663820087659e-01
-2.496930310824290178e-01
-1.002832803552284879e-01
2.432253325723898740e-01
6.679522008776304087e-01
-5.358580465768041368e-01
0.000000000000000000e+00
-2.776491127885256649e-01
0.000000000000000000e+00
4.686064047430014146e-01
-2.746339472950105609e-01
4.461220315717691065e-01
5.499821480550399766e-01
4.965740782095831030e-01
2.027873334699246133e-01
0.000000000000000000e+00
-7.185435943616247378e-01
-5.043366190516989089e-01
8.698765827148031704e-01
6.816421405284835977e-01
-2.477001608767537277e-01
3.012098568841037327e-01
0.000000000000000000e+00
4.493862858887998080e-01
3.283674499611768383e-01
-9.002359786333291591e-01
6.595957118321946755e-01
-7.370617795605578504e-01
3.684169347562524788e-01
9.971323382377765832e-01
8.605419547292680882e-02
-4.172622863337398513e-01
-4.465851291915929888e-01
-9.066771647064313377e-01
-2.039817125761980154e-01
-2.000796756355534001e-01
-6.038427474862362310e-01
7.105421619937297706e-01
6.065445335774355406e-02
9.855355205656568529e-02
-1.725130386424631457e-01
-3.162677705496736991e-01
7.097240312932602269e-01
-9.571760302353649053e-01
4.758242942878141424e-01
6.173910536646780578e-01
5.634153906136358803e-01
0.000000000000000000e+00
2.967706078845993023e-01
-7.452041344944189127e-01
-2.895092918404751359e-01
4.553815243687817649e-01
1.353261146731081777e-01
-6.604980820199173319e-01
-1.949774566426898392e-01
0.000000000000000000e+00
8.651194623184519372e-01
-3.321520181956898465e-01
-7.388258390037827361e-02
-8.867023770773208025e-01
6.738798796452361017e-02
-4.890180335100835496e-01
-8.663085321834080865e-01
3.556026695721707931e-01
5.893265775214311386e-01
-1.618574621469686114e-01
-3.370896068113542476e-01
-6.091443285355477855e-01
8.560068194240673112e-01
6.943210143626517006e-01
1.000000000000000000e+00
-7.201696859560948738e-01
5.261858801641476902e-01
-5.738728356325768498e-01
-8.504554610852221863e-02
-3.297000249678352368e-01
-2.318600644359558594e-01
3.992183192395599711e-01
1.917281646039916687e-01
2.266309438842701862e-01
8.435072634850100393e-01
-1.963366727601743023e-01
9.305788942410240239e-01
9.502666805309372133e-01
3.160156193990710793e-01
0.000000000000000000e+00
0.000000000000000000e+00
3.546564224279180610e-01
-3.357663938550252691e-01
4.167850550939204979e-01
-4.167130270626295818e-01
-1.938943518553730705e-01
1.000000000000000000e+00
4.566826428868688836e-01
6.559079953845163846e-01
-9.392917926266293183e-01
0.000000000000000000e+00
-7.588958005290777908e-01
8.022637945324182507e-01
4.241601266707157869e-01
1.000000000000000000e+00
9.552020591157386331e-01
4.733087578656081096e-01
-1.172506434302835743e-01
-9.597340394941729080e-01
3.405640566538601366e-01
7.067101761002012594e-01
-1.779900308060600178e-01
2.602082193084251927e-01
0.000000000000000000e+00
0.000000000000000000e+00
-1.143849136861110338e-01
3.716467054944638804e-01
0.000000000000000000e+00
8.265048250695532506e-01
-5.193399662252851101e-01
0.000000000000000000e+00
9.274786299095423292e-01
-5.258397121077851288e-02
-6.220109266305950957e-01
1.166797016607179494e-01
-8.786826200757025251e-01
0.000000000000000000e+00
-8.839600412533887841e-02
6.705225733911777120e-01
0.000000000000000000e+00
3.043429786956375338e-02
-7.883458600759811752e-01
4.147573371502251138e-01
0.000000000000000000e+00
-7.137676912291275322e-01
4.695315459913009803e-01
-9.350878620912805861e-01
-2.473744889601414698e-01
0.000000000000000000e+00
0.000000000000000000e+00
8.360477507866199698e-01
2.661068806387958396e-01
8.096082500627392875e-01
-6.809019089666108471e-01
4.860351174100228100e-01
8.652124825997911106e-01
-9.627943484222547532e-01
-2.178128164124164545e-01
2.073216735512843911e-01
9.504126481905221802e-01
-6.226051185879559746e-01
6.358755269811986466e-01
3.525832248139568748e-01
-6.729802339965329505e-01
-1.446965804614681605e-01
8.421785509765971067e-01
-5.604252842395061052e-01
-4.068019021414903680e-01
-1.969144884972888754e-01
3.761268775712607315e-01
-9.681418674519108869e-01
5.261522960442779340e-01
