0.000000000000000000e+00
3.187617878211910227e-01
9.156186540399335883e-02
7.508870338819084722e-01
0.000000000000000000e+00
6.682925381783211272e-02
-7.933121239039075956e-01
4.326676584709971962e-01
-4.832495104623735216e-02
1.092654835292345972e-01
-5.366073367137378369e-01
-3.985803040339044312e-01
1.877171636555776679e-01
4.290229091789219407e-01
-1.296979810400733513e-02
1.000000000000000000e+00
0.000000000000000000e+00
4.686267304599187611e-01
-2.368104135113453523e-01
-6.910949822226695183e-01
8.459844908735525415e-02
0.000000000000000000e+00
-2.754036892452966789e-01
0.000000000000000000e+00
4.049970861781875264e-01
0.000000000000000000e+00
0.000000000000000000e+00
-1.975754903862885214e-01
-4.906851841060750896e-01
4.132232583559722894e-01
-2.176834602590662637e-01
-3.884795487270469305e-01
0.000000000000000000e+00
2.262067405111543028e-01
-2.927489977198691751e-01
-9.899353313428387313e-01
-5.820672650822777960e-02
3.130113878640634617e-01
6.844771895595440636e-01
-3.895334901714084808e-01
-3.158245348527497498e-01
6.579457529293109008e-01
4.407807765799518496e-01
-4.533026023199708820e-01
0.000000000000000000e+00
6.554469597890442145e-01
-1.878590628798517681e-01
-4.961778139787795805e-01
2.046366241972037425e-01
-7.300533360621783707e-01
-7.468752565709195768e-01
3.824502639561362383e-01
0.000000000000000000e+00
4.987387582471605185e-01
1.000000000000000000e+00
6.588256575555690997e-01
7.287890427674936777e-01
2.513145983426774421e-01
1.000000000000000000e+00
0.000000000000000000e+00
-3.187670180249246865e-01
3.108903399253308830e-01
-4.319728841764354232e-01
6.271424124012008328e-01
9.952557060084763485e-01
-1.829436832507436161e-01
-6.726194321348843985e-02
7.232878718408066732e-01
-3.906892388578633302e-01
0.000000000000000000e+00
-7.220448278096955885e-01
2.193465609075997413e-01
9.810942615914379772e-01
1.000000000000000000e+00
6.442629768034238147e-01
-8.672550256544373504e-01
-8.038289518082362139e-01
0.000000000000000000e+00
-8.656453658964580189e-01
-9.727077857472397060e-01
2.099661217075652342e-01
0.000000000000000000e+00
-8.705623553690549077e-01
0.000000000000000000e+00
0.000000000000000000e+00
0.000000000000000000e+00
7.010198934986013874e-01
0.000000000000000000e+00
-2.015980747977099696e-01
5.588386057185463773e-01
-7.061121395537761636e-02
8.572110328450039951e-01
-6.261564125681351456e-02
-2.890365372180045966e-01
8.006269886272630032e-01
-2.082251597156792311e-01
-4.879689598191609967e-01
3.929950370129289272e-01
5.115699411384571071e-01
7.907772537002082380e-01
3.030762180602621925e-01
1.114037015043369827e-01
5.213685126146738735e-01
0.000000000000000000e+00
-8.744260726696915231e-01
0.000000000000000000e+00
-7.556730304638894502e-01
0.000000000000000000e+00
-5.541183101388507115e-01
0.000000000000000000e+00
0.000000000000000000e+00
-8.678458326211795359e-01
-9.065909009695742871e-01
7.235579159276679384e-01
-3.268510379426456947e-01
-7.038239185355863459e-01
1.036226556419570510e-01
-2.020013908259119528e-01
9.988410684230386583e-01
-2.529689615673968994e-02
-5.217161419726326077e-01
3.337043222868922854e-01
-6.645895770396657021e-01
-4.918733881962771282e-01
6.101864873974660597e-02
-9.034610209269999803e-01
1.362322167762759495e-01
0.000000000000000000e+00
9.763761660308212242e-01
2.465850963354083714e-01
9.605280528914259541e-01
1.083634980452616858e-01
5.759739729921953266e-01
5.122026443610490087e-01
-8.292384770104488378e-01
6.330672806982831080e-01
5.000633402187015797e-01
-8.661428859763558030e-01
1.014227811235155485e-01
5.812872561199444732e-03
0.000000000000000000e+00
-9.784185182405822356e-01
-1.552056111710995445e-01
-5.674929649111675189e-01
0.000000000000000000e+00
6.668785825929512967e-02
0.000000000000000000e+00
-8.930030909920216864e-02
-5.116752591051574317e-01
3.949554032091822098e-01
5.029125447651552339e-01
-1.619730419909370944e-02
0.000000000000000000e+00
6.405309997241508402e-01
7.236799558082123163e-01
0.000000000000000000e+00
2.909347833041560083e-01
-5.849911374284610943e-02
2.807461104995088164e-01
5.207735418660934812e-01
5.533913478428034161e-01
-7.779080320544262683e-02
-6.182072902191175778e-01
-3.447143861730654901e-01
0.000000000000000000e+00
5.971839791491038163e-01
1.505834209159084836e-02
-2.261901127722796279e-01
0.000000000000000000e+00
7.577268550703863959e-01
2.771049109964438539e-01
-3.134814192332073812e-01
9.310589093009318251e-01
-4.480277314518690268e-01
-5.623941678031709746e-01
-7.424865679854069089e-01
8.966896227964871180e-01
-8.661954393327184754e-01
-5.976162685707906430e-01
6.537629935486182209e-01
-6.849666723510487998e-01
5.934339375281549867e-01
-5.557966730506018749e-01
2.721157988611064837e-01
5.074396892992780739e-01
-5.794785167819651583e-01
9.169673678750338564e-01
5.959525931357867456e-01
4.815301512743683787e-01
5.760976233386339018e-03
-7.696956645089876314e-01
3.712977814623601436e-01
-4.378711996606619028e-01
4.325055168653459958e-01
-7.304883969449023073e-01
-9.081368864180350275e-01
-2.768413426521516563e-01
-6.131296960613941138e-01
9.400892888389338342e-01
7.820814888201483850e-01
9.329876554734144456e-01
6.910215179649181749e-01
0.000000000000000000e+00
6.361395464189016913e-01
-6.495271488716791719e-01
-9.057713660916009157e-01
-2.377708508396980669e-01
0.000000000000000000e+00
5.111999292337741085e-01
-1.944340204426930896e-02
-6.661218060767901683e-01
8.517454793718628459e-01
-8.475684928056685941e-01
7.803605870306538073e-01
9.254732931045193123e-01
-8.578505535891838285e-01
-6.485530583766017099e-01
-5.791852029545494496e-01
5.050617200403371143e-01
9.293788480091469406e-01
-5.036252504964071619e-01
-6.695676995003676524e-01
5.736327789295481150e-01
-3.368207315992808315e-01
4.189438062221479964e-01
7.524708023198523055e-01
-1.062374631371552081e-01
-6.555401749139766476e-01
-6.003498172656185350e-01
2.255193551434686583e-01
-1.344934219223341554e-01
-8.218464162754484104e-01
6.231000005786158091e-01
-3.603709841102054057e-02
-3.454466985767992160e-01
-3.730786751914301203e-01
5.992813693548471043e-01
0.000000000000000000e+00
4.788800708626992364e-01
-4.449470076194099732e-01
-3.768381359274404208e-01
-4.277198326195918998e-01
3.112010216862874934e-01
2.959194650570353691e-01
9.919619973023394710e-01
-6.203117667234852028e-01
1.597780598044895584e-02
7.069848005667100921e-01
-3.850615382450830460e-01
-4.016391046942087151e-01
2.767445417132261554e-01
0.000000000000000000e+00
6.484613369775462655e-01
2.267000933918295047e-02
-2.339488120155652773e-02
0.000000000000000000e+00
9.469257902407146599e-01
2.975489653215954711e-01
5.863946918841240752e-01
-8.255878462095822545e-01
8.508051774196472294e-01
-3.296404959713727933e-01
-5.081452010635416627e-01
-5.151054469769702493e-01
1.971937285983214050e-01
