7.528318143428756049e-01
9.414174973754791953e-01
5.200174506176116207e-01
0.000000000000000000e+00
-9.631394891795865831e-01
4.962132735411330930e-01
-3.283292021018608953e-01
-3.010948847432886044e-01
-4.065915495320133743e-01
-8.078373840956465379e-02
-3.475825885971450813e-01
5.496031414323316877e-01
0.000000000000000000e+00
0.000000000000000000e+00
-1.718478316846667742e-01
9.120080448277274598e-01
0.000000000000000000e+00
-1.257158958634163604e-02
-2.657228752515237158e-01
0.000000000000000000e+00
-6.557713300320322514e-01
5.617973526857311661e-02
3.364418093489667250e-01
9.837445105098099329e-01
6.076790334287720530e-01
3.326654543178313439e-01
0.000000000000000000e+00
5.809710757901356271e-01
1.393344014813557852e-01
5.424515319858993490e-01
0.000000000000000000e+00
9.924096954485932542e-01
-2.651870939566360885e-01
-5.854708344734957937e-01
6.911982415053603557e-01
0.000000000000000000e+00
-3.103199309109936355e-01
0.000000000000000000e+00
0.000000000000000000e+00
1.260851931115829494e-01
1.302688173516439729e-01
3.534085458332780760e-03
-5.791840898766009715e-01
1.526958258767134868e-01
6.253057484364270557e-01
8.116708440993471996e-01
-1.081188137389310633e-01
6.212297066586680572e-01
8.523494711321211170e-01
-7.081278837949727123e-01
-5.162692468613838681e-01
5.745302334577113701e-01
-2.101140541216042212e-01
4.801128659396602938e-01
-6.221976520720293724e-01
0.000000000000000000e+00
-5.471399688725520072e-02
-1.993094188636226338e-01
1.771175332520384949e-01
0.000000000000000000e+00
-9.592591778265515678e-01
2.045035601301814498e-01
5.890499961389548123e-01
0.000000000000000000e+00
-3.910007519660707587e-01
-8.645678331128636707e-02
2.343474940927567918e-01
-2.448370788674609777e-01
-5.374968351631621566e-01
1.000000000000000000e+00
6.381620979846065467e-01
9.731125751127573942e-01
7.501859248014490777e-01
0.000000000000000000e+00
0.000000000000000000e+00
-6.047021178986717871e-01
-9.464235941918286432e-01
0.000000000000000000e+00
0.000000000000000000e+00
-1.365585829256161787e-01
-6.592641884132943719e-01
7.865273615383197026e-01
1.943632998680882018e-01
-7.751817415649484566e-01
-8.900946845428614473e-02
5.829903917927556911e-01
-4.320863515596422566e-01
2.028153504175951305e-01
-9.623204164847520836e-01
-4.823010027408496381e-01
7.471504587365789263e-01
2.010642433107678873e-01
1.000000000000000000e+00
5.793821879728393576e-01
8.518083134555658464e-01
8.022439912240411086e-01
6.312203923002055461e-01
3.486107946303957927e-01
-1.707369264306275447e-01
8.432171867376736518e-01
0.000000000000000000e+00
-1.142774987747330329e-01
3.503006510355359815e-01
-3.374923779507810195e-02
-3.458341898872099307e-01
1.059615000289584330e-01
1.000000000000000000e+00
9.478514115846259358e-02
6.312058232012580650e-01
-1.853214430383818279e-01
-2.331790517735832236e-01
1.936681620396223380e-01
-9.046128586984532038e-01
2.578429659643788341e-01
4.400328207395935998e-01
6.562600294769624920e-01
6.722891555735139857e-01
0.000000000000000000e+00
0.000000000000000000e+00
0.000000000000000000e+00
4.944035699542685958e-01
-1.412881859385086702e-01
3.719141686791320733e-01
-8.534723181023167182e-01
0.000000000000000000e+00
-2.541718747901833275e-01
0.000000000000000000e+00
-1.785405942739752838e-01
4.068443728522284086e-01
7.695426206206681385e-01
2.834908090114258705e-01
8.764482428581690243e-01
5.945396531489601788e-01
0.000000000000000000e+00
0.000000000000000000e+00
8.957781870266823265e-01
0.000000000000000000e+00
4.934938067684400131e-01
3.548477302949781809e-01
2.146734123247109327e-01
5.409276039170318739e-01
8.625042328230458910e-01
0.000000000000000000e+00
6.037823723945143772e-01
0.000000000000000000e+00
5.013348259072418767e-01
7.093672133386028644e-01
-7.766035849187329365e-01
0.000000000000000000e+00
2.222876699787583732e-01
0.000000000000000000e+00
-1.137601694169994015e-01
-5.607550462754276044e-01
0.000000000000000000e+00
0.000000000000000000e+00
0.000000000000000000e+00
-3.199454598529851701e-01
-8.942791053482199715e-01
-2.241210828655015863e-01
0.000000000000000000e+00
0.000000000000000000e+00
9.120832688282123346e-01
1.000000000000000000e+00
0.000000000000000000e+00
9.310837897668562402e-01
0.000000000000000000e+00
-8.747402889664446235e-02
5.111088144047968296e-01
-1.566984643728874804e-01
-5.701658224278172149e-02
7.999496082385586515e-01
1.929311549874368481e-01
-2.232262918386582751e-01
9.007728186796228886e-01
-3.625791864864924552e-01
0.000000000000000000e+00
-4.222903936853368290e-01
-6.510496015134088488e-01
1.171869793242896751e-01
-2.482718187071402127e-01
-3.838803524293643576e-01
-6.403406177185153592e-01
0.000000000000000000e+00
1.000000000000000000e+00
7.052824397772472498e-01
3.093320809706290309e-01
0.000000000000000000e+00
0.000000000000000000e+00
6.541935924060560126e-02
5.154940670055410123e-01
-3.648929138561605168e-01
3.940498439059618718e-01
0.000000000000000000e+00
0.000000000000000000e+00
0.000000000000000000e+00
-6.944675588036957059e-01
-9.134305554233788094e-01
0.000000000000000000e+00
0.000000000000000000e+00
-9.612235617681019750e-01
8.656328057270035181e-01
-2.255419979422321752e-01
0.000000000000000000e+00
-3.247624069680417058e-01
0.000000000000000000e+00
-8.583514250181203398e-01
2.270197060818068824e-01
2.336107874061217338e-01
0.000000000000000000e+00
9.435534398935840894e-01
0.000000000000000000e+00
-9.441734415119262813e-02
-1.050449901415426712e-01
0.000000000000000000e+00
-6.361650372309410884e-01
-5.928455866434165777e-01
-1.710150688052938239e-01
0.000000000000000000e+00
4.086655299609815994e-01
0.000000000000000000e+00
0.000000000000000000e+00
-8.721483398672353893e-01
-7.135567272984972842e-01
7.589655432605950658e-01
-6.384385584924343604e-01
-2.481200209290692626e-01
-9.242905728294508183e-01
0.000000000000000000e+00
-8.745986205167903815e-01
0.000000000000000000e+00
0.000000000000000000e+00
2.177291871321143102e-01
5.633959639281549414e-01
1.000000000000000000e+00
-6.074590036052285313e-01
-7.329968818440149025e-01
0.000000000000000000e+00
2.016122571211156345e-01
-1.125627180302126717e-01
-3.786033186233683789e-01
-9.272961906001162546e-01
0.000000000000000000e+00
-4.982173305566182098e-01
1.516269346654555150e-01
-5.761962438832579636e-01
5.900251071271411796e-02
0.000000000000000000e+00
8.124995739442293363e-01
0.000000000000000000e+00
-9.676510414091334944e-01
0.000000000000000000e+00
-5.848322946868402816e-01
0.000000000000000000e+00
3.219298427099022142e-01
1.290378503543987421e-02
8.222579777968470616e-01
0.000000000000000000e+00
9.695352373579368965e-02
7.923982901314354788e-01
1.628666886880527631e-01
-7.800007456699593611e-01
4.674993695165434726e-01
2.490344815661620359e-01
2.148259696853647149e-01
0.000000000000000000e+00
