1.475919586338350076e-01
-8.410696179905607917e-01
-6.720814758246032028e-01
-6.721999966331886345e-01
7.013850349694856767e-01
9.233405360763802250e-02
-4.994882012767662971e-01
-7.155573074711849557e-01
-8.844503177710503206e-01
7.298351984673390191e-01
0.000000000000000000e+00
5.375038703463235201e-01
-4.018625679159970598e-01
2.130184376280273018e-01
-5.480853899242155158e-02
-4.650236323798511151e-01
1.621904897955994684e-01
2.509560764470530891e-01
2.846617487930489521e-01
-7.378930349681707135e-01
-1.025979341209344309e-01
-7.211143945347253670e-02
-1.854566829924744198e-01
-4.437838835709762009e-02
0.000000000000000000e+00
-3.313300277690349738e-01
3.009710133410807842e-01
4.978250656223346393e-01
-2.780516540641375656e-04
-5.365650617882928852e-01
5.207057548165405780e-01
-8.584616773265749679e-01
8.768302781172581106e-01
2.430739931912591079e-01
5.076118343661182308e-01
8.473829533752286203e-02
-1.327512187959265511e-01
1.652340447957307834e-01
7.918033836477502696e-01
3.574476048819079654e-01
-2.392005019120952980e-01
9.437876319957418936e-01
-8.810271837187726440e-01
1.410786456885213536e-01
-1.125759404445894063e-01
-9.960491326162723702e-02
-8.756051137541835949e-01
-1.129762711213939674e-01
-7.252401908907080141e-02
-8.121001869799397976e-01
-1.954783860192939038e-01
-3.192725367897917277e-01
-5.984562118696379329e-02
5.245395553274119216e-01
-4.472665265886788255e-01
-5.312228436703749779e-01
0.000000000000000000e+00
2.273966971919569868e-01
5.761735518111121834e-02
1.315062623944109887e-01
9.516275219128700336e-02
1.668305487021808364e-01
3.507330982933898333e-02
-5.023702852871121394e-01
7.258187895058334504e-01
-6.318631347102090512e-01
9.465779799282991736e-01
-4.219478198409456482e-01
0.000000000000000000e+00
-7.045365991387797511e-01
-2.275205632652865795e-01
-4.997762155085121449e-01
-2.083064524534028461e-01
3.290622757796928255e-01
-9.430785474627039200e-01
0.000000000000000000e+00
9.712781044682872178e-03
3.378900981701626893e-01
-7.105456717359599494e-01
-4.533446699266576729e-01
4.763527195143812953e-01
-1.676040517239341110e-01
7.050311386447003503e-01
9.246381713924189949e-01
2.604914257680355227e-01
6.782157412438862831e-01
5.666344266109377692e-01
-7.314797388191718319e-01
-6.423908939233229365e-01
-4.258147490160713033e-01
0.000000000000000000e+00
7.023965724311078684e-01
8.987971525122808725e-01
-7.767916406271111462e-01
2.894671965094113286e-01
-8.217849555035199316e-01
-3.749234547512934057e-01
1.126567607715827091e-01
6.478598199868772500e-01
8.690714276235071978e-01
1.790054743508826540e-01
6.359768495725717230e-01
3.088826706967835456e-01
9.113551902926597670e-01
-8.624441349933196221e-01
-6.495328506692232828e-01
-8.316402875318795740e-01
9.358071916032018045e-01
9.898708856935978240e-02
-3.313115272366886632e-01
6.751657587452297715e-01
3.039999680683906913e-01
-8.515918926902392716e-01
8.473193424523650652e-01
2.682101093237023726e-01
-2.753445094652338110e-01
0.000000000000000000e+00
8.691272152351552371e-01
-1.598471732845168081e-01
2.778911549331593012e-01
-7.846820999296804100e-01
3.898203740865997524e-01
-7.708013823231223416e-01
1.402404837236774782e-01
-7.424658564005262029e-01
8.063826540101071139e-01
-8.844194971832228802e-01
-3.410802586396797231e-01
9.366207364345755515e-01
1.311442742280979346e-01
3.897309242624094061e-01
-4.741810284197980341e-01
3.134788714138414534e-02
2.937047927305911355e-01
1.699402168115606848e-01
-6.138739516967222087e-01
-5.489540872836087271e-01
0.000000000000000000e+00
4.416828858489589837e-01
4.192727594902192489e-01
-3.736371218293121910e-01
2.101300793715050741e-01
-9.227420031182345106e-01
-9.271772022323621076e-01
4.113719138418852062e-01
0.000000000000000000e+00
7.730141949649402822e-01
2.240070406040433060e-01
-6.916916312164749225e-01
0.000000000000000000e+00
-6.766485608360728321e-02
-6.331919314513203556e-01
0.000000000000000000e+00
-3.511106134211965379e-01
6.477285207651812815e-01
6.844906523305935853e-01
5.504098899245557508e-01
-3.438513058544299117e-01
-2.295451706157947136e-02
-7.043199912398414586e-01
0.000000000000000000e+00
0.000000000000000000e+00
-7.489923668289155678e-02
-1.049950132631840560e-01
9.456918362126431887e-02
-3.665824239333965728e-01
0.000000000000000000e+00
6.939618728128442715e-01
-4.562451125497830606e-01
-9.118324648685105505e-01
7.228648411693128217e-01
-8.764730682409829221e-01
-7.915165734015341403e-01
-8.855814525815781657e-01
8.907715950248755732e-01
1.000000000000000000e+00
0.000000000000000000e+00
-4.447392730565025154e-02
1.000000000000000000e+00
-4.344178426123808112e-01
-2.012930807442141479e-01
-2.579121205006540407e-01
2.331454742708509720e-01
2.116577715824363715e-01
2.267737504390292536e-01
8.099255541951022597e-01
0.000000000000000000e+00
0.000000000000000000e+00
7.177393231311377519e-01
-5.907119183175562060e-01
9.503038116761195475e-01
9.694736558295979911e-02
-1.305159570556213566e-01
1.407666692469591307e-01
-5.185248514827009991e-01
4.244761984419300749e-01
9.763079469498923135e-01
-7.564093550810246924e-02
-5.729152061811026986e-01
0.000000000000000000e+00
-8.213047179073207360e-01
-6.616504659248085840e-01
-5.303262218085031954e-01
-2.437285711471837146e-03
9.014948150447881225e-01
1.920982694983299766e-01
-7.436564167623613830e-01
7.481109058254551414e-01
-2.328423309782019501e-01
2.265547625945500965e-01
-5.701322224680624995e-01
-2.551324136684682831e-01
0.000000000000000000e+00
5.025364977404955802e-01
-4.230960468709035194e-01
0.000000000000000000e+00
5.341447194792872111e-01
7.546152014040570233e-01
9.727153283898528624e-01
-2.398517776636306387e-01
-2.631413427193822763e-01
4.995408312820712737e-01
9.838178210530039713e-01
2.981746059511329872e-01
-4.750529423983760324e-01
-9.733307532620651958e-01
1.847846958750032353e-01
0.000000000000000000e+00
2.652189185839108898e-01
-4.431909130919191586e-01
-6.997808796366917772e-01
-5.404266891230407044e-01
4.182123339290038100e-01
-5.346011401591113099e-01
3.352136130775553724e-01
8.507751901072937439e-01
-3.130416734198466777e-01
8.794486366473586170e-01
8.683731406929575680e-01
0.000000000000000000e+00
2.401435650969472313e-01
-5.263887408831162684e-01
-5.207952086511302703e-01
-6.360891324902695487e-03
-9.057211921853269843e-03
0.000000000000000000e+00
-2.278279626008017367e-02
6.502163125143500810e-01
-5.739400275080612790e-01
0.000000000000000000e+00
-2.111589970202800703e-01
5.159070710068280885e-01
5.545987141768040640e-01
0.000000000000000000e+00
-9.605189825093907174e-02
1.714874801963115480e-01
-7.159881899496967073e-02
-5.816226453488200221e-01
-8.708723406854763649e-01
9.324791946250365893e-01
6.846446811755182438e-01
7.924709929221447346e-01
-1.421063024794559926e-01
9.344272187981654820e-01
6.935347542930527798e-01
