0.000000000000000000e+00
-4.764750202355496622e-01
2.949221447782925942e-01
0.000000000000000000e+00
8.781329059295710504e-01
1.355100785500129579e-01
4.441457680436915467e-01
9.827951001878625359e-01
4.110270715006603126e-01
2.735560829019325624e-01
6.048049198154825667e-02
-5.130731926766030071e-01
0.000000000000000000e+00
-7.673897235563380548e-01
7.685299168776069667e-01
-5.735626264034563437e-01
4.320179275721265366e-01
-9.447146136482613699e-01
2.382211664925879546e-01
-8.611564125464032937e-01
4.709484217410684348e-01
-4.764424281220052126e-01
1.391459068143989786e-01
0.000000000000000000e+00
0.000000000000000000e+00
-6.008752018740626255e-01
1.481803350613746240e-01
-5.746535674061812315e-01
-9.656782126963558976e-01
-4.631177148240690489e-01
-4.878989958200006249e-01
-7.467306623521401399e-01
5.447943228416591843e-01
-2.250870270760052527e-01
6.941621622293665528e-01
-9.673124995359074774e-01
-8.394367186791806823e-01
-4.413495867363925740e-02
0.000000000000000000e+00
2.033073525309685436e-01
0.000000000000000000e+00
-9.319777963819821931e-01
5.580300939567921503e-01
-6.524507316010588198e-01
6.215535158261644710e-01
5.556583505478163154e-01
3.163010245309185731e-01
-8.075859882533675815e-01
8.609752690417087351e-01
7.975205743944828729e-01
2.812217719377865244e-01
9.588636424512249068e-01
2.050625847243088273e-01
-3.260449682765778068e-01
0.000000000000000000e+00
2.524431930363473242e-01
-3.091860339729974871e-01
-3.666351373968490535e-02
6.322839547463245946e-01
-9.101192600474379280e-01
-9.722143928873538954e-02
9.926584968827962818e-01
5.487019498870306933e-01
-6.848112765887892639e-01
-7.425480698283597469e-01
0.000000000000000000e+00
-4.844544761343261285e-02
-5.696771630205057502e-01
0.000000000000000000e+00
-2.837396613017375557e-01
0.000000000000000000e+00
1.462258299753216306e-01
-9.224931095872472842e-01
0.000000000000000000e+00
5.094388130156297656e-01
-1.506339050827942838e-01
0.000000000000000000e+00
1.389694420478211345e-01
9.583756734514967679e-01
5.212804553247640804e-01
-3.104724727853189759e-01
-2.740504323106338624e-01
6.581543110115726236e-01
9.244687160842284257e-01
6.465012256914071109e-02
7.684535954289395399e-02
3.283160572013006373e-01
2.721091083442128689e-01
9.470398079995057117e-03
-2.698301020343842893e-01
5.987263208884208154e-04
-4.946822390596021801e-01
-7.789643613824879242e-01
7.300266690557510874e-01
-7.140644553206343392e-01
0.000000000000000000e+00
-8.518400367920400118e-01
-8.439288785794434311e-01
0.000000000000000000e+00
3.393603717137803066e-01
-9.928605821513594165e-01
-6.232410936695653714e-01
0.000000000000000000e+00
7.831680901349740154e-01
5.567505013069082853e-01
2.806021882668197076e-01
-7.678604053190354328e-01
-3.034193780387084427e-01
2.758415814785812881e-01
-9.616300460329978428e-01
-1.838543174785511880e-02
-3.689625840974410931e-01
-1.974781534578351483e-02
5.653396066412175180e-01
9.857718600847171775e-01
-6.728526409809549857e-01
-2.908182853748133567e-01
1.361126820808575832e-01
8.540766990918302604e-02
0.000000000000000000e+00
-7.112225314147413435e-01
-4.594330976602338801e-01
-7.553006510112258987e-02
0.000000000000000000e+00
5.136299051012567229e-01
1.908986293813146329e-01
0.000000000000000000e+00
0.000000000000000000e+00
-2.057086088875146324e-01
-1.113429688952931595e-01
5.038147708736400165e-01
-8.845191090893238517e-01
1.593074740739726103e-01
8.079775192171718690e-01
0.000000000000000000e+00
-4.508958203718984592e-01
-4.883499166451095164e-01
9.870713317803470055e-02
0.000000000000000000e+00
-4.906298549134522347e-01
-6.951937774724079588e-01
-3.840823913483895069e-01
-2.865552052911159997e-01
5.657855813029577519e-02
-5.113846404660682410e-01
-2.243394180707478647e-01
-4.560898872560532613e-01
8.520150990667780810e-01
7.797905034036485272e-01
-2.494152983286739289e-01
0.000000000000000000e+00
9.053768110497433241e-01
6.672221916639009542e-01
-3.132390300177290143e-01
2.105963330009306134e-01
3.466988124835612695e-02
7.703785087545433896e-03
0.000000000000000000e+00
-9.843000023980792434e-01
3.993185253271747115e-01
4.375870146277343053e-01
6.643018150406088118e-02
5.168651541800128868e-01
-1.822162530337594344e-01
9.723203832615581188e-01
6.612096873252659712e-02
6.214507338408243875e-01
-3.575613329431732712e-01
2.533012614381646710e-01
0.000000000000000000e+00
-8.728333146291218370e-01
0.000000000000000000e+00
-4.258736414610964083e-01
4.576741602473060055e-01
-4.314017664532923124e-01
0.000000000000000000e+00
3.189269420212821338e-01
-6.632343524302566351e-01
-8.265577016622032147e-01
-8.580327207234661469e-01
1.828644953685261143e-01
-9.846218813245075641e-01
4.219382184299014238e-01
-2.217102558781882671e-01
0.000000000000000000e+00
-5.604451928779143888e-01
5.834309427273920434e-03
0.000000000000000000e+00
-7.929917205219849663e-03
-9.693518785770549595e-01
-8.422850013753870879e-01
0.000000000000000000e+00
-7.850984481967937523e-01
-1.108929691596571843e-01
6.051732362442814317e-01
7.527095250753561562e-01
-5.387667931535262689e-01
0.000000000000000000e+00
0.000000000000000000e+00
4.421891529338133342e-01
0.000000000000000000e+00
-9.933857506028136442e-01
7.957213304633339312e-01
0.000000000000000000e+00
0.000000000000000000e+00
3.313369340259411100e-01
-6.452957010949056382e-03
8.553671693413460453e-01
-6.586390292977677419e-01
4.086995763891172473e-01
-3.750026213388206742e-01
-6.825345143547469906e-01
-1.773845520754659955e-01
6.468693245673637904e-01
1.590621960812699243e-01
0.000000000000000000e+00
6.059450034263247353e-02
7.418687901176999056e-01
8.110748771754199282e-01
-4.066909675091623377e-02
-4.667527066203083219e-01
5.511334758466763795e-01
8.817701571484759526e-02
-6.333035419358079565e-02
9.274786299095423292e-01
-5.258397121077851288e-02
-6.220109266305950957e-01
1.166797016607179494e-01
-8.786826200757025251e-01
-3.050818444812095631e-01
-8.839600412533887841e-02
0.000000000000000000e+00
1.964604000079170909e-01
3.043429786956375338e-02
-7.883458600759811752e-01
4.147573371502251138e-01
-5.447447390705932868e-01
-7.137676912291275322e-01
4.695315459913009803e-01
-9.350878620912805861e-01
-2.473744889601414698e-01
1.083872415670206202e-02
-3.102275357462285221e-01
8.360477507866199698e-01
2.661068806387958396e-01
8.096082500627392875e-01
-6.809019089666108471e-01
4.860351174100228100e-01
8.652124825997911106e-01
-9.627943484222547532e-01
-5.784086234814900251e-01
-7.608494424185461291e-01
-4.764006930803472706e-01
9.931571299492891747e-01
2.365590576768141773e-01
7.536406749242110514e-01
-8.436199881336889916e-01
8.429299268979260074e-01
3.411770262458402314e-02
-7.136410136695614526e-02
-6.836011206247682992e-01
1.323999447544048635e-01
3.512345078188123804e-01
5.402811573941928014e-01
0.000000000000000000e+00
