5.480101826998051706e-01
-3.016761898088580196e-01
-5.718502056779264375e-01
8.707090609830927530e-01
-6.783990396014316637e-01
5.036516880468862034e-01
0.000000000000000000e+00
0.000000000000000000e+00
-5.025045051232213122e-01
-7.163397962442468181e-01
1.688430986260784916e-01
8.801936724539349832e-02
-8.150648936277129497e-01
0.000000000000000000e+00
-7.620353186664823308e-01
0.000000000000000000e+00
7.121827902080499761e-01
-5.256392781632612810e-01
3.055966521399158253e-01
0.000000000000000000e+00
-7.277844689816328483e-01
2.504223326618031376e-01
9.126697493586732879e-01
4.108360120373879543e-01
8.874878888177084590e-01
2.226975285868759702e-01
5.530388758065454269e-01
-7.602065162302826806e-01
0.000000000000000000e+00
-7.194793718711034458e-01
5.183029017484082068e-01
7.923081183428812846e-01
-6.430746711201233978e-01
-1.005801080749335608e-01
7.238538529502775987e-01
3.622064019213104835e-01
-1.901031117619174093e-01
8.852016919628298286e-01
0.000000000000000000e+00
-8.931786635011260689e-01
1.812573230805984981e-01
4.083158432025135731e-02
1.794223095857871986e-01
1.151398725258723221e-01
0.000000000000000000e+00
5.555475089094321639e-01
0.000000000000000000e+00
0.000000000000000000e+00
-4.392458829279055621e-02
5.470421924974271377e-01
-5.680604055274645070e-01
-2.659645971013053778e-01
-1.269520668490553561e-01
9.924024244629572333e-01
0.000000000000000000e+00
4.303262659776936339e-01
-3.798659761031992765e-01
-1.661579467771017171e-01
-5.643513571866840550e-01
0.000000000000000000e+00
2.568758254401359853e-01
5.192458450032864103e-01
-1.856165916522853898e-01
-9.607367568891020948e-01
-2.967936794993975003e-01
-4.431404365400088974e-01
-2.332439213592836236e-01
-3.640346256704465322e-01
-3.097569270054647550e-01
7.281993163736759644e-01
-9.226590747028826645e-01
-3.242828444913106178e-01
0.000000000000000000e+00
-4.025593795329511781e-01
3.140879446220872229e-01
4.894281344050706029e-01
-2.859339492217289891e-01
3.900772483212908703e-01
0.000000000000000000e+00
-1.387542891389703659e-01
6.216306817631367387e-01
-7.882779451718735508e-01
8.695542497898700596e-02
-1.094892577006678636e-03
5.256361810149552394e-01
-5.463309805167824162e-01
3.159578376352913942e-01
8.881889445926649529e-02
7.396592943662667619e-01
7.550869781021525284e-01
6.283400385669353216e-01
8.234150596712552783e-02
-4.373600178460550492e-01
0.000000000000000000e+00
-1.765915920165803676e-01
0.000000000000000000e+00
-3.250725666304281614e-01
7.817930620038979761e-01
-7.241932613567512167e-01
7.270130355500061814e-01
3.559272542186273647e-01
5.356078833088957492e-01
2.784600425238896726e-01
6.873618207535943103e-01
0.000000000000000000e+00
2.776483113700489724e-02
4.198097466436288006e-01
0.000000000000000000e+00
8.258316440156354687e-01
0.000000000000000000e+00
-1.456516772231175594e-01
-6.762890439969797551e-01
0.000000000000000000e+00
1.000000000000000000e+00
0.000000000000000000e+00
7.635034568982137504e-01
0.000000000000000000e+00
0.000000000000000000e+00
0.000000000000000000e+00
4.758376432332307449e-01
0.000000000000000000e+00
-8.414181373406290909e-01
-1.501221491622730664e-01
-7.255006863840813836e-01
6.546283226786966392e-01
2.199670385336314204e-01
7.338192082229708646e-01
1.069605302877651987e-01
0.000000000000000000e+00
-4.472677869145285090e-01
6.791384460785185873e-01
1.698140195663802032e-01
0.000000000000000000e+00
2.650268606087236023e-01
-9.038801189887812892e-01
-6.004788972857297846e-01
0.000000000000000000e+00
6.884411238042020820e-01
8.869451751678512075e-01
1.822668770919262382e-01
-4.810619628625982802e-01
-9.069135603686115932e-01
1.176290861474962313e-01
-1.817819946278425025e-01
8.615149484898694254e-01
-5.868569691566978275e-01
0.000000000000000000e+00
-9.682646481385490667e-01
-9.426390961890989129e-01
6.148673121333407821e-01
7.424116343349824731e-01
0.000000000000000000e+00
-9.692710287724202178e-01
1.525640538886072761e-01
-5.070623280726205273e-01
2.290663898020968148e-01
8.236103948628146210e-01
4.942308445070930922e-01
-4.400561343433528894e-01
2.132611060391482738e-01
-4.209125002813272065e-01
5.191345393253414819e-01
-4.837018289689412054e-01
7.388198943494634907e-01
3.566774757429533871e-01
7.836964361381144606e-01
-3.085895602597688026e-01
0.000000000000000000e+00
1.644445065613311385e-01
-4.854729801889896557e-01
2.937017982800191884e-01
-3.789472321575588776e-01
-7.733210806365964363e-01
0.000000000000000000e+00
0.000000000000000000e+00
-5.162020762750521019e-01
-7.998812170193196902e-01
5.533265273567671283e-01
-7.160355017227300056e-01
5.097045968109576997e-01
0.000000000000000000e+00
-2.732222693400456759e-01
8.650725931087843712e-01
6.572506372332551638e-01
6.692156303766436665e-01
9.606324460039707969e-01
2.072965738273480074e-01
8.704881704295963640e-01
2.450022583003603760e-01
1.643121781481677868e-01
-3.522989138943619647e-01
-2.414834111330352862e-01
1.000000000000000000e+00
-5.058090092278231253e-01
2.839941440900328740e-01
7.280424858060969839e-01
4.407330285377890622e-01
-5.498281469192420889e-01
0.000000000000000000e+00
-2.661418897307281650e-01
0.000000000000000000e+00
6.930262566403946334e-01
9.405900977794079409e-02
3.583659068656430691e-02
0.000000000000000000e+00
1.060428624637592687e-01
3.563087608196833234e-01
1.153861848491091191e-01
1.053469269899802718e-01
-5.280716673598755406e-01
-7.529441777544285674e-01
-1.207113070454415293e-01
7.731632904174572385e-01
8.934397091960799564e-01
-4.136007126999119432e-01
1.000000000000000000e+00
3.673024366447452671e-02
-9.190931214097486368e-02
-6.435231870919360109e-01
5.783414931818584570e-01
-8.293808595247795790e-01
-5.440938520085343288e-01
-4.426758613271355447e-01
-5.938103644928864888e-01
-6.132061382953000184e-01
-8.404637101423388934e-01
4.706379348659806006e-02
-6.560612531727070262e-01
2.851715487905277513e-01
2.004026591112331168e-01
2.492957381034275333e-01
-3.913637293644711690e-02
2.248960903408232515e-01
-4.087692721679390129e-01
-7.206726781991168451e-02
3.771256882865512416e-01
-5.693193483919074538e-01
-9.432139360677012085e-01
7.538959927435628927e-01
-2.380507864803786955e-01
-8.269949002080245748e-01
-9.066677817891728441e-01
1.000000000000000000e+00
2.031646369181703271e-01
-2.549069261128820152e-01
0.000000000000000000e+00
4.691129608660944417e-01
0.000000000000000000e+00
-6.295624322284227858e-01
9.080049566382990545e-01
0.000000000000000000e+00
-9.056471010281841316e-03
9.896424526093123841e-01
3.043511952512574226e-01
-1.240899900384708765e-01
8.906445652460195372e-01
7.428368971622869577e-01
4.930013168419700165e-01
0.000000000000000000e+00
-8.400066998832260712e-01
0.000000000000000000e+00
5.235839007900078279e-02
1.705578125205349238e-01
-2.658144067750054518e-01
2.756995521438194707e-01
