0.000000000000000000e+00
6.034171577205338366e-02
0.000000000000000000e+00
0.000000000000000000e+00
0.000000000000000000e+00
2.487994111065168212e-01
3.485670791840842497e-01
0.000000000000000000e+00
-1.754293276985505745e-01
8.682431852835534869e-01
5.361961153601551011e-01
0.000000000000000000e+00
0.000000000000000000e+00
6.189585258971597170e-01
-1.989297474527245146e-01
0.000000000000000000e+00
-7.207207957435499690e-01
2.718849968133574269e-01
0.000000000000000000e+00
-6.916007009730271715e-01
2.184748168072654373e-01
0.000000000000000000e+00
4.312416372463774294e-01
6.910416092491067364e-01
0.000000000000000000e+00
-8.924157279160511713e-01
0.000000000000000000e+00
-8.322356307151053123e-01
7.539684575584209014e-01
3.086881082416126354e-02
0.000000000000000000e+00
-5.476491335222817280e-01
2.735817596208360847e-01
-1.284280707068099492e-01
4.575095709739946948e-01
0.000000000000000000e+00
-7.804930227394835107e-01
-9.546243614806535493e-01
8.202940568889331985e-01
-3.360444078539646107e-01
5.681553856608407838e-01
5.856057462086114995e-01
5.904033481917501103e-01
9.165916663995039571e-01
5.391836282918194279e-01
4.279253784592864651e-01
-7.926027780308515513e-01
-7.904327061332450111e-01
-2.115750812192449537e-01
-9.939270740940608917e-02
-7.796814724461038626e-01
1.875143545997588479e-01
6.099805802780440267e-01
0.000000000000000000e+00
0.000000000000000000e+00
0.000000000000000000e+00
6.629000781828553457e-02
-5.571508410641463627e-01
-9.805166637627931170e-01
-5.273966569937427185e-01
-2.448458822568899684e-01
-8.808071956451843931e-01
5.068481781599696312e-01
0.000000000000000000e+00
-6.183906626131434603e-01
4.381597860517727483e-02
3.772316198102991791e-01
0.000000000000000000e+00
-2.190406666460968932e-01
0.000000000000000000e+00
1.842696494892221981e-01
-8.111579641892951997e-02
0.000000000000000000e+00
7.181814883056520937e-01
9.131164441303611934e-01
-9.555301882201401309e-01
-2.971967334700023056e-01
1.389675639164498211e-01
1.000000000000000000e+00
-5.566823987449387445e-01
1.707140718096673560e-01
-3.311628911520458907e-02
-8.461631338360018351e-01
-1.463456799511697604e-02
0.000000000000000000e+00
0.000000000000000000e+00
0.000000000000000000e+00
5.427695338365055022e-01
-7.375326012903760109e-01
1.152851091005682171e-01
6.299174662165292204e-01
8.994403208083499024e-01
-4.952155576825938432e-01
0.000000000000000000e+00
-4.353808827711824758e-01
0.000000000000000000e+00
-3.356559946570196740e-01
-5.140907117724768938e-01
-3.392467798911129595e-01
-7.147225176959615123e-01
1.005163555758532556e-01
0.000000000000000000e+00
3.630173606233970673e-01
0.000000000000000000e+00
-2.519566098632868290e-01
8.779645656215662175e-01
-1.181483205052304974e-01
-3.752777675117746625e-01
-8.337148335441200153e-01
-4.136393683564170143e-01
-2.715921312268814169e-01
-9.486433029115404203e-01
7.707919279409103375e-01
-7.450203655282747750e-01
0.000000000000000000e+00
-8.098879621836954090e-01
-2.789510120602203269e-01
-4.846506371229652999e-01
0.000000000000000000e+00
1.687390302326510216e-01
8.668362384923129493e-01
7.918804736968061420e-01
6.130284814268405214e-02
0.000000000000000000e+00
9.265818304549997553e-01
1.000000000000000000e+00
-8.734829735943436813e-01
-3.047363772361100231e-01
-1.220078216749076461e-02
8.022727599191810111e-01
0.000000000000000000e+00
-4.446028284198932923e-03
1.624959224005881886e-01
-5.134723311451401262e-01
0.000000000000000000e+00
-6.438909697306931523e-01
9.444967365116214708e-01
-8.122071421975673999e-01
-4.859954898479335039e-01
-4.149109815494123055e-02
5.498516218551725565e-01
9.383932667855265919e-01
-6.545391727463405473e-01
5.248795627154538845e-01
-3.065461744418795931e-03
-9.205389423877003985e-01
-1.912541378319732033e-02
-3.231592980298827467e-01
8.906452690620183521e-01
8.714199816784697905e-01
9.130872419937399176e-01
9.359557147183268366e-01
-5.657392768227387236e-02
8.234827144788161579e-01
-4.571621730535873063e-01
0.000000000000000000e+00
9.936532564821092262e-01
-4.419355279554688654e-01
-4.301812428985634096e-01
-6.115959871170681961e-01
-7.649805624776595536e-01
-3.010873587362379311e-01
5.659324037352337911e-01
9.831131279864020467e-01
8.869102451224428751e-01
0.000000000000000000e+00
-9.442242385600150278e-01
8.561990842474649366e-01
-5.154278809794894389e-01
-4.120633943228813045e-01
4.445505587199514164e-01
-8.447493271570865048e-01
-4.538118267524247074e-01
-5.248332232518786444e-01
1.443262498237523062e-01
0.000000000000000000e+00
-2.127882051966456523e-02
0.000000000000000000e+00
5.158806001652083140e-01
5.382849434701049152e-01
7.901586119429104826e-01
-4.504994918047262598e-01
-2.271162276893414766e-01
0.000000000000000000e+00
-2.681112104286182962e-01
2.989515469993264674e-02
-7.619789255752145163e-01
-8.964772528530606799e-02
-7.310546517165905644e-01
9.950774508819490993e-01
2.350245113515985196e-01
-5.984401137069914611e-01
9.876654442236776354e-02
-5.339441513744187517e-01
6.432663768277906424e-01
9.641060394472105166e-01
3.400915297713080765e-01
-5.361377724840099557e-01
0.000000000000000000e+00
-3.463383137162734382e-01
5.414319957976798658e-01
-3.585820644340402819e-01
0.000000000000000000e+00
0.000000000000000000e+00
-1.215623660480067425e-01
6.247448986478065791e-02
-5.144631526914285047e-01
6.769217441285273473e-01
-7.096671750046754656e-01
1.000000000000000000e+00
1.918815712505472781e-01
4.344408632850980112e-01
-8.462573272561420001e-01
-7.759472421861122182e-01
-2.278763405866781611e-01
5.290534017018171387e-01
-4.297171457163879715e-01
-4.041423801521093484e-01
-4.895272898561093822e-01
-9.425221911685932596e-03
0.000000000000000000e+00
-3.948856294485783014e-01
-3.651794647374568825e-01
7.808778910501006365e-01
8.908396683415678030e-01
0.000000000000000000e+00
0.000000000000000000e+00
4.807153564505299848e-01
8.881124175151309252e-01
5.944368131261674737e-01
0.000000000000000000e+00
4.181167080807350889e-01
6.184845520342279190e-01
0.000000000000000000e+00
-3.398684832283220825e-01
-3.172678027711750559e-01
5.021430358028327046e-01
0.000000000000000000e+00
5.805929877973434738e-01
9.144079474569544175e-01
1.000000000000000000e+00
6.829842572993927163e-02
0.000000000000000000e+00
0.000000000000000000e+00
9.416656924610820045e-01
1.075441567669070952e-01
-5.886563785092251422e-01
0.000000000000000000e+00
8.912287727030809847e-01
0.000000000000000000e+00
0.000000000000000000e+00
-3.263828698793278527e-01
-8.069561141157117756e-01
0.000000000000000000e+00
-1.408521219134641900e-01
-3.795047309380459311e-01
-1.410380635391925708e-01
0.000000000000000000e+00
2.410411035947901404e-01
1.000000000000000000e+00
-8.159904322777644659e-02
-2.659709713733657832e-01
5.406245471775845690e-01
0.000000000000000000e+00
9.576559551520187341e-01
