-3.424344852666107997e-01
0.000000000000000000e+00
-9.479167484105777142e-01
-9.548446854229888370e-01
-7.586956107954792028e-01
-4.066103363218276368e-01
3.614064565171737353e-01
7.630714830723286379e-01
9.963801351434888876e-01
-4.476510115061225203e-01
6.721014726525922356e-01
1.724699645709908413e-01
-2.757496348977999112e-01
-5.195557214462236395e-01
-7.888245673758225163e-01
-9.307232792897903728e-01
-1.395546257390243294e-01
-7.581156366075227915e-01
-5.922938990007622362e-01
0.000000000000000000e+00
-7.282859766193188200e-01
-5.965016155892830518e-01
-4.874828365923553619e-01
0.000000000000000000e+00
-1.520475890719270584e-01
2.348805719367990097e-01
8.162375337321181590e-02
0.000000000000000000e+00
6.520377371373531350e-01
8.528320621334999352e-01
7.433386225804714531e-01
4.762067138227343843e-01
7.521843714283151794e-01
-3.356966641479479652e-01
2.156637089950981245e-01
-3.380534439743727582e-01
8.509760759753894899e-01
-4.643395561236909330e-01
0.000000000000000000e+00
-5.271007475065496717e-01
-3.203476396953128802e-01
0.000000000000000000e+00
1.437413876235913435e-01
-5.708555730449111909e-01
-7.457278314392006280e-01
7.517403608546797678e-01
-5.855195166993745204e-01
2.015150928757569737e-02
6.746161684786726731e-01
-2.843277010979083919e-02
-4.624914460900320101e-02
-6.720818603460787521e-01
0.000000000000000000e+00
2.031749186298883458e-01
3.358628723665926241e-01
-2.131055959333099104e-01
4.233442779741030115e-01
-2.421756609283645112e-01
-6.426490457564346670e-01
-2.876147547007512628e-01
5.235061678788082151e-01
7.276464195259233492e-01
2.814089610726133728e-02
3.193185886742073709e-01
8.689655687106878634e-01
3.001661514274336362e-01
9.519652382741088381e-01
0.000000000000000000e+00
7.448350923622513164e-01
5.016885352104072382e-01
1.410694721307503841e-01
1.850733298388749226e-01
-6.641898995264898797e-01
-9.664142559206239103e-01
-9.375515202918975888e-01
7.819280223944746755e-01
-2.036901000454185429e-01
2.034644470775968106e-01
-1.148796584298901191e-01
7.573608246887846285e-01
4.742089668633815425e-01
-2.516914078607848104e-01
2.772530625765847745e-01
-5.714403132613639080e-01
8.859989913056272037e-01
-6.798849364847039389e-01
8.233942598046815053e-01
0.000000000000000000e+00
-7.049709000186101804e-01
9.676372910061792343e-01
-6.022025674268705053e-01
3.567548245794658346e-01
-4.803109652718158262e-01
-7.322383802867342695e-01
5.827386558952589724e-01
7.806191074893549242e-01
7.839786427167203531e-01
3.460330827879263271e-01
2.848793062750545335e-01
-6.856886542204110313e-01
0.000000000000000000e+00
-3.445217946380363383e-01
2.769364845448929469e-01
-9.488776337931870142e-01
-3.672664620581846950e-01
4.559463182422129890e-02
-5.252726337127833212e-02
-1.733053220763502988e-01
0.000000000000000000e+00
-9.618818028544817711e-01
2.921154515734856183e-01
-2.905472899516128304e-01
-7.744765015337442549e-01
-2.632702860755811169e-01
3.399587921436020288e-01
4.874384018246800121e-01
-3.216742832504482230e-01
0.000000000000000000e+00
-7.505818444960277169e-01
0.000000000000000000e+00
-8.592425633660372153e-01
6.984433608534459381e-01
-7.078246761401647547e-01
-6.187157498027480163e-01
8.999452579117357409e-01
-3.109925433245619431e-03
5.095660065994911392e-01
-3.087658527165200173e-01
-5.149916172207453791e-01
-2.629385115057789601e-01
9.655546247868314058e-01
-6.160661714671662459e-01
8.097761521072674995e-01
7.657424654854572132e-01
3.611000971545865745e-01
-4.685364807383078922e-01
4.609529139661199260e-01
8.100791693892446244e-01
1.858075616771848182e-01
-5.598883200490198941e-01
2.196535813956723704e-01
9.130277354548430591e-01
1.815303653858089117e-01
4.108382656468478888e-01
-3.037122951590016662e-01
2.768861480533582053e-01
-6.075829460517243596e-01
-2.967511626245578071e-02
-1.533694014349662460e-02
-9.695850455116468147e-01
-7.472715932294073937e-01
-7.935333793604448793e-02
5.303594170160150778e-01
6.229544043722721192e-01
6.878230288304150175e-01
6.122049329775074433e-01
9.334189044260183810e-01
-6.085201634243926350e-01
-6.979243191635287058e-01
-7.227156395665836897e-01
5.851813797897864600e-01
-6.207239579967922527e-01
-3.664345185751225475e-01
-7.230828185763817917e-01
8.176595330381823956e-01
-5.811644988144546442e-01
-5.290691053205389682e-01
0.000000000000000000e+00
4.062687428694928826e-01
-9.231125332054685995e-01
1.597402099799953845e-01
5.980896469331886678e-02
1.084415396450031377e-01
3.105754704123375731e-02
5.953688726854358126e-01
6.450591592987036105e-01
7.217421295968542427e-01
-3.382931374285187420e-01
4.560213357778586385e-01
6.080441133506326867e-01
6.638715216228514571e-01
-5.306301128545858337e-01
-4.019144065223412277e-02
4.934491758939791861e-01
6.665324079371275356e-01
4.650895650884132593e-01
3.871483318102260096e-01
-3.342763358631879456e-01
4.523090096613571198e-01
2.787797133171630026e-01
-5.619487002872578518e-01
7.381131134042577813e-01
-5.463200562020920081e-02
6.211760518518882890e-02
-6.047872673422152179e-01
6.623248705525828228e-01
-5.249301136551953739e-02
4.845460660799361108e-01
6.843321314703876279e-01
3.816450820597316884e-02
1.703749408120194264e-01
-7.328911861657272375e-02
-5.247268326626364221e-01
5.981917054195970973e-01
8.413876013611103488e-01
-9.304810882214220591e-01
-9.338971202727592846e-01
-6.029133842917655528e-02
-8.402396231202613475e-01
-6.658400969213555953e-01
-5.007604687499191964e-01
-3.300934127751906644e-01
-6.682951305746249737e-01
3.595781914513545008e-01
4.549866243135669563e-02
-4.181786031175718232e-01
-4.907444596284757932e-01
-7.154729966386621509e-01
0.000000000000000000e+00
-1.226587002161327877e-01
-8.501371872142926556e-01
4.517647810941105568e-02
0.000000000000000000e+00
5.443628782277305511e-01
-4.662267855426143193e-01
7.121509528085114837e-01
0.000000000000000000e+00
8.592464771863259632e-01
-5.448459437647810155e-01
8.580320159568841643e-01
-5.633910327945557128e-02
7.692631964953955404e-01
-7.177789247483579160e-02
8.198912682413794784e-02
-4.825402522053305887e-01
5.149355629598955097e-01
-2.644013667087634634e-01
7.675994068616420751e-01
4.149382957520721948e-01
-1.421058484145278911e-01
-9.377433948899542848e-01
-4.628111520386348765e-01
-1.655199046790050144e-01
-2.593699081114606564e-01
1.653699708876850138e-01
-9.895428610995085084e-01
-6.489703456179563013e-02
0.000000000000000000e+00
9.061341631928536700e-01
3.773363010366124204e-01
3.730324635572852543e-01
2.056325245482935049e-01
9.985213628648055284e-01
5.802605120163901731e-01
-7.956119319736965068e-02
-8.854472810324587329e-03
8.790066654909567401e-01
1.035092782898090480e-01
1.965912091885353430e-01
-3.849070246197623391e-01
3.284407643223878903e-01
-2.312979362763734059e-02
8.869193973065703229e-01
0.000000000000000000e+00
9.921406843415001564e-01
