5.764924615566358046e-01
6.043959953683857300e-01
0.000000000000000000e+00
0.000000000000000000e+00
-5.049621974376692357e-01
4.084361717974864803e-01
-5.715729971393299635e-01
0.000000000000000000e+00
9.021288912481681965e-01
3.373622523206720736e-01
-8.067873547358850317e-01
-1.844947738551296901e-01
1.759870157498033549e-01
-7.370797794963326321e-01
-3.903702105588875426e-01
4.988474268347076190e-01
4.906677271567170262e-01
1.551476298242990826e-01
-6.583922716249410723e-01
0.000000000000000000e+00
-7.435112911811423420e-01
8.087697700497034070e-01
-2.474869764964773289e-01
7.217889546002911327e-01
4.834752445696754997e-01
0.000000000000000000e+00
-7.455272717817214012e-01
0.000000000000000000e+00
-2.638677817488097599e-01
-8.693500862746412761e-01
-7.921920452334583196e-01
-6.697284435221932952e-01
-3.410236685721481642e-01
-7.382897840790514365e-01
3.807663403529328860e-01
-7.005973378702576859e-01
3.718426725020071988e-01
-4.568495474310649840e-01
0.000000000000000000e+00
6.360067206771682358e-01
-6.165437163500875339e-01
-6.698140449099050375e-01
0.000000000000000000e+00
7.501352223058013191e-01
4.005474587422286348e-03
-7.919283577868341251e-01
-7.293927945566474058e-01
-4.773680559652668798e-01
-2.493615368055239756e-01
-8.873345255085158811e-01
-3.057882801778892823e-01
9.910889596475773722e-01
3.908185512107602566e-01
-1.750447748638157552e-01
0.000000000000000000e+00
-1.940000337312495216e-01
3.602382740654888060e-01
-1.962579213580715187e-01
0.000000000000000000e+00
-3.664795467764996317e-01
3.048235967880819075e-01
-4.773821635003667740e-01
-9.619488737961190417e-01
-9.803934966113787564e-01
-7.308099733826356470e-01
-2.189973748798379471e-01
3.968899407941473001e-01
0.000000000000000000e+00
-1.429036670343730719e-01
9.835333286169571920e-01
7.816647512460808134e-01
7.890243378541963448e-01
8.509664421646361276e-01
-4.116158105034810610e-01
8.872905839254432436e-01
2.606881567507792763e-01
6.522031736644535727e-01
4.916531803898711583e-01
-2.210872466063673603e-01
0.000000000000000000e+00
0.000000000000000000e+00
-6.937475631403224874e-01
-7.819305042007078654e-01
6.401305897770859232e-02
-8.578254303927088653e-01
1.216439203109453970e-01
6.633438295355231773e-01
-7.972899827177455379e-01
6.547071024491011304e-01
7.073344223916573359e-01
8.335818621035750997e-01
4.139366157121584511e-01
9.385229574842595124e-01
-5.113626660394920975e-02
7.446232706114657152e-01
3.849801070123997082e-01
6.512313562613480933e-01
0.000000000000000000e+00
-2.581238991858751941e-01
-1.589198339265947002e-01
-8.949530984389182375e-01
9.634360830265003006e-01
9.172831696595822315e-01
6.724021133115201110e-01
-7.068512832764761722e-01
-8.395878796546758505e-01
-6.230147012753579627e-01
5.987157976279933180e-01
-7.495635717867661363e-01
2.765947862517590394e-01
5.691147040024717718e-01
-5.367328707689602574e-01
5.253475850141793302e-01
5.150466463620670954e-01
3.247085075764835072e-01
-2.959562246183309320e-01
-8.952455721203711470e-01
-3.306152468524627963e-01
7.989443213429239243e-01
4.294406411679074775e-01
1.450516544761306648e-01
-5.723845776544618236e-01
-3.746847641032682308e-01
6.123556100119762480e-01
6.935462666949085975e-01
0.000000000000000000e+00
9.317406128483476380e-01
-8.189695624242323557e-01
4.346765484599379725e-01
6.545652187067907413e-01
-2.445269141831096782e-02
-5.772777746825936696e-01
-2.724051018770596855e-01
-3.130602765446677260e-02
3.386124277758413292e-01
-7.803122210604478415e-01
6.496502640147270302e-01
2.460477540429950594e-01
-6.710101823579650571e-01
-3.999602595987648002e-01
-8.094892804986917323e-01
1.142598403275962848e-01
2.740714478226811135e-01
0.000000000000000000e+00
6.073027502703696179e-01
0.000000000000000000e+00
9.364722111542598260e-01
5.835994339302594813e-01
-6.639753448078526965e-01
3.380519042864711388e-01
-3.572010657035398218e-01
-3.731949767570612586e-01
-8.185179962607684878e-01
-2.747894668129262641e-01
6.085325255942903855e-01
1.000000000000000000e+00
3.157117282446644246e-01
7.647734479363799132e-01
1.219215125896484508e-01
-5.601679581000174046e-01
1.576268161748646257e-01
2.423204095607833786e-01
8.533275052153226348e-01
-6.154307053962171370e-01
0.000000000000000000e+00
-5.701675350436565815e-01
7.019945584240159242e-01
-6.448212495587477555e-01
-1.881375461943899374e-01
-5.623809682542340038e-01
-6.523228727835883589e-01
7.235219755698569788e-01
1.000000000000000000e+00
0.000000000000000000e+00
0.000000000000000000e+00
0.000000000000000000e+00
-9.759859765104299534e-01
-5.371479503063782968e-01
-5.758024806317667554e-01
-9.722799838777056447e-01
-1.754192420338300806e-01
-1.672494223401836955e-01
-5.283867399801809306e-01
8.316169203699577128e-01
0.000000000000000000e+00
-5.867044559477505583e-01
-2.957304294323896965e-01
-4.698313989704605564e-01
6.397799191705153543e-01
7.439182096511149922e-01
0.000000000000000000e+00
-2.440612855946380222e-01
9.106132382122906765e-01
6.410107474998556487e-01
-1.164958533670616969e-01
-8.872390300062193980e-02
8.229360657979012394e-02
-5.746873916310311081e-01
1.260098643760909631e-01
9.705388674678003813e-01
1.755818024916395714e-01
-9.669134236814098671e-01
7.321209955238949796e-02
-3.224229211583278243e-01
0.000000000000000000e+00
1.412668766308262658e-01
2.609226494485568093e-01
3.927667466728992363e-01
4.585461345393646582e-01
-4.297659183071358413e-01
7.128923556128885508e-01
-2.109574956758550890e-01
1.595108048737838846e-01
1.796785653751606926e-01
6.397122085883766296e-01
5.174099775974758675e-01
-6.292439019619149310e-01
5.010400457711148281e-01
9.631676834394233833e-01
-9.861815191280840498e-01
7.198654580736809638e-01
-6.958865542049101904e-01
0.000000000000000000e+00
6.945851051550340216e-01
7.054373356279459717e-01
8.485666236911373339e-01
4.413559334069696583e-01
-3.670143845480879907e-01
-1.367691060607847398e-01
0.000000000000000000e+00
5.539242431711592918e-01
4.620452638203129681e-01
-9.306913853768961076e-01
1.322677011604502795e-01
-5.521924927882171374e-03
-1.604356556109465259e-01
9.664056606027566776e-01
7.693368148573227483e-01
8.639547023682574434e-01
8.674539442726323379e-01
-9.323707054877026223e-01
1.527008051790976761e-01
-4.916526948516390938e-01
-7.291458065759282015e-01
7.250369150430990839e-01
1.158030561990492924e-01
-8.240998497937281897e-01
8.784038028934038067e-01
-3.123929753584173685e-01
9.086305275249249025e-01
-8.792176786220993190e-01
2.624193320161729570e-01
0.000000000000000000e+00
9.879700039506875697e-01
-7.818597975375312092e-01
0.000000000000000000e+00
-1.226825415918821882e-01
6.979649838250641114e-01
6.358410645248739890e-01
0.000000000000000000e+00
-2.131727175164555010e-01
0.000000000000000000e+00
-7.863735976242103298e-01
1.000000000000000000e+00
-3.875799229124177181e-01
