6.509472738924921842e-01
0.000000000000000000e+00
1.251129959961632121e-01
5.370872380574860383e-01
0.000000000000000000e+00
5.367044989414149203e-01
0.000000000000000000e+00
2.328688324742578253e-01
8.534903700984621810e-01
-7.835343026730308136e-01
-6.839543571134076849e-01
-4.606515103398118871e-01
0.000000000000000000e+00
5.450240453091514947e-01
-3.933800379292351490e-01
-3.455266032385830854e-01
-8.589530708137069759e-01
-5.036834257077444921e-01
-3.888177367007366048e-01
1.000000000000000000e+00
4.894280908015218312e-01
-6.061042729733638890e-01
-9.315204706379895949e-01
0.000000000000000000e+00
-6.374007121877598436e-01
0.000000000000000000e+00
-4.882672567846391143e-01
5.171429738559274458e-01
-9.277448340276917005e-01
-5.892962450533216767e-01
-9.728124109006115461e-01
0.000000000000000000e+00
0.000000000000000000e+00
-8.369976844091531198e-02
0.000000000000000000e+00
6.710261526568741530e-01
-4.580836158602641373e-01
4.248817779635862824e-01
-3.741794144891177343e-01
7.229011499977773259e-01
-5.370535262849778224e-01
-4.691407499384483426e-01
0.000000000000000000e+00
-7.182880081046918441e-01
-7.765943510113793025e-01
1.318351763959388911e-01
3.441041227347225728e-01
-8.169221067214893495e-02
0.000000000000000000e+00
8.400614530586882900e-01
5.348918170746073120e-01
0.000000000000000000e+00
0.000000000000000000e+00
1.533366976819450223e-01
8.690811361273620417e-01
1.828364324236431138e-02
3.882091226749815327e-01
-2.867812053134419781e-01
-3.413149349677304656e-01
-5.029834995777293649e-01
6.520601725558112793e-01
-5.941594516607495713e-01
5.197958473587243056e-01
-9.527400941699939452e-01
-1.589659805251923963e-01
0.000000000000000000e+00
6.638493797857147882e-02
5.575034567961711929e-01
-7.909155393447777627e-01
0.000000000000000000e+00
1.238576722958468768e-01
0.000000000000000000e+00
6.625203314440224478e-01
0.000000000000000000e+00
-5.827794772152996572e-01
6.852532247843949875e-01
-7.152043521055886366e-01
0.000000000000000000e+00
9.835250458457083234e-01
-3.939393190866002925e-02
-9.479270833968858057e-01
-2.903222835144969594e-02
2.752692793167046403e-01
0.000000000000000000e+00
0.000000000000000000e+00
0.000000000000000000e+00
1.009356487488284326e-01
-8.695295528770707882e-02
2.014711831781417217e-01
0.000000000000000000e+00
9.031223738320699468e-01
-7.028559363879738342e-02
8.428865837577337317e-01
0.000000000000000000e+00
9.422710708674679747e-01
-5.922665724048856717e-01
-5.760941022011130119e-01
1.560952811400286855e-01
4.900730095041994083e-01
3.763580874002248056e-01
-7.052387774508401819e-01
3.396253698371591856e-01
-5.599456443819903484e-01
-8.501518068326545663e-01
-3.965693330028565722e-01
-5.599765095401567638e-01
6.617790428608660847e-01
9.534178667326309586e-02
2.602666803513573601e-01
6.787099162390470841e-01
0.000000000000000000e+00
7.692519863859910156e-01
-2.899406570228317825e-01
-9.782036452897286960e-01
0.000000000000000000e+00
-2.417367021061016530e-01
5.437817488470799709e-01
1.000000000000000000e+00
8.318842257096461523e-01
-8.861050925383473498e-03
-9.454085273514605259e-01
-1.652310619367733935e-01
0.000000000000000000e+00
-9.355545760285632895e-04
0.000000000000000000e+00
-1.290497158294974245e-01
-3.488746365622845680e-01
-4.269932709049069075e-01
-1.377375620807408385e-01
9.135651695807789352e-01
1.128088976167564983e-01
-9.141674305468303618e-01
-9.638351699730309807e-01
1.215618136026530571e-01
1.534525453716129029e-01
7.219037747410945727e-01
-1.172374862577472143e-01
2.020205726937875923e-01
-7.236482214679647029e-01
8.564464066681232168e-01
0.000000000000000000e+00
0.000000000000000000e+00
7.501634014385374361e-01
1.000000000000000000e+00
-4.078678977223149094e-01
-4.314032439677324415e-01
8.028882930823217912e-01
-5.713957882455309445e-01
-2.117046433902265434e-01
-2.732564613630263928e-01
-5.102798356560684923e-01
-1.755890820791448093e-01
1.183739581064759960e-01
-4.187116813057893960e-01
-3.511690743698701045e-01
0.000000000000000000e+00
7.916353761063785743e-01
8.378104662097594080e-01
7.497722345183988057e-01
3.027219105567624524e-01
-1.814729070523490861e-01
8.468025480497507473e-01
-1.496363064452497227e-01
-2.628481879341062477e-01
-4.797147712657530150e-01
-5.133731961191978499e-01
6.484335445177571433e-01
0.000000000000000000e+00
-7.682586121680310409e-01
-9.890823069446215143e-01
6.714132671727190971e-01
0.000000000000000000e+00
-6.141036189746416074e-01
-9.385164572197122190e-01
2.740559763291774420e-01
2.756433225041190482e-01
-1.305771620619371465e-01
2.254416812125410452e-01
-3.632014887527066360e-01
0.000000000000000000e+00
3.181920117490752986e-01
3.766146056343482318e-01
9.248982889985679634e-02
5.900759514680056217e-01
-9.458223188036942730e-01
2.086806885233731812e-01
3.322279870914397470e-01
9.567331728636756516e-01
7.191906406358983261e-02
4.343318659046058183e-01
1.000000000000000000e+00
0.000000000000000000e+00
-4.807361150276332484e-01
-3.732479351988473582e-01
9.215932925938516984e-01
-8.673316526736378762e-01
6.488913462091496775e-01
1.171852579441943210e-01
-7.860011550633172472e-01
5.255468652671400065e-01
-6.894824396490339957e-02
5.289480280720191274e-01
-4.715743688591267357e-02
3.760131180285128938e-01
-3.594394773859632686e-02
0.000000000000000000e+00
3.976345211868572704e-01
-7.114485820077036671e-01
9.184964196114226986e-01
2.127050575831437307e-01
-8.429294390303658790e-01
-4.441984437485597681e-01
0.000000000000000000e+00
-1.932393318303746721e-01
-4.195178902612246574e-01
-1.956576553415865227e-01
6.877049673652673167e-01
0.000000000000000000e+00
0.000000000000000000e+00
7.061309139103510990e-01
8.923464125410578429e-01
-5.394556526014147035e-01
9.420554279216417637e-01
-1.633610582546638490e-01
-2.987856580154648611e-01
7.970740979581056873e-01
1.234537846690064722e-01
2.461608119565934505e-01
-2.560630886737158551e-01
3.610965771586358564e-01
8.568630386192475079e-01
-4.826613510372703697e-01
6.455112043551429757e-01
0.000000000000000000e+00
8.232266746031589033e-01
0.000000000000000000e+00
0.000000000000000000e+00
6.588186001265039504e-01
5.774752755240324387e-01
-8.373503079859880849e-01
0.000000000000000000e+00
-9.202706701240401799e-01
7.198176753362870439e-01
7.743323159740171935e-01
1.314760902858802538e-01
9.252568501409546009e-01
0.000000000000000000e+00
0.000000000000000000e+00
3.246143505276652963e-01
-4.194037827100274285e-01
6.037675384744758400e-01
0.000000000000000000e+00
5.423491956252060042e-01
0.000000000000000000e+00
-4.458440221110369084e-01
5.657206037146691457e-01
0.000000000000000000e+00
-4.368810277356749427e-01
8.241535139638485052e-01
6.504444377067846172e-01
7.833238970178137972e-01
1.000000000000000000e+00
0.000000000000000000e+00
6.644438208211662644e-01
7.217906386028725141e-01
