0.000000000000000000e+00
9.055703520366751302e-01
7.184167820552180839e-01
-8.960089048323245375e-01
0.000000000000000000e+00
7.907896181929621182e-01
1.491888914331407356e-01
2.770894107085863922e-02
-8.499170544545842088e-01
0.000000000000000000e+00
7.673474637145327737e-01
4.054413367041220795e-02
-1.388979989705247942e-01
0.000000000000000000e+00
-1.486835618333846032e-01
-1.008948527192665701e-01
-8.219699332482877097e-02
1.140712466055493479e-02
1.414001137357425719e-01
4.267577741993580087e-01
-8.095408918766799911e-01
0.000000000000000000e+00
8.026977925423695037e-01
-5.179043757943544435e-01
9.984928964548167585e-04
9.921622526902289518e-01
-3.123184119736426290e-01
-7.056397601314268186e-03
0.000000000000000000e+00
-1.126903606805060853e-01
6.793798366674683731e-01
8.646664818825486876e-01
9.104545653991731324e-01
-6.795632320345679211e-01
-3.881121201688551015e-01
2.881966925120389433e-01
9.956821525935219963e-01
8.937222180467752075e-02
-2.019987984725490904e-01
1.425727305051995852e-01
-3.589386959043379122e-01
7.306167088396189335e-01
2.807103135506321401e-01
-6.171898716724859568e-01
7.694788363781328577e-01
0.000000000000000000e+00
9.666805129850752909e-01
-4.959027786751739608e-01
-1.845553423885353261e-01
1.673408947222854160e-01
2.543260317188655861e-01
0.000000000000000000e+00
7.045068528327700363e-01
9.236695685373006448e-01
1.625268389100986699e-01
6.502173081140001365e-01
-2.925410232259137988e-01
3.711641669429535106e-01
-3.935220431934918217e-01
5.731003584728926459e-01
-5.194950318149835766e-01
-5.588181930840008249e-02
-7.982350155195530039e-01
0.000000000000000000e+00
3.600599945519802336e-01
-5.518416435491686478e-01
3.069433604949682870e-01
-4.662772246107687035e-01
6.012164943167563891e-01
-2.306923498978350473e-01
-7.898310716163949863e-01
3.517234265889326306e-01
-7.574821821530470789e-01
7.260484239943731932e-01
-9.626429979459127928e-01
1.107836016365419951e-01
1.490086424330703263e-01
-7.875065790521071918e-01
6.731712672663880959e-02
-6.228277147275804726e-01
-1.827340508950170417e-02
5.089756687843149940e-02
7.736479199347812141e-01
-6.522498288026572499e-01
-5.820399789927093170e-01
-3.677585557927853799e-01
3.561734223183392611e-01
-2.993081148244602918e-01
-2.255545554822568910e-02
4.914808149581024743e-01
7.078269079343870729e-01
5.052233539395643014e-01
-6.917858855523635331e-01
-7.051082515504636383e-02
-8.928090568897215640e-01
1.296301025018875563e-02
4.274446337045476607e-01
7.189199728223669705e-01
7.542360850907514624e-02
0.000000000000000000e+00
5.429332234725376960e-01
3.272188428594691167e-02
2.984754948726420221e-01
4.599547728065767060e-02
-6.005962148815688906e-01
1.184364959260666428e-01
7.525520063313213548e-01
9.358129023746426522e-01
6.855373921145009319e-01
5.371881106649236681e-01
0.000000000000000000e+00
7.187823074131367562e-01
0.000000000000000000e+00
5.046885234488112104e-01
-3.841511399120451919e-01
5.668667570580754322e-02
1.440331803795167342e-01
9.918148832877076160e-01
7.238062939200213819e-01
4.705298102065977872e-01
-9.245683047251469500e-01
3.015701211542141102e-01
-1.538930203708543942e-02
7.261387595292392305e-01
-5.976051221794482782e-01
7.070094557568618043e-02
-4.487131716334857856e-01
-1.085064826076089783e-01
9.640882536334529629e-01
4.733219669145118935e-01
-7.313093360791858011e-01
-5.885011882789983328e-01
8.964295404937159262e-01
-9.061650073776728043e-01
-8.131153261906327590e-01
-7.589949734166243633e-01
1.873073540534422321e-01
-8.615510688341561085e-01
3.026460372663923870e-01
8.795054052559063695e-01
3.096734949791457581e-01
4.102840951276209847e-01
7.720085472626461165e-01
-9.503150252432814860e-01
1.248156620003033623e-01
8.472954827715146742e-01
3.467673164574247568e-01
-8.917093231486068472e-01
5.668535927040099232e-01
-9.731579095546949443e-01
-7.014817384848863746e-01
-1.508446495471298388e-01
9.499710632229443341e-01
7.240387877780651849e-02
4.674584880834133926e-01
-7.559122990452744606e-01
-9.504842058384908032e-01
-4.782429461571546803e-01
-3.984675350639681479e-01
1.009996028949555757e-01
2.416462751747547877e-01
-5.244067067601678733e-01
-9.799440593947170708e-01
6.955536545037228624e-01
0.000000000000000000e+00
-9.416006544177868420e-01
9.784016241799957658e-01
-9.387051317701200492e-01
8.729529477256405823e-01
8.265267770290520843e-01
-5.732024548065335345e-01
0.000000000000000000e+00
2.484823702236305110e-02
-4.019320836922049001e-01
8.342376709136216650e-01
0.000000000000000000e+00
7.257883899754828949e-01
-5.250371774800131064e-01
8.654100287063213326e-01
9.265269561018494304e-01
6.205108866013953062e-02
2.661932496538397253e-01
9.918586764232362185e-02
-1.321332948441569233e-01
4.443812462901479687e-01
-7.974365248073718160e-01
-8.648649651233395463e-01
-8.472494783983732791e-01
4.090415456690081886e-01
-4.649301878494886964e-01
-3.381268892251976244e-01
-1.025830940079826004e-01
2.717483687598865050e-01
7.625530271363007984e-01
-2.265689144311613390e-01
-7.071894269818885803e-01
0.000000000000000000e+00
-2.423177494046147018e-01
0.000000000000000000e+00
0.000000000000000000e+00
-7.435936779947684983e-01
-2.747490344735143974e-01
7.091022645742217634e-02
-9.627908583562585498e-01
-9.212498958851278452e-01
0.000000000000000000e+00
0.000000000000000000e+00
-7.570753261454070682e-01
5.225650674506732152e-02
-1.426089023271499556e-01
-3.874016860349138724e-02
5.015664859623865102e-01
-4.713143002175861351e-01
3.054942879166768765e-01
2.654703751927542932e-01
2.302846973852559209e-01
-6.056243226247315370e-02
3.475506168228625903e-01
9.936625441468478481e-01
-1.374950305623758862e-01
2.760654132046296283e-01
-5.684190638649582183e-01
1.530213361592029919e-01
0.000000000000000000e+00
-1.336952351848428311e-01
5.915979706333036603e-01
0.000000000000000000e+00
-6.702173300517477728e-03
-8.560066890525954708e-01
-4.781807165382951919e-01
2.218161772528377540e-01
-6.241452251635297710e-01
3.348930778068237579e-02
5.738627155553921444e-01
-9.227816381167446291e-01
-2.062822912280590781e-01
-8.339324509157979293e-01
-7.440095557146038097e-01
9.753627252323229246e-01
5.723756271923343686e-01
-5.858516923986936131e-01
-7.361560853688660089e-01
4.554777637693887549e-01
-6.638153335377561248e-02
-9.726084406016697326e-01
-2.914830391099665352e-01
3.159819631844325016e-01
0.000000000000000000e+00
6.516789385986121452e-01
-7.311012881679694875e-01
6.363602039943552224e-01
-1.163122005445822449e-01
-2.820788861099070566e-01
-8.284900014190133000e-01
4.917449339219248650e-02
8.135975400758530540e-01
-4.386688670881597751e-01
1.605835759436240462e-01
9.102265398878550684e-01
-7.994688283762347858e-01
8.352715159451962190e-01
-1.919423061282206078e-01
0.000000000000000000e+00
-1.935190033956872835e-01
-3.072028727953666216e-01
