0.000000000000000000e+00
0.000000000000000000e+00
3.421341310709380412e-01
0.000000000000000000e+00
-6.410718814177220892e-01
-8.042656904482803348e-01
-8.419250656712065073e-01
-4.526393954449960955e-01
-1.163427296183912052e-01
2.892100583298671257e-01
-9.062341827745092893e-01
-3.555086629490955552e-02
6.136286907696038018e-01
0.000000000000000000e+00
-7.826481528721829228e-02
-8.349711219587614419e-01
-8.968046298411309625e-01
-6.741968509652025432e-01
-3.225778947279005493e-01
-7.634156462821970468e-01
-2.937936137225141131e-01
5.229695020520599424e-01
1.000000000000000000e+00
-2.933652620829980684e-01
8.457859028639445054e-01
-5.283578828686723572e-01
-7.364123377987603636e-01
4.905086622965137977e-01
-4.085012733054504963e-03
-3.091978091790692496e-02
-9.603820592807654766e-01
-5.490943422737970536e-01
0.000000000000000000e+00
0.000000000000000000e+00
3.072937255869665485e-01
7.530659715225220818e-01
2.303534962200086689e-01
-4.734193033876450407e-01
-4.612086063384588375e-01
1.577404499332015764e-01
8.991266643964377359e-01
4.024799054920267238e-01
4.724830620553663874e-01
6.786979974381905922e-01
1.406951174574651020e-01
8.706524579436991651e-02
-9.252411459724618759e-01
8.710228661328562882e-01
-3.597497922070795884e-01
4.724208630434376666e-01
-5.379535551605891808e-01
0.000000000000000000e+00
0.000000000000000000e+00
-1.400771578795332317e-01
0.000000000000000000e+00
4.888559400132488353e-01
0.000000000000000000e+00
-5.275025954956820140e-01
6.922217688979186434e-01
4.103974328054198484e-01
-7.015803237742024301e-02
1.000000000000000000e+00
3.557482377677616547e-01
4.905298180801755947e-01
-9.994574963705391557e-01
4.112749066720937652e-01
-1.648767074112282849e-01
8.704432454383761453e-01
0.000000000000000000e+00
-5.625705821424564768e-02
-1.645000158632872189e-01
-5.474949599689311608e-01
0.000000000000000000e+00
-6.608516254782204058e-03
9.530021675995754560e-01
8.759699248571741759e-01
6.483811782931356849e-01
0.000000000000000000e+00
-7.216758512748464582e-01
-6.583803696973777875e-02
-8.625118839510124147e-01
-2.613067784587543851e-01
6.765711573027302084e-01
0.000000000000000000e+00
2.862614531125797779e-01
3.711850227984945239e-01
-7.290079271294060970e-01
-4.099542965770441860e-01
2.528469278532936571e-01
0.000000000000000000e+00
-2.846328214191959916e-01
3.629714642917638567e-01
5.484824950141373723e-01
-9.870360641435167448e-01
-8.150648973286240828e-01
9.869674995770956194e-01
0.000000000000000000e+00
-1.309886327023463970e-01
-2.737418745650794794e-01
-1.623938273736635907e-02
2.036330781581610072e-01
0.000000000000000000e+00
4.943408072194814817e-01
-1.848137104915423823e-01
3.828171580302091037e-01
-7.132112642639516498e-01
0.000000000000000000e+00
7.715258203510559909e-01
-8.629249818053823518e-01
6.770504688511704838e-01
2.862632176433730358e-01
-9.264611771623576519e-01
0.000000000000000000e+00
-7.524265324071022221e-03
1.289512198390996289e-01
2.223024438123166746e-03
1.000000000000000000e+00
-9.810515695401385017e-01
-9.624612705234580901e-02
1.000000000000000000e+00
6.236919079392126974e-01
-2.950998961536275278e-01
-8.003432996004562483e-01
0.000000000000000000e+00
-8.245874618335780060e-01
1.794979151362030567e-01
0.000000000000000000e+00
4.054629762390089542e-01
1.000000000000000000e+00
2.604108747126785417e-01
-8.811248731267475875e-01
2.707895273822693571e-01
3.088598843992262921e-01
5.509699464349226972e-02
-6.071723228722110122e-01
0.000000000000000000e+00
4.888824693552602518e-01
0.000000000000000000e+00
3.607412217274084121e-01
-3.397214814223392665e-03
7.665105256147108914e-01
-9.339103183164492172e-01
-4.198823450485869024e-01
2.326323234417355668e-01
0.000000000000000000e+00
0.000000000000000000e+00
-7.602185986559562014e-01
4.801402813781505685e-01
-8.418805727119456073e-01
-5.497528001804921072e-01
-3.192517844193651921e-01
-7.879911455908346074e-01
2.058411143948446487e-01
0.000000000000000000e+00
-1.931589701762979061e-01
9.842749296465600484e-01
-9.618835458491199475e-01
7.888921390282039869e-01
-6.256286911079431690e-01
-1.721428830026650036e-01
-6.480111931432472883e-01
1.946683124999020187e-01
0.000000000000000000e+00
0.000000000000000000e+00
-6.594494381155866503e-01
-7.219488101686644121e-01
6.061523994089355050e-01
8.459617937477030836e-01
2.193609576245276749e-01
0.000000000000000000e+00
-7.342307729438262154e-01
7.427845154886520973e-01
1.932961375465795939e-01
9.266060351273410767e-01
-2.601259644118214531e-02
-1.630357816064342824e-01
0.000000000000000000e+00
9.542103402846302540e-01
8.602705755083119854e-01
0.000000000000000000e+00
-3.979107388278027013e-01
3.571646082633883612e-01
-5.821664602731668747e-01
-3.815479889488457843e-01
-1.151016389935259898e-01
5.357797515535460686e-01
7.253813159916453479e-01
-3.369804737876187506e-01
0.000000000000000000e+00
-5.022550393402402946e-02
9.636742345345417071e-01
5.694892595506950705e-01
1.000000000000000000e+00
-9.752008188432121916e-01
9.167560040643463193e-01
3.245250851333187914e-01
0.000000000000000000e+00
-8.667680981141510088e-01
2.891126635885863383e-01
-4.663860316638415160e-01
0.000000000000000000e+00
0.000000000000000000e+00
1.182195561391552463e-01
8.872952680337498066e-02
0.000000000000000000e+00
0.000000000000000000e+00
1.641239571737829195e-02
-3.000822410105234983e-01
-6.852190904061634669e-01
-5.956312779141814673e-01
5.286002897994817040e-01
-1.384757443439097457e-01
2.579536720381048198e-01
9.244293109005616849e-01
3.448543621021278316e-01
-2.575984310611529882e-01
3.751056006933635167e-01
-3.676772414922222509e-01
5.763443216714749795e-01
-6.454679685977211534e-01
3.666056538267250531e-01
-5.919023087240091741e-01
9.869550531076909383e-01
-9.368135731594362525e-02
0.000000000000000000e+00
1.000000000000000000e+00
7.810830842923937034e-01
0.000000000000000000e+00
1.593707846315666199e-01
5.817728871704588300e-01
3.428071811543067504e-01
-6.886559290324434368e-01
-3.303654647686262713e-01
-7.218083585879879749e-01
-6.964982970918083272e-01
-9.890237705210689345e-01
-7.691727759991020541e-01
4.658409107266390237e-01
-2.134360311153704615e-01
-7.623343333987597781e-01
0.000000000000000000e+00
-2.778033215580963944e-01
4.371528632514323220e-01
-9.544298897648828550e-02
-7.861907431434191906e-01
0.000000000000000000e+00
-7.494726747687878721e-01
-7.916672945558320684e-01
-3.810756629057787670e-01
0.000000000000000000e+00
2.445576072719666261e-01
0.000000000000000000e+00
5.844312317993842765e-01
1.340706614370525962e-01
3.672951037277971675e-01
0.000000000000000000e+00
0.000000000000000000e+00
-5.352590848453280259e-01
3.363859917559410828e-01
-8.988538718460774568e-01
-7.873857158729384853e-01
2.545296460124208959e-01
0.000000000000000000e+00
1.264026660554800063e-01
4.122193047307431968e-02
