8.168680395831753316e-01
-2.074846121110320851e-01
1.000000000000000000e+00
0.000000000000000000e+00
-2.033008334714514476e-01
0.000000000000000000e+00
-6.337510241494275220e-01
2.607210478876715865e-01
8.797198463320041739e-01
9.735803272706857747e-01
0.000000000000000000e+00
7.027336950677700589e-01
-7.718504432871831078e-01
8.614588884653022749e-01
8.691790599845572451e-01
7.025544997405273051e-01
-6.763822245236978947e-01
8.451721671626701848e-01
0.000000000000000000e+00
5.021844575435421287e-01
2.974650225139645610e-01
-3.924340481319914531e-01
-4.182396737460116753e-01
9.833851995997648920e-01
-5.896097662418207097e-01
8.991380683396561491e-01
0.000000000000000000e+00
9.291031509911464870e-01
0.000000000000000000e+00
-5.805315914439157510e-01
1.221712877302794098e-01
2.951746592898618626e-01
-1.978326068278957184e-01
-9.339279063528092006e-01
0.000000000000000000e+00
-6.943151844940806949e-01
0.000000000000000000e+00
8.992462756148382752e-01
8.287475823767347372e-01
-4.745213207600462724e-01
7.951586666444303564e-01
-6.187806889222464690e-01
-4.530667630862341699e-01
5.025647670195014793e-01
1.230225896177972178e-01
2.588820050582640864e-01
8.285063170438393687e-01
-3.116712079863039886e-01
-5.623373096125439119e-02
1.007649379508228638e-01
-6.411043290341651435e-01
-4.309194760170536043e-01
-4.362858784314209704e-01
4.620231795946523334e-01
-3.390058321753155468e-01
-1.085456104735404992e-02
7.107621658495137940e-01
5.937688920892743027e-01
3.763817530182018700e-01
0.000000000000000000e+00
7.086315487145187220e-01
-5.564521393453276676e-01
5.005137622366857553e-01
-1.384756067594044016e-01
-8.657340731811298262e-01
1.570816614939543054e-01
0.000000000000000000e+00
-5.883965055203836947e-01
-2.972780161728976189e-01
0.000000000000000000e+00
3.244542724843284542e-01
-5.125887267145821102e-01
-6.331165595736087948e-01
-5.920882894864099022e-01
-6.532184225623884899e-01
0.000000000000000000e+00
-8.309892944221153321e-02
7.145957083867993109e-01
-7.007335879517508914e-01
3.565778149569773792e-01
-2.623936802897359755e-01
-1.849947921741401657e-01
-9.394330594106798937e-01
-7.921469624726478198e-01
5.106440948057520135e-01
-3.363236067217738601e-01
2.652920324699872268e-01
-9.314701905646449731e-02
3.293769830275170563e-01
-3.837413914134115700e-01
-7.601361652521341217e-01
-9.372909835102301024e-01
9.448063720938775223e-01
-3.578795885026904156e-01
0.000000000000000000e+00
-7.926219132671616929e-01
5.013323293421079185e-03
-9.749015943383585459e-01
-2.042338387833817492e-01
-1.166269803069657218e-01
7.489245892696267948e-01
0.000000000000000000e+00
3.954346259273797681e-01
8.755489349332987725e-01
7.145288416010782129e-01
-5.676877910835629315e-01
7.022369811324593591e-01
-6.237183167472748480e-01
-3.129892310851025705e-01
4.874308914845735252e-01
9.147124362722549584e-01
-7.081549176918591204e-01
9.778688336137308923e-01
0.000000000000000000e+00
-4.925171561468231207e-01
-4.239442217880704522e-01
-4.092031877470736489e-01
-4.160193283935389452e-01
2.192300474539157218e-01
-2.515892060814328701e-01
-8.330868803836999348e-01
5.710782706120052232e-01
-8.897411549442215684e-01
9.954411105447735775e-01
0.000000000000000000e+00
5.916379264080482425e-01
0.000000000000000000e+00
-1.349474537042676392e-01
0.000000000000000000e+00
0.000000000000000000e+00
-5.015007195934615414e-01
-3.756033017935056506e-01
-9.390806338542567744e-02
6.904193933152436014e-01
-2.869099004252280150e-01
6.101565921630744960e-01
-9.183859373894698308e-01
0.000000000000000000e+00
0.000000000000000000e+00
0.000000000000000000e+00
0.000000000000000000e+00
0.000000000000000000e+00
0.000000000000000000e+00
2.761797353635451202e-01
2.161568233523509797e-01
-4.057290355166587315e-01
4.489833385619745876e-02
5.605084411877387929e-01
-6.522860318296441751e-01
-5.078911264083691979e-01
-1.374105991403407057e-01
-7.125162584367785712e-01
0.000000000000000000e+00
0.000000000000000000e+00
5.196208409101115144e-01
0.000000000000000000e+00
-2.440525258881665049e-01
-6.392561884663190419e-01
4.975284510206785527e-01
7.094395712210732619e-01
-4.398922475741695592e-03
-6.745058752586956530e-01
9.331533879859423841e-01
-8.499325488742592860e-01
0.000000000000000000e+00
1.174590126405912205e-01
9.639945571682817516e-01
-8.445413134124686305e-01
8.719257346721904778e-01
-8.170813661564679808e-01
-2.358728144412938210e-01
0.000000000000000000e+00
0.000000000000000000e+00
-3.722604290998421384e-02
-2.902011517208784586e-01
1.103299831082305005e-02
-9.236230293426173077e-02
0.000000000000000000e+00
-4.923640274573366504e-01
1.000000000000000000e+00
4.645804758773857124e-01
-8.796005765891350414e-01
0.000000000000000000e+00
-9.148270752837701636e-01
0.000000000000000000e+00
2.005271062696167839e-02
9.624612527089904113e-02
-9.055678760592755783e-01
-1.186749461021723295e-01
8.525704702145366909e-01
-2.629587997239235531e-01
-4.316234724626917263e-01
-6.375986495676804200e-01
-7.038751883422045275e-02
6.094946989296992079e-01
1.845095021511353739e-01
3.365697049161568977e-01
6.052816658955262330e-01
0.000000000000000000e+00
-5.384092453204143425e-01
-9.530888643697721374e-01
7.364107264638317663e-01
1.649428288324534808e-01
6.625613362196804967e-01
-2.257338102225392440e-01
6.351624472608778937e-01
1.645673576749682177e-01
7.423801253607014150e-01
-7.026666977810167580e-01
-5.719849257255018582e-01
-2.755388661709332609e-01
0.000000000000000000e+00
0.000000000000000000e+00
4.490682053027230669e-01
-1.412297486482085862e-01
1.458152040777176417e-01
-9.654720558296658872e-01
0.000000000000000000e+00
5.851007459293526836e-01
-7.331114431715417545e-01
0.000000000000000000e+00
0.000000000000000000e+00
8.502758137531256644e-01
-9.486240289016554250e-01
5.705747740331656992e-01
-4.689030610169351299e-01
-4.695005593878358585e-01
5.243376541871347385e-02
-1.224862411476039803e-01
9.222085609555765728e-01
6.270514151724895235e-01
0.000000000000000000e+00
-4.615368283920910919e-01
8.383388074434183768e-01
0.000000000000000000e+00
6.973312367995696537e-01
-4.712915489871014607e-01
-3.841906312193572592e-01
0.000000000000000000e+00
1.929771533229700520e-01
0.000000000000000000e+00
8.463214200841884249e-02
9.204711874693194407e-01
9.359666098110697163e-02
-2.333061027550622502e-01
7.373498196400494198e-01
-9.513932459733387415e-01
3.115749471715956176e-02
0.000000000000000000e+00
-2.821292400676678191e-02
-6.709092731661261411e-01
-8.114405169216605263e-01
-2.470887741658935877e-01
0.000000000000000000e+00
-5.545666059565199646e-01
-2.945011174856304592e-01
1.303634943905402910e-01
6.321595103159023399e-01
-8.172512485249234793e-01
2.383758821380408399e-01
-4.559217103017738637e-01
-8.488613038023684609e-02
9.332461378082204106e-01
-6.471094855668535484e-01
5.713847562215079723e-01
