4.977544236037290126e-01
-7.821284134194190774e-01
1.000000000000000000e+00
6.748771605934378304e-01
1.056867689407212652e-01
-1.042706243008884037e-01
0.000000000000000000e+00
-8.749729537508068589e-01
-9.301311728594010564e-01
-1.777696467290281745e-01
-5.894129858806167466e-01
-9.821742713717680484e-01
0.000000000000000000e+00
7.271451782563322919e-01
5.685614088093637886e-01
0.000000000000000000e+00
-5.340915024581804893e-01
1.897182006656381592e-01
-5.644586318687059290e-01
5.531953676829817201e-01
-9.657740652668025394e-01
1.145569770952212796e-01
7.763348301992418765e-01
-8.748141949418264396e-01
0.000000000000000000e+00
0.000000000000000000e+00
-7.560001350596823322e-01
-1.649913567373044732e-01
-3.398520359708760985e-01
0.000000000000000000e+00
5.520217691674687011e-01
9.091880888534238370e-01
5.993210834405426901e-01
-4.302535216815355223e-01
-1.760004443230067661e-01
-3.572774306710562175e-01
-9.850993013183397817e-01
5.229049209581382307e-02
-3.240235786657683636e-01
-3.273755013670598402e-01
7.207060242576375231e-01
6.128366106015963322e-01
-3.691570534947385962e-01
1.436346554079923621e-01
0.000000000000000000e+00
8.959463596154932929e-01
7.785780258325871728e-01
9.310185911453587870e-01
-3.765038428178530960e-01
-1.383872867116400229e-01
-4.930485288954684631e-01
-6.658027913652986296e-01
7.534920344458824193e-01
-7.310392315582259215e-01
1.000000000000000000e+00
-6.482965824301183400e-01
1.000000000000000000e+00
0.000000000000000000e+00
4.491654003812484142e-02
-2.526904228620738824e-01
-6.012910057395037811e-01
8.527155892189886011e-01
-1.036443986129254036e-02
-7.241487563750688139e-01
5.650150386183083739e-01
9.151151365882850275e-01
4.312824680572813207e-01
0.000000000000000000e+00
-3.671892960195182187e-01
1.138767120315609116e-01
0.000000000000000000e+00
-9.941761995361340087e-01
9.441684642254628557e-01
7.926948398432003273e-01
-2.696417287003995966e-01
7.502522696420230730e-01
-9.932530350112733775e-01
-4.663643103179162530e-01
0.000000000000000000e+00
4.118027849816476849e-01
2.835516956307224667e-01
-6.957078605066093768e-01
7.128629797678955882e-01
6.631747724139906985e-01
0.000000000000000000e+00
-7.243517247595758768e-01
3.502699532519144565e-01
2.479556148221389034e-01
-3.572286408143814374e-01
-5.426986789011005730e-01
-2.766548851863006586e-01
-3.797824445038888719e-02
3.294857275255616003e-01
9.249157297668264555e-02
0.000000000000000000e+00
6.416542818751380661e-01
-9.085700719769571609e-01
2.195612392246351074e-01
-8.619372639412250514e-01
0.000000000000000000e+00
-4.695646851609607264e-01
-2.695496416856724142e-01
0.000000000000000000e+00
2.768593388955515877e-01
-2.856507655102158427e-01
-8.077355817940436999e-01
-5.370596950410408965e-01
7.355753913553448875e-01
8.193331435920157002e-01
-5.805343700107021832e-01
0.000000000000000000e+00
-8.947042040855484046e-01
-3.404678728690904155e-01
4.370859559176216713e-01
-1.090064950905926811e-01
-5.013330132828350827e-01
-4.228840133697002734e-01
7.503856764189866801e-01
-3.373506236577616946e-01
-9.278992733652120517e-01
-2.690673074579492674e-01
2.404540831533448220e-01
-8.569597616854420785e-01
0.000000000000000000e+00
7.577632397592557467e-01
2.688724703574492114e-01
7.469951993235839360e-01
-3.209787106474959462e-01
-7.759587382916635079e-01
0.000000000000000000e+00
9.794583002851466880e-01
-4.634852315927695532e-01
8.144270536770246149e-01
2.378873818500570891e-01
9.816156215425095866e-01
8.603103883317972933e-01
-4.995239341002863931e-01
0.000000000000000000e+00
4.219660555193800455e-01
-6.377095401622228099e-01
3.130528452216863045e-02
0.000000000000000000e+00
1.194222870674364056e-01
0.000000000000000000e+00
7.962047327252650408e-01
8.225951063749865622e-01
5.558947079933467261e-01
-5.115943685587516221e-01
0.000000000000000000e+00
-9.300461844198724126e-01
8.519715430888368246e-01
1.048692593439546350e-01
7.801063742476095353e-01
-5.659572124611147448e-01
-4.848310566178204439e-02
-7.590680094833515135e-01
-6.820631756309611937e-01
7.217942665161101168e-01
0.000000000000000000e+00
7.592168036929902719e-01
0.000000000000000000e+00
0.000000000000000000e+00
-7.655048241451698487e-01
-1.758546925872579436e-01
2.846415026095621137e-01
0.000000000000000000e+00
8.730552381887735081e-02
0.000000000000000000e+00
0.000000000000000000e+00
9.314782770224838693e-02
3.268783732183448976e-01
-5.106405124580137844e-01
1.734672642075012483e-01
-7.208533921103965625e-02
1.507549810151447289e-01
3.229001930353965211e-01
9.287461511159154082e-01
-5.048242378702139099e-02
-5.603927684298692924e-02
-9.442153329722113853e-01
4.575144279035010531e-01
3.525001741107158804e-01
0.000000000000000000e+00
-8.108949073732107937e-01
-3.370794418632123701e-01
0.000000000000000000e+00
7.465201266785188583e-01
-6.743993664233816077e-01
0.000000000000000000e+00
-4.029977104742112903e-01
-2.190062299920232380e-01
9.466565438899936513e-01
8.375246290251696646e-01
4.871017929757732734e-01
-2.712176148064817660e-01
-3.194977005451251628e-01
1.519731628317071426e-01
3.368889106310968273e-01
3.017398332668796979e-01
0.000000000000000000e+00
-7.457215065038709234e-01
7.060613821041028526e-01
-1.455973418335765324e-01
8.514531563291232175e-01
0.000000000000000000e+00
1.861257664204039042e-01
-8.377685985612139952e-01
-9.172977679471387980e-01
4.741153132725481889e-01
-8.705334408251721445e-01
4.394073933996258674e-01
-6.655576814414956299e-01
-1.310984892995086248e-01
3.366071106300445592e-01
5.186823296101337188e-01
1.000000000000000000e+00
-1.860843344715288339e-01
2.943240773170496816e-01
0.000000000000000000e+00
2.351842064746447747e-01
3.766696672800309287e-01
1.000000000000000000e+00
5.594919439651957482e-02
-7.751751370864021773e-01
3.424382643299930251e-01
1.785365510023195768e-01
3.075693512890964598e-02
5.302067373438241749e-01
-2.839920982113293135e-01
6.686194151054758450e-02
4.599543111414128305e-01
-9.230655827597962215e-01
9.649481374501003295e-01
8.159987433916688904e-01
0.000000000000000000e+00
1.000000000000000000e+00
0.000000000000000000e+00
6.983749064080555513e-01
6.892635100323154518e-01
2.185942164536867072e-01
2.262158514883532145e-01
9.366223626271821256e-01
-2.683730760020697215e-01
0.000000000000000000e+00
9.892632510044772065e-01
0.000000000000000000e+00
7.331589831564364612e-01
-5.982303828358228603e-01
2.179583181675102121e-01
0.000000000000000000e+00
0.000000000000000000e+00
4.128308714073547492e-03
0.000000000000000000e+00
-2.655240011555872748e-01
6.630392798151256706e-01
-2.450459641671174360e-01
8.056395916068559426e-01
0.000000000000000000e+00
0.000000000000000000e+00
-8.150124543846981595e-02
9.269181966896589131e-02
-5.504707422996386601e-01
-2.770176148057412746e-02
-2.379036064592341404e-01
0.000000000000000000e+00
