5.122593988450616642e-01
9.515826177415378506e-01
1.417341657248982756e-02
5.915554792522068617e-01
6.518553556468065224e-01
-3.700735610256769004e-01
2.346306371979698380e-01
8.766797438464513093e-01
-9.592941195472033389e-01
-7.516969931143975270e-01
7.449786377419496120e-01
1.322275781221544655e-01
-1.605474075417177016e-01
5.863966645323999138e-01
-1.122851963309048351e-01
-7.221014183464609104e-01
-2.999721108948216752e-01
5.211938312417856434e-01
2.834255125599105529e-01
-9.196193617326153813e-03
-9.776213506330755365e-01
0.000000000000000000e+00
-8.420860684116118211e-01
-4.436272428203655860e-01
5.800403223870580494e-01
1.000000000000000000e+00
3.759537157648538130e-01
-2.359265600555062736e-01
4.929355511850670446e-01
3.362549669678958075e-01
1.566500424770718158e-01
5.709062679141323482e-01
1.055478255605792892e-01
0.000000000000000000e+00
-4.833634388285654726e-01
5.550024290979356234e-01
-8.700305838991322371e-01
-6.750760866346556810e-01
7.442254975784763360e-01
0.000000000000000000e+00
-3.196618257177998856e-01
-5.455024986628422834e-01
0.000000000000000000e+00
-4.800698818363369202e-01
-3.588202443741428382e-02
2.325080935441514729e-01
-6.064545659535032218e-01
8.769729286185978800e-02
9.457294084291700820e-01
-7.010037508105158022e-01
-5.630092372573389792e-01
-6.094527123829880377e-01
-7.865672039415982919e-01
-9.754311695735842225e-01
9.174019360336380657e-01
9.494807893888654871e-01
-5.653680885456395799e-01
7.077483841620966221e-01
1.413508646619883180e-01
7.254503727765349019e-02
0.000000000000000000e+00
-3.035340663826759933e-01
9.136496554231170464e-01
4.811573425335033960e-01
-1.193203553502830694e-02
-4.912246262883135373e-02
6.172591610611646296e-01
-8.973476192845648569e-01
-5.428660999694070455e-01
0.000000000000000000e+00
4.026033496711041160e-01
8.526222499245377229e-01
3.404643660209665246e-01
0.000000000000000000e+00
7.161024468470480464e-01
9.588395798295570316e-01
5.861337045466019635e-01
-4.049490419060635116e-01
5.694553978354293111e-01
0.000000000000000000e+00
1.566085331005331316e-01
4.284617689085616909e-01
0.000000000000000000e+00
-3.505306639969048010e-01
1.166069091487649256e-01
0.000000000000000000e+00
-2.222006070302415814e-01
4.943912275924207123e-01
0.000000000000000000e+00
8.421085380175232782e-01
6.688388244963463514e-01
-4.864076809690951464e-01
-9.344932415365292400e-02
-9.218873290415960930e-01
5.854266953533409090e-01
9.468248708021187454e-01
1.925593849150126768e-01
9.567465302173807640e-01
-5.550304085321666747e-02
7.362108651500869350e-01
6.873471802996329316e-01
8.514578381804716045e-01
-8.086653168812962811e-02
1.713266985117645191e-02
0.000000000000000000e+00
9.025318815242044934e-01
-8.239122275706869392e-01
1.621876287213090961e-01
2.054510162340847934e-01
-6.516128482549459200e-01
-2.991963941099302637e-01
-4.001044969460103573e-01
-9.817313268412632965e-01
-2.000751122758555045e-01
-2.368300142489716542e-01
4.364324049970056407e-01
3.990794849101004793e-01
8.958948374081658894e-01
7.418661414984937252e-01
-4.875024404838315117e-01
2.219754794769805972e-01
3.855474818804727200e-01
5.776915225763803452e-01
-7.194272849005962644e-01
-3.351705697924574068e-01
2.282005598420993042e-01
-3.700096537770023453e-01
8.314074238881445922e-01
-1.712454474226408063e-01
4.153727266368518745e-01
-8.632101877409488200e-01
7.958088941906356073e-01
9.454000020502435486e-01
9.300082996672760505e-01
-3.175503398619885509e-01
6.667406538550499917e-01
9.663313232597978697e-01
-7.859422694307107715e-01
1.134321068952099942e-01
-1.663915222378187231e-02
1.371299757684811826e-01
3.976872304984999662e-01
-5.714262099751603596e-01
-4.828404019230501110e-01
0.000000000000000000e+00
-7.489714976549888270e-01
4.206466731745102106e-01
0.000000000000000000e+00
0.000000000000000000e+00
7.575627546191483486e-01
1.919024770414841097e-01
0.000000000000000000e+00
9.085368996140257281e-01
8.436605032763382361e-01
6.044965567540148133e-01
-9.123744690728139428e-01
-2.627970308199505389e-01
1.201224508598783824e-01
-4.503770097228316782e-01
-6.926902279170243926e-01
5.017805294267807525e-01
-8.351276393671047682e-01
6.568923184838502127e-01
2.315717391316369778e-01
2.843040605816247179e-01
8.897721813542951441e-01
7.381062984338673250e-01
4.641235754157693183e-01
2.557803373680314074e-01
9.347687163589624149e-02
3.589795459896927277e-02
-9.422606833702646956e-01
-6.079769862617228071e-01
3.775465500596186796e-01
0.000000000000000000e+00
-9.802613487531441905e-02
6.917767113996362571e-01
-2.275670615279792308e-01
4.560213357778586385e-01
6.080441133506326867e-01
6.638715216228514571e-01
-5.306301128545858337e-01
2.150916085371488151e-01
-6.605714888314917488e-02
1.741060172662214356e-01
-8.273654209540655113e-01
-6.203120436981968133e-01
-5.088849804034349944e-01
5.684396468732695329e-01
5.664046568038827445e-01
-2.341268421268110078e-01
2.111026830723716774e-01
0.000000000000000000e+00
7.457023655730821154e-02
-4.665065141389408421e-01
-3.123254973854743266e-01
9.155992955226317509e-01
7.697430364794906055e-01
-7.574951759504879867e-01
-7.621911482661083426e-01
7.297535176573628490e-01
-1.130604677581978912e-01
2.801004527827979373e-01
2.062530376722870873e-01
2.086325131551840517e-01
8.120538800312129268e-01
-6.927988520389853910e-01
7.212954877290351785e-01
0.000000000000000000e+00
-8.481932920830408396e-01
-4.061897082632239808e-01
2.977497219049562993e-02
6.048655025909015492e-01
1.604413176501473526e-01
9.400670331896787690e-01
-6.217165116123883895e-01
0.000000000000000000e+00
1.476751456971263643e-01
1.816203062312085059e-01
3.923106956128195044e-01
1.238188770109416303e-02
-7.985488641445632751e-01
5.639429497052834694e-01
5.888241273254175567e-01
-8.574041607617113314e-01
6.262426760995041253e-01
-9.882587086885894490e-01
3.685628494755424089e-01
2.450387792676422816e-01
-4.055228279173168637e-01
-8.208288645100931813e-01
-4.847562930559614625e-01
2.500221676219811506e-01
6.752790558776733398e-02
6.269895797303086660e-01
-6.563923179597963564e-01
0.000000000000000000e+00
-3.929447295773296212e-01
-9.146584823648942209e-01
0.000000000000000000e+00
-7.784020298087173106e-01
-6.813084264298843173e-01
-9.244383922000793952e-01
9.516492034065147099e-01
-2.803745903527810057e-01
5.149444729445473712e-01
-1.556996544706514829e-01
2.202712320187449890e-02
-4.966337090068211335e-01
8.890815866007970580e-01
-5.770663860016869151e-01
9.197389532543527313e-01
5.594629715621812771e-01
7.276247202964922778e-01
-8.055285983796427463e-01
9.734037946754343640e-01
3.057310691805190661e-01
1.587634916285387554e-01
1.346272919847493199e-01
-1.090173750529113139e-01
9.068871678001930725e-01
9.619493190209151834e-01
9.046098949535259504e-01
-7.171242642840054415e-01
5.981756513697367161e-02
