-6.378367025514388722e-01
-5.384967838326868428e-01
6.765817245660230572e-01
7.822324508440445801e-01
-7.711744778372302545e-01
4.675619268604296330e-01
8.315860214358195002e-02
0.000000000000000000e+00
2.342141846243024350e-01
0.000000000000000000e+00
-9.375855819367917565e-01
9.079710568506940138e-01
-2.979589091399519329e-01
6.862471575904183219e-01
-6.774627467228477862e-01
0.000000000000000000e+00
3.950097755781254438e-01
0.000000000000000000e+00
-6.603043205680849681e-01
0.000000000000000000e+00
-9.237659098092223520e-01
-2.121298182380171315e-01
2.116628520368963873e-01
-2.526412999832827744e-01
8.063915650977238059e-02
4.110299090129503341e-01
-9.538249934920528528e-01
-2.638510438573729022e-01
7.252437099396042974e-01
-5.709033794123443695e-01
4.949174624268419809e-01
0.000000000000000000e+00
-2.899910222501356216e-02
7.850121842989845611e-01
-4.281481036053103040e-01
-7.917095382937551218e-01
6.158120696526037108e-01
-5.315047040741520679e-01
-7.272860441694695144e-01
6.692149433107106304e-01
0.000000000000000000e+00
9.948657116724790583e-01
9.915828332911664766e-01
-1.753703600209350899e-01
-7.069809680282701514e-02
-4.612462833194157508e-01
3.788325074036338336e-01
8.366185624341642146e-01
5.758928424578615424e-01
-4.004311430969105245e-01
9.389070608638621085e-01
-8.469876119092234479e-01
-2.163106998964103855e-01
8.605779312910484258e-01
9.855404664613993670e-01
1.113444255115689785e-01
-8.961392802600753882e-01
3.738054730562385686e-01
4.446424080504198795e-01
-8.937382691895081610e-01
3.275844592994228144e-01
-4.957014483156436668e-01
0.000000000000000000e+00
2.009958254454882187e-01
-2.791436958766517762e-01
0.000000000000000000e+00
-5.308214668316439955e-01
-6.824839585485431570e-01
0.000000000000000000e+00
8.103900999124191706e-02
-9.113795574631866625e-01
1.785755389496412882e-02
-2.919658990602653770e-01
0.000000000000000000e+00
0.000000000000000000e+00
4.647920030266436964e-01
3.086034572085227801e-01
5.148182790748607740e-01
-4.917659250767030255e-01
-5.587236422363051069e-01
-2.357033944311386353e-01
-7.363825203141614040e-01
9.045456077354663282e-01
9.861998974619048397e-01
1.000000000000000000e+00
2.372748316783657163e-01
-9.226106728265996981e-01
1.000000000000000000e+00
0.000000000000000000e+00
3.677600890215975138e-01
8.219828710635446178e-02
-4.930309607836114161e-01
-1.990085802483934074e-01
3.336725167350029775e-01
1.715333466610520219e-01
8.421099283600566032e-01
-2.132999330815050776e-01
0.000000000000000000e+00
7.914446887324790847e-01
-5.960405172912426330e-01
6.220967776925721004e-01
-9.928165169547826796e-01
9.328871605789590404e-01
-1.578193330353732104e-01
-7.632465538848629549e-01
7.185685104298311643e-01
3.035506133356493663e-01
-2.652492912340369546e-01
1.190268962189897639e-01
-5.380972337926837046e-01
-9.018857326141291875e-01
1.000000000000000000e+00
-8.035624842673847468e-01
0.000000000000000000e+00
8.873050250257012994e-01
4.521015698623096490e-01
8.990787057073861277e-01
1.320702967185716226e-02
0.000000000000000000e+00
8.551634411848805239e-01
0.000000000000000000e+00
8.765001184980754090e-01
-7.557040283579878892e-01
-4.929308369753906405e-01
-8.336973286067745903e-01
0.000000000000000000e+00
2.086087550949737857e-01
-9.954163287256070358e-01
8.038045977742667159e-01
4.706978848165765950e-01
8.565553323617196568e-01
0.000000000000000000e+00
4.336096793403623195e-01
9.608011431027774218e-01
5.340605615433011710e-01
0.000000000000000000e+00
-9.803186404149526467e-01
-2.967225762569580816e-01
3.139781419485243585e-01
0.000000000000000000e+00
0.000000000000000000e+00
-8.455695439118640078e-01
-4.326770070747480990e-01
0.000000000000000000e+00
0.000000000000000000e+00
5.253836421179709504e-01
7.658887736741186725e-01
-8.357121319691123151e-01
-7.546440457709076011e-01
-7.969284120731794374e-01
-6.079187799975656059e-01
2.521035672785616466e-01
-1.805592024003330742e-01
8.207321654308095127e-01
1.000000000000000000e+00
0.000000000000000000e+00
9.028223144343059392e-01
-5.795758539308517587e-01
-1.509848485337457191e-01
2.410209210139071523e-01
0.000000000000000000e+00
0.000000000000000000e+00
0.000000000000000000e+00
1.940562882864305116e-02
-2.459854586611092131e-01
-2.717207826006766691e-01
-8.598525195657336084e-02
-6.575045969838222426e-02
4.161262875754794255e-01
-4.094338408913800187e-02
-4.517400117286831662e-01
9.406157696161021597e-01
0.000000000000000000e+00
0.000000000000000000e+00
-6.749750174596134134e-01
9.682720349063225207e-01
8.747440721126269469e-01
-8.501194527651390054e-02
2.379449938329363246e-01
8.437285494777186923e-01
2.894711021683431529e-01
-2.584941059973866473e-03
-2.978436292590112000e-01
2.776128645898567893e-01
2.571865261327266339e-01
-7.790620226273281546e-02
-9.133994132766998231e-01
9.225594260976628380e-01
0.000000000000000000e+00
5.433837604556033263e-01
-2.647828984856399615e-01
-4.938080872632759633e-01
4.884202077825210431e-01
0.000000000000000000e+00
-8.888843060988138589e-02
-7.300595955429181050e-01
7.437526447634856819e-01
6.915133447591774729e-01
8.392590748962225344e-01
8.879494338796876107e-01
0.000000000000000000e+00
-7.500562084360613557e-01
0.000000000000000000e+00
9.210069735056556350e-01
0.000000000000000000e+00
6.919327868373872370e-01
7.285011152896896380e-01
-8.124829394785240133e-01
3.117879436543884442e-01
0.000000000000000000e+00
-4.526828754727825199e-01
9.171399662874217817e-01
5.799050012392568121e-01
3.592020464659360091e-01
6.544535344796276188e-01
-1.417053139258002137e-01
-6.118283134859892058e-01
0.000000000000000000e+00
9.547525895732307255e-01
-1.350066926337674111e-01
-1.720387362180855195e-01
7.498281663726980018e-01
9.836376107410904623e-01
7.116897862392181917e-01
1.923348087625738057e-01
-3.921706569849019441e-01
0.000000000000000000e+00
-5.138776443946651007e-01
0.000000000000000000e+00
5.415206482046042158e-01
1.500048962040159140e-01
0.000000000000000000e+00
8.449030510764483637e-01
7.901479668394755240e-01
-2.852726870845376794e-01
3.613400287360652996e-01
4.604361924868638489e-01
-4.581466307291683915e-01
-2.467025266609474965e-01
3.037353185394635613e-01
4.506229306819193869e-01
0.000000000000000000e+00
0.000000000000000000e+00
5.408810718021765940e-01
0.000000000000000000e+00
-7.526443252401104900e-02
4.326572624086040264e-01
0.000000000000000000e+00
0.000000000000000000e+00
1.514997003155091893e-01
7.703182724243460289e-01
8.739100845616294411e-01
5.570486964322078904e-01
-5.692583352241173955e-01
1.690832453256554402e-01
-7.229253217942881449e-01
5.494713793311545302e-01
-5.728618390085502554e-01
-5.882873371344676805e-01
-6.776363750380516304e-01
6.269494193422455730e-01
6.205882227713237498e-01
4.163901282340849441e-01
2.536544650058341066e-01
6.848830947550403891e-01
