6.143134656014646033e-01
8.003369924154846160e-02
2.621882723893669276e-01
-7.652449014378468473e-01
-3.632914894538747941e-01
-9.511667974878539322e-01
4.266209030336804986e-01
-5.740657714076469187e-01
-8.240713750810360061e-01
-1.875168558799591434e-01
2.108972253943206532e-01
7.643796593582581345e-01
5.722542444843727871e-01
1.211455450420073632e-02
1.188441518493887905e-02
7.143812123034121164e-02
-8.672621138186202838e-01
1.275330002017793785e-01
-2.604509293513168622e-02
-4.815657224893565846e-01
1.000000000000000000e+00
0.000000000000000000e+00
9.643083842973767528e-01
-3.932440002035964000e-02
-1.528071304552460763e-01
-1.981061656755525036e-01
6.764017591812472308e-01
2.342797015824329421e-01
-8.821993927355906706e-01
8.468043363952919567e-01
6.999218090999186348e-01
-8.072687774138553873e-01
0.000000000000000000e+00
4.113083329817819322e-01
0.000000000000000000e+00
-5.530116984757491583e-01
0.000000000000000000e+00
-6.744695247207865840e-02
0.000000000000000000e+00
-9.272108304685675595e-01
0.000000000000000000e+00
-2.636461633626023815e-01
7.790454511007016691e-01
-8.841261111493448066e-01
-3.292784050737631585e-01
0.000000000000000000e+00
0.000000000000000000e+00
-6.407233149912336945e-01
-3.112687407460041911e-01
-2.678586999404393154e-01
2.031374202097451231e-01
2.383972514445822366e-01
0.000000000000000000e+00
4.221191182529397956e-01
0.000000000000000000e+00
9.099799982299767720e-01
-5.800475828414830559e-01
-6.712114694471846832e-01
4.844771309523683289e-01
-6.051469636824777787e-01
9.321030688612019777e-01
0.000000000000000000e+00
7.654856364031046301e-01
-9.531579525037359168e-01
0.000000000000000000e+00
9.363397454030315536e-01
-6.012765166286315743e-01
6.247334348621798039e-01
-7.062292360416266845e-01
0.000000000000000000e+00
0.000000000000000000e+00
8.377484691295515873e-01
5.193074452728458912e-01
0.000000000000000000e+00
0.000000000000000000e+00
0.000000000000000000e+00
9.196330430758450358e-01
1.122557790185703119e-01
2.607485266623075226e-01
0.000000000000000000e+00
2.022593929286600201e-01
8.824757714921549479e-01
-1.892135232322198490e-01
0.000000000000000000e+00
-2.528369356569442061e-01
9.906556410017259839e-01
0.000000000000000000e+00
4.716769430108254113e-01
0.000000000000000000e+00
-9.135741938889740954e-01
0.000000000000000000e+00
0.000000000000000000e+00
8.745431822996523330e-01
-6.593818735650507357e-01
1.454953170292638820e-01
0.000000000000000000e+00
2.811792430479442828e-01
-4.092010092900173479e-01
0.000000000000000000e+00
0.000000000000000000e+00
-8.585893706380258728e-01
9.354369280804928355e-01
1.609554860435968848e-01
-2.683213296816642224e-01
5.380297660054382813e-01
6.630189450740007207e-01
5.640018506299873113e-01
0.000000000000000000e+00
4.778019953448724433e-01
0.000000000000000000e+00
-4.239966554225611528e-01
-3.510268321761083055e-01
2.967643033183613444e-01
0.000000000000000000e+00
0.000000000000000000e+00
-7.468543972869157166e-01
4.196735076951978449e-01
2.984035381027982936e-02
6.052821504742771364e-01
0.000000000000000000e+00
0.000000000000000000e+00
-8.906352467165146169e-01
-2.876021304497347053e-01
-1.146019735119341298e-02
4.993890401799605527e-02
-2.247309909440222686e-01
-6.196527999752290405e-01
-3.689140999899065410e-01
9.838639123333050573e-01
8.331214153699042502e-01
-8.011557112449283480e-01
-3.779131651996316954e-01
-7.732999736511734223e-01
9.604183779794164266e-01
1.000000000000000000e+00
-1.583292036177230688e-01
4.425299173383234752e-01
9.176572966178082602e-01
4.611566377285694074e-01
6.243649952501815203e-01
-3.006124185204659405e-01
9.775739854423832753e-01
0.000000000000000000e+00
-3.122582906690858362e-01
1.974733967505963861e-01
3.722444696985787171e-01
-4.315918404412975029e-01
-3.432180380083387217e-01
0.000000000000000000e+00
-6.315021942063783200e-01
-5.179643661673871691e-01
9.406247521929633759e-01
-8.362013398249155127e-01
5.036159593291402725e-01
1.000000000000000000e+00
-2.853520756592116125e-01
7.052338032598415296e-02
-1.130736212894813963e-01
0.000000000000000000e+00
-6.282652621603621590e-01
7.225251880381216019e-01
0.000000000000000000e+00
-2.040673497944318626e-01
7.982818253923638085e-01
2.544897151489102782e-01
8.828296622632476609e-01
8.133631325482422181e-01
9.624289067148168453e-01
9.443502982225737696e-02
-8.718160597834949677e-01
5.623596415119602732e-02
-5.086982089546745467e-01
-9.741215430386016561e-01
6.436976402028260491e-01
2.424827887159093365e-01
-7.364648113055427547e-01
0.000000000000000000e+00
1.012855786462141250e-01
5.477170740930124015e-01
-1.088339377962002086e-01
-4.728334800736317955e-01
8.951347431511749164e-01
-4.980712082067006996e-02
5.020815975390409136e-01
1.000000000000000000e+00
-7.058721357643962246e-01
-4.761908906667700059e-01
-1.398310306921062285e-01
7.642582506864148417e-01
-5.662212767204366504e-01
3.435551683370750009e-01
-4.804145987427088649e-02
1.967614791271496966e-01
6.905011433529246734e-01
4.611935671071509812e-01
-1.947377660845766023e-01
3.388784168830483168e-02
8.512611406575818496e-01
-9.184206999934052540e-02
-8.939560062703146848e-01
-4.340617249884481943e-02
1.241943830336433852e-01
-4.083889632842896411e-01
-9.475779918618254527e-03
2.053672490652234117e-01
0.000000000000000000e+00
0.000000000000000000e+00
8.702485033795384073e-01
0.000000000000000000e+00
-5.091115620947377352e-01
-8.405773127702929060e-01
6.971302078872692043e-01
5.348737847680122837e-01
9.116900235109492989e-01
7.892111637825705017e-01
0.000000000000000000e+00
8.469323003341424627e-01
8.308787581567183000e-01
0.000000000000000000e+00
-5.395205861558651783e-01
-6.745680782536545017e-02
-8.697202093346889651e-01
-9.017751237572226852e-01
3.167792751982452248e-01
-6.899233891551239672e-01
0.000000000000000000e+00
-1.857683182977476477e-01
0.000000000000000000e+00
9.383703365978948163e-01
-7.070268727361230798e-01
-7.795117402556879238e-01
-1.403251930807247749e-01
1.273617044593085001e-01
6.581339457843806695e-01
7.957354280951645098e-01
0.000000000000000000e+00
2.296919190896689056e-01
8.591498986205112764e-01
-7.606766312575152789e-02
9.177753910647328262e-01
6.347018251016800505e-02
-9.396017620794367975e-01
-2.148833313071758511e-01
-1.429914219277701459e-01
6.767465893271484845e-02
-9.542257597276018188e-01
9.288299890684914573e-02
-8.189304454893417962e-01
4.882496462862930819e-01
-2.356293286141242227e-02
9.032614763001156621e-01
0.000000000000000000e+00
0.000000000000000000e+00
0.000000000000000000e+00
-5.522440362273963732e-01
0.000000000000000000e+00
-9.642033028677103879e-01
-5.943368320919204528e-01
1.959136583814076182e-01
3.557119948752822669e-01
9.544390853438162736e-01
-2.178502571091136542e-01
6.351176488569167944e-01
7.769601954157938639e-01
-1.383733737548922260e-01
