7.586835254613664148e-01
1.241679722589688062e-01
-5.742677345556650437e-01
5.015278626669190665e-01
-1.219905997205250614e-01
-5.394579807566846075e-01
0.000000000000000000e+00
0.000000000000000000e+00
0.000000000000000000e+00
0.000000000000000000e+00
-1.997374709688319872e-01
7.340479975230820298e-01
-7.251802172598500462e-01
-6.881348649931844363e-01
-9.215397522771537897e-01
6.917899954209258961e-01
-9.314755348167014226e-01
-1.022893964758386787e-01
-4.882554299555161847e-01
-7.941073500331337076e-01
-9.742351189880149587e-01
-2.736291262237693367e-01
7.115634488106341582e-01
1.856118995986262288e-01
-1.893086248169584263e-01
1.277658334703759557e-01
6.579061231760707784e-01
-1.968174841439338518e-01
-8.489847335261475614e-01
7.546336557070709716e-03
-9.962964958413489391e-01
6.171822925080581168e-01
1.107497237667094403e-01
-6.173931774823175900e-01
-7.738462814806394974e-01
-8.366594323203104810e-01
9.164882081367529132e-01
8.741441745199631796e-01
0.000000000000000000e+00
3.314679178505017809e-01
-6.154589870178872602e-01
-4.479451512631467125e-01
5.327942988857468087e-01
2.184517033393842400e-01
0.000000000000000000e+00
-9.520962943512112364e-01
6.999771106456422753e-01
-4.652966449024289464e-01
-8.697842758379876749e-01
-2.418202002126879080e-01
-3.179904476332080510e-01
0.000000000000000000e+00
-3.248289837657978296e-01
-9.636710180535428272e-01
0.000000000000000000e+00
2.311577225813055136e-02
0.000000000000000000e+00
6.988981607627524628e-01
4.294239692427421762e-01
9.380854215323086720e-03
-5.018425458337105738e-01
-9.396322940249153266e-01
-8.456093468516070466e-01
-1.321191414059352809e-01
0.000000000000000000e+00
7.457702942350230568e-01
1.135418412420485801e-01
2.819185316296781707e-01
8.696594553265970529e-01
-3.734810524368221696e-01
-3.241640147059543509e-02
7.152060692171158252e-01
0.000000000000000000e+00
0.000000000000000000e+00
-9.129323672230620357e-01
1.707910772809750899e-01
5.198378736010467183e-01
-8.124428355471082774e-01
0.000000000000000000e+00
7.671150781454525447e-01
6.957138708732517607e-01
-6.134289753121344724e-01
4.476266870781433482e-01
-6.518785181576074450e-01
6.014996189697414675e-01
5.105844558675012301e-01
6.337758790232297379e-01
-9.915265243784630034e-01
-8.781458959652523877e-01
6.977336058373106997e-01
7.396243975611114241e-01
-9.504764990556637816e-01
-6.725767406926439484e-01
5.401565644993489013e-01
-4.687682677903743933e-01
0.000000000000000000e+00
-8.572053602285341078e-01
3.102553873106606019e-02
-9.549469172658175964e-02
2.508781207625998544e-01
0.000000000000000000e+00
-1.934970970716549665e-01
6.321301281050617504e-02
4.353276258173668367e-01
7.040905000755470766e-01
-4.964159033230954865e-01
0.000000000000000000e+00
4.485244778494918982e-01
0.000000000000000000e+00
7.150442160833847538e-01
-9.584306208081194711e-01
5.074870106008348980e-01
3.447895129303633066e-01
-5.626910464389909272e-01
-9.000157325254034557e-01
8.078421913472642046e-01
4.752326486289903951e-01
7.430730484416743220e-01
3.752369747655635024e-01
5.490629349106463941e-01
0.000000000000000000e+00
0.000000000000000000e+00
3.782506370891365322e-01
-8.365247370359514267e-01
-1.478864047902412882e-01
-8.881548475599678749e-01
-8.554583297123297125e-01
1.489867971456180218e-01
1.420155887279854756e-01
1.211063386584836366e-01
3.048274556835117721e-01
-4.449961784666012221e-02
7.859221253391068807e-02
3.102911221237381056e-01
-4.158241419675037243e-01
7.797058114069788104e-01
-4.695213068289394442e-01
-6.727989352035705917e-01
-3.989852725940070677e-01
-8.889205729612414952e-01
7.148548382065775808e-01
6.746264322049284612e-01
0.000000000000000000e+00
0.000000000000000000e+00
3.443473310005173982e-01
9.984367582908717509e-01
2.821725342285805738e-01
-8.872640648745055980e-01
-5.552922816288030639e-01
-9.571014498389522895e-01
1.207008392729356228e-01
0.000000000000000000e+00
-3.809485735133153472e-01
-7.321573769053877356e-01
3.811449674991107539e-01
-7.372265536702693467e-01
-4.704126332658675747e-01
3.782405873946406150e-01
8.337349081989235966e-01
-1.822238095623962550e-02
2.789975322871851571e-01
-8.841643755606027888e-01
2.011282763420081388e-01
2.104722946232533420e-01
-5.885616156331578974e-01
-9.454618184849306051e-01
-6.050996350537869439e-01
3.363362530434745867e-01
9.552064275425833362e-01
6.046519454871979171e-02
0.000000000000000000e+00
-7.817801475230061747e-01
6.200515291239583338e-01
-2.648958321633234636e-01
-5.442776704984093605e-01
-8.756503421244772323e-01
-9.795819759748412014e-01
0.000000000000000000e+00
1.886036771629693298e-01
-2.400427307001364863e-01
-2.357341142358637676e-01
8.461564279581206272e-01
-3.092633355595670874e-01
6.885073037529230167e-01
0.000000000000000000e+00
8.788752397924459725e-01
-4.649312855085199203e-01
3.268945859555325573e-01
-9.854755147273479565e-01
0.000000000000000000e+00
-6.156867877227218955e-01
7.111085331624034112e-02
-9.934269694009563167e-01
6.652094005736082227e-01
1.701968642528721709e-01
-6.943077064425633438e-01
8.840395621583916341e-01
-2.787301970366806714e-01
-8.601147319478699149e-01
0.000000000000000000e+00
4.985303475370954640e-01
3.907175169259831105e-01
-4.554794747147159484e-01
-3.645646343014445900e-01
-3.499936731332469186e-01
-3.122482682423088907e-01
2.310275365725240615e-01
9.431209089922751865e-01
1.536930849372926122e-01
-7.339517027708521990e-01
6.456024330282710277e-01
-7.010208592272213490e-01
7.815122356940651382e-01
8.329657578100986282e-01
-2.976376361760135758e-01
7.960533908447464668e-01
4.566153953405653887e-01
9.847402335317627653e-01
-5.813856976931031095e-01
-4.325502182516156591e-01
-7.353873438106717231e-01
1.751460954910721846e-02
2.837975298057271445e-01
5.112026498787958229e-01
-1.234509296033163839e-01
-9.607697045768726074e-01
-9.371675460971471416e-01
-9.029180293921674760e-01
5.585934502893818987e-02
0.000000000000000000e+00
2.282176254252157310e-01
1.765877070809007687e-01
0.000000000000000000e+00
-7.939914759319104398e-01
-4.361767430818170865e-01
5.523065679740009060e-01
9.788832039027295373e-01
2.913450285684946461e-01
-9.670548377618375380e-01
2.787225613462729346e-01
0.000000000000000000e+00
8.221476380808103723e-01
-6.440358570848954134e-01
9.346770381817264273e-01
-5.743718060925409041e-01
-4.305121347024098988e-01
-5.269979771923636314e-01
-3.416490634675821703e-01
0.000000000000000000e+00
-7.432194057160044220e-01
5.646429852821805984e-01
4.970478665971944654e-01
4.456416852725550992e-01
-1.524858483434634593e-01
7.934615134190718955e-01
-2.839176462312300586e-01
-2.100779034263966505e-01
0.000000000000000000e+00
2.572426540671159945e-01
7.831398316120399272e-01
-3.611780810607938541e-01
7.259631655867391231e-01
-2.271420323760870996e-01
2.493821690662345603e-01
7.261994695518632081e-01
