-7.830086452742770486e-01
-7.318584894820958642e-01
-2.306771951067425608e-01
0.000000000000000000e+00
0.000000000000000000e+00
-6.758432479081333266e-01
8.394204401749376654e-01
-6.280251001555270385e-01
7.044456676362491621e-01
5.450140430910070943e-01
2.362352160505181153e-01
-4.183378303331355408e-01
2.811924469169455598e-01
-5.975711025155554523e-01
4.078964675967378106e-01
-2.531559152437286020e-01
-1.641471189886278825e-01
-5.329590234504488766e-01
1.689892534696804116e-01
0.000000000000000000e+00
-6.515940674785363207e-01
-7.192478456818149901e-01
-4.789386636111523377e-01
0.000000000000000000e+00
2.484308037486371301e-01
1.000000000000000000e+00
-7.093219033891768888e-01
5.046185679706680638e-01
-1.877422077865920080e-02
6.977391379265169835e-01
-7.648773836116846692e-01
-2.239337681140389780e-01
5.319052138092661419e-01
-5.852053264491723361e-01
6.800305482669481982e-01
8.503422935355067214e-01
-3.387877644007941669e-01
1.184140053477853449e-01
-4.323810012842992379e-01
0.000000000000000000e+00
-6.473617300653535800e-01
8.640549567754483018e-01
0.000000000000000000e+00
6.609513373196309605e-01
-8.172133639048475562e-01
-9.907124467200498774e-01
-4.136139812284704842e-01
8.231140382812160983e-01
2.983582165121989593e-01
4.133553470344057956e-01
2.291905421936524245e-01
6.075729985639002351e-01
0.000000000000000000e+00
-8.539813554458470790e-01
6.277404449840773282e-01
6.398136047409292981e-01
0.000000000000000000e+00
9.668056284509018994e-01
0.000000000000000000e+00
-4.754805717917642838e-01
-6.072002111305541128e-02
6.246349916617566222e-02
0.000000000000000000e+00
-2.820198612184354747e-01
-6.562621601097127222e-01
0.000000000000000000e+00
-6.513251241472122199e-01
0.000000000000000000e+00
-7.084787483469208169e-01
8.542472025780651901e-01
5.217854913419159857e-01
-5.446100274080218906e-01
2.925935622297664018e-01
-4.367670998301487195e-01
-4.404647999018023175e-01
-6.228975149021622748e-01
7.104536362553430795e-01
5.413953250479082158e-01
-2.478842272899428600e-01
6.072697775177400281e-01
9.137429972169528458e-01
-5.040923514824680041e-02
-3.828812813443409624e-01
0.000000000000000000e+00
3.246844773993500244e-01
0.000000000000000000e+00
0.000000000000000000e+00
-7.383437637161931466e-01
-1.438581093986710524e-01
-5.538580804671429103e-01
0.000000000000000000e+00
-7.736123276462527620e-01
0.000000000000000000e+00
-1.952858219847353194e-01
7.753367581232022410e-01
5.262576962009646309e-01
1.000000000000000000e+00
0.000000000000000000e+00
-5.847855072587393455e-01
8.245571503980098083e-01
9.049204090782940746e-01
0.000000000000000000e+00
0.000000000000000000e+00
0.000000000000000000e+00
0.000000000000000000e+00
-7.533425547504386532e-01
0.000000000000000000e+00
1.000000000000000000e+00
0.000000000000000000e+00
3.165154268516390257e-01
-1.555012183579582707e-01
2.940205347554813997e-01
0.000000000000000000e+00
-2.915494533018823109e-01
5.572967991989166148e-01
-3.600955323159515942e-01
-4.959403891552458532e-01
-8.956863747323440261e-01
0.000000000000000000e+00
-8.041999364562117947e-01
7.671144806042815567e-01
0.000000000000000000e+00
5.695946226102590604e-01
1.581126938273536009e-01
-4.203018793547699250e-01
9.597548539489262343e-01
-8.053429395294648963e-01
0.000000000000000000e+00
-6.516907490094281385e-02
0.000000000000000000e+00
-1.710069676899161895e-01
2.483320894892209196e-01
9.282350630774816036e-01
4.304634694020130770e-01
0.000000000000000000e+00
-6.758278774121575516e-01
-6.047525781050988591e-01
-1.303207951250606733e-02
0.000000000000000000e+00
0.000000000000000000e+00
-4.221747989394071254e-01
0.000000000000000000e+00
9.422612189991741438e-01
8.357583519311306830e-01
-9.692734113990155720e-01
0.000000000000000000e+00
0.000000000000000000e+00
-2.819605092153363302e-01
-7.212381408535788463e-01
9.617767736495701492e-01
-4.450528501100252665e-01
-3.157872002695345515e-01
-5.134894802218492593e-01
9.509230996895268184e-01
-1.664708930323937075e-01
0.000000000000000000e+00
0.000000000000000000e+00
-9.130136027405855170e-01
0.000000000000000000e+00
-8.216075420468091917e-01
-5.507934656425546027e-01
9.807004810849955234e-01
-2.181412574009418126e-01
-3.117573794352814787e-01
0.000000000000000000e+00
-4.980626212691006138e-01
9.853517806563178993e-01
-3.988935862878588701e-01
0.000000000000000000e+00
-1.692004231443404727e-01
-2.034054878297522073e-01
0.000000000000000000e+00
-3.577996862767942599e-01
-8.867599765927602906e-01
7.205362912973942713e-01
5.680758951369622167e-01
9.145030048077882334e-01
4.426412948757907362e-01
9.680103190916720113e-01
0.000000000000000000e+00
-3.530459375604220185e-01
0.000000000000000000e+00
-8.383989892773098251e-01
0.000000000000000000e+00
0.000000000000000000e+00
-8.999549835495437300e-01
3.118938611430055463e-01
-8.238868898308282507e-01
-6.084965479907289421e-02
4.655613210150080228e-01
6.276618485831919614e-01
9.701603339348612298e-01
-6.742767585401288066e-01
-2.605600303498150083e-01
2.743721832553787099e-01
9.051703078034638583e-01
7.714587971513120479e-02
-6.516445142101034982e-01
-9.764958820858198330e-01
0.000000000000000000e+00
7.795528563543707712e-01
-1.486809951606316016e-01
9.033993599596559232e-01
-1.427671657928466509e-01
6.006531887157526839e-01
8.062977036967344802e-01
4.810442283910947303e-01
0.000000000000000000e+00
7.224572883233753018e-01
2.484275985948598553e-01
-6.480783872482072105e-01
4.675377385326306978e-01
3.391078972562058258e-01
9.546725722813313997e-01
4.980649326025945456e-01
0.000000000000000000e+00
2.903634922871900503e-01
2.191191748978145171e-01
2.295845912907834574e-01
5.573599827415076646e-01
6.362742809311070502e-01
-1.168864298909317867e-01
9.894369680776229359e-01
1.133393727867004763e-01
-8.872452244352895256e-01
-8.406797098263809609e-01
6.864171646594403597e-01
5.950420878000510783e-01
-4.696084095266694902e-01
-1.174296604454909687e-01
4.709557390047327541e-01
2.460685220736325007e-01
9.129345335128931094e-01
-2.370706832771167782e-01
-3.028691125857279065e-01
-6.865640791521920860e-01
-2.984952839305614614e-01
-5.111042300994035337e-01
0.000000000000000000e+00
0.000000000000000000e+00
7.286500957000543455e-01
0.000000000000000000e+00
0.000000000000000000e+00
9.722717377489034085e-01
-1.785197076293234542e-01
2.366925937751431785e-01
-8.218627007664904838e-01
-3.325284639396639541e-01
8.419108104829788886e-01
-4.548082862554703176e-01
-2.230719203953275276e-01
1.000000000000000000e+00
8.340907093619656099e-01
2.908399756552344506e-01
-5.657464653956212342e-01
0.000000000000000000e+00
9.538555067974630042e-02
6.873057794759325212e-01
-2.054143171284743552e-01
0.000000000000000000e+00
-1.218265741022681592e-01
-6.039450811348432424e-01
0.000000000000000000e+00
3.419246020856949730e-01
0.000000000000000000e+00
