-4.523772343272800533e-01
-1.020703337156101398e-01
-9.990373137863441944e-01
-3.114613872707661102e-02
1.640839158892453131e-01
6.573939746500179204e-01
-3.787671728512367331e-01
9.366925419591352053e-01
-2.533018642328448422e-01
5.579059514309392398e-02
2.703406118994517993e-01
-7.987183251072065282e-01
0.000000000000000000e+00
7.976131985657126666e-01
-8.635155102797886784e-01
-3.544328134916889805e-01
9.262658034569963839e-01
-9.622229980371219682e-01
0.000000000000000000e+00
7.555531474974985784e-02
-4.624783490743176184e-01
7.549985692808727222e-01
6.848983606393812540e-01
-2.427002084081197886e-01
0.000000000000000000e+00
7.736772107109497476e-01
0.000000000000000000e+00
-3.303501597060012340e-01
4.748949721712205641e-01
2.430920869309070032e-01
0.000000000000000000e+00
3.998812573275611904e-02
-6.990016828892093859e-01
-7.996253596536266883e-01
-1.589016264913081233e-01
-3.265998660698625766e-01
-5.666385388680508228e-01
0.000000000000000000e+00
8.444399885494457969e-02
0.000000000000000000e+00
-5.948332391620612114e-01
6.267958345062174530e-01
-1.014147800381026698e-01
0.000000000000000000e+00
0.000000000000000000e+00
-1.802747810538398721e-01
0.000000000000000000e+00
-7.599102299793147886e-02
0.000000000000000000e+00
2.566516810062082765e-01
-5.813703728475905219e-01
3.572092645720865711e-01
1.424204160738888891e-01
0.000000000000000000e+00
6.008711303859184394e-01
-9.158264155853421684e-01
2.611230220250893019e-02
0.000000000000000000e+00
-4.013111583301898211e-01
0.000000000000000000e+00
-6.134115745960520005e-01
3.414889731807713158e-01
8.043398116711648616e-01
-1.556543329747739346e-01
-2.140943280774312285e-01
-9.820056116663256063e-01
3.331033333031536703e-01
-6.557427552515804337e-01
3.910248894303556266e-01
6.307064771560177974e-02
-4.428067274297329270e-01
4.346424805666360136e-01
2.692636917611468395e-01
5.606787727792168496e-01
-1.055531974103220971e-01
5.748478882273018176e-01
-4.562183665785319864e-01
0.000000000000000000e+00
0.000000000000000000e+00
0.000000000000000000e+00
-9.052973841933928956e-01
-7.946783804507524529e-01
4.268142298079098396e-01
-3.705257001391355498e-01
-3.615228708946358616e-01
5.091885413236538760e-01
0.000000000000000000e+00
8.690334483427759604e-01
-4.821927209287124594e-01
-9.332046103639015655e-01
-6.107773122893369599e-01
-5.925751125507083827e-03
7.197663532844904566e-01
-5.370426501996101720e-01
-7.664095289866894589e-01
2.181001515752729603e-01
3.472601957971597209e-01
-6.790106626271157353e-01
-1.446967500170552867e-01
-8.220868124429756563e-01
2.443163187499246547e-01
8.763607948861973362e-01
-5.838209650985315413e-02
-2.795435563356640785e-01
0.000000000000000000e+00
3.142796589385712380e-01
7.390291403244197976e-01
-3.874342166650990293e-01
4.593995271282920179e-01
-7.481549586952001007e-01
9.335614854991611811e-01
0.000000000000000000e+00
0.000000000000000000e+00
1.000000000000000000e+00
-7.220220726144170875e-01
-8.872080715111463345e-01
0.000000000000000000e+00
6.094384732514430691e-01
-9.056688309440639184e-01
2.246921208583279039e-01
-8.852862755771835346e-01
5.688400145178620360e-01
1.968489491167395578e-01
4.349541662740596948e-01
1.000000000000000000e+00
-3.097199433023323234e-01
-3.731865214570122546e-01
-2.724736778040304230e-03
7.537675047426493080e-01
-3.561435166737256797e-01
7.963739202869146716e-02
0.000000000000000000e+00
0.000000000000000000e+00
-4.095396514127667142e-01
4.939504279755060345e-01
1.161054407149038070e-01
4.513804094315871929e-01
-1.293063410237493827e-01
-2.874105509118405344e-01
6.634978479372573013e-01
1.000000000000000000e+00
-4.513492876644620289e-02
2.216529861175491334e-01
-5.531829296178989441e-01
-2.828493820227206967e-02
0.000000000000000000e+00
3.048744085958952077e-01
4.611813730107339193e-01
3.591625984585655740e-01
4.135313484417717511e-01
5.219465572635586526e-01
0.000000000000000000e+00
4.881724610731104086e-01
-7.498883528910038621e-01
0.000000000000000000e+00
5.538206947048884832e-01
2.398935267515058811e-01
6.181651171322122273e-01
-8.491888347000617898e-01
-2.787409479881393093e-01
5.333205467267332356e-01
0.000000000000000000e+00
7.217911902243536737e-01
-7.340878391977447848e-01
-4.232462249864685777e-01
-9.235532496109384315e-01
-2.639378604869224709e-01
1.000000000000000000e+00
3.535483046348697478e-02
4.326612728969836397e-03
1.995782881484449156e-01
0.000000000000000000e+00
0.000000000000000000e+00
7.874675637275476703e-01
-7.346746427410444369e-01
8.271389173201719736e-01
1.000000000000000000e+00
1.487483397781570460e-01
-7.950590317137791185e-01
4.855056624178237801e-01
8.912538448975861893e-01
-3.942259954284024204e-01
1.801626376881388936e-01
0.000000000000000000e+00
-5.853428735467276489e-01
6.363106842879768799e-01
8.684017910102006521e-01
0.000000000000000000e+00
1.415994735675196736e-01
-4.577812662027809232e-01
3.141963245342238586e-01
2.723478196853499345e-01
-3.878698944938610005e-01
6.797357958346310625e-01
1.000000000000000000e+00
-1.640722375850145465e-01
-2.896515707719893307e-02
5.182991518738262471e-01
4.359029813992536528e-01
-3.354708947700439925e-01
7.009729241446460701e-01
1.682811631464224966e-01
-2.810986444099705661e-01
7.574958755030580804e-01
5.854437769434011063e-01
-9.773484958703406722e-01
3.916239661211906586e-02
3.643065691033595677e-01
-1.805159769671205172e-01
-9.058269587495193509e-01
0.000000000000000000e+00
1.387966080480509401e-01
3.901631141887074161e-01
-6.798946295427310549e-01
5.711520356353279038e-01
5.961165654286353366e-01
-1.004077560541218883e-01
-2.498972787782198779e-01
-1.628980849717980295e-01
0.000000000000000000e+00
0.000000000000000000e+00
0.000000000000000000e+00
1.352700144271825611e-01
-5.435599476633745653e-03
-9.869623796770607971e-01
-9.958022007193068070e-01
-5.624259982805683844e-01
4.331584021251733141e-01
9.027570363965939926e-01
5.366513290945147396e-01
5.495497341628439170e-01
-9.188901605405161988e-01
7.217844089488483217e-01
4.893290977363531358e-01
0.000000000000000000e+00
-4.689786293710285214e-01
-8.241118907436297825e-01
-8.828149821104802619e-02
2.837106154059321206e-02
5.728553875226511938e-01
-9.184655955102316582e-01
4.519929651635072876e-01
9.576908239966042125e-01
6.447147348853459192e-01
0.000000000000000000e+00
-3.800197311784259124e-01
9.758410754899740081e-01
4.597221797046506797e-01
6.751457302905528035e-01
-2.000969462785500141e-01
-9.786931108568188709e-01
-8.389061893482079313e-01
1.432291222243062823e-01
0.000000000000000000e+00
-5.909585296774735319e-01
-4.292574971042442122e-01
0.000000000000000000e+00
5.877767660752653001e-03
7.557675657282352244e-01
7.552539889614648949e-01
7.313817547755421256e-01
0.000000000000000000e+00
-4.324130637439644875e-01
3.504593945942167110e-01
-3.453014445102853269e-01
