
game 0 
gen, best, mean, std, median, q1, q3, life
0, 91.772379, 28.091424, 35.820112, 25.897031, 48.834084, -5.533389, 74.0
1, 92.494055, 70.639546, 27.487475, 87.701995, 91.772379, 39.454823, 76.0
2, 92.862462, 85.049139, 15.204176, 91.772379, 91.772379, 86.229941, 82.0
3, 92.862462, 82.3531, 19.025723, 91.772379, 91.772379, 85.62385, 82.0
4, 92.927, 83.37553, 19.647929, 91.772379, 91.772379, 89.664202, 82.0
5, 92.927, 88.216988, 8.960642, 91.772379, 92.498614, 87.389493, 82.0
6, 92.927, 79.908497, 21.597696, 91.772379, 92.46599, 85.649638, 82.0
7, 92.927, 88.022132, 11.412089, 91.772379, 92.927, 88.873226, 82.0
8, 92.927, 91.838149, 1.39517, 92.327, 92.927, 91.772379, 82.0
9, 92.927, 92.298413, 0.984708, 92.927, 92.927, 91.772379, 82.0
10, 92.927, 92.516816, 0.845391, 92.927, 92.927, 92.627, 82.0
11, 92.927, 92.552167, 0.770826, 92.927, 92.927, 92.527, 82.0
12, 92.927, 92.816652, 0.302532, 92.927, 92.927, 92.927, 82.0
13, 92.927, 92.862309, 0.237074, 92.927, 92.927, 92.927, 82.0
14, 92.927, 92.927, 0.0, 92.927, 92.927, 92.927, 82.0
15, 92.927, 92.927, 0.0, 92.927, 92.927, 92.927, 82.0
game 1 
gen, best, mean, std, median, q1, q3, life
0, 92.512404, 27.353729, 38.287091, 12.225448, 64.348531, -5.736014, 76.0
1, 92.512404, 67.159345, 26.227531, 84.927, 87.727, 39.577055, 76.0
2, 93.127, 81.16481, 17.393695, 91.184946, 91.772379, 85.101213, 84.0
3, 93.127, 85.961502, 14.81008, 91.772379, 91.924195, 87.672124, 86.0
4, 93.127, 87.915657, 12.229249, 91.772379, 92.507816, 89.871585, 86.0
5, 93.127, 89.597421, 4.94711, 91.772379, 92.557385, 87.782786, 86.0
6, 93.727, 88.610197, 9.546997, 91.64969, 92.527, 88.146881, 90.0
7, 93.727, 88.793138, 11.330132, 91.89204, 93.127, 91.653631, 90.0
8, 93.727, 92.77988, 1.076884, 93.127, 93.727, 92.077, 90.0
9, 93.727, 93.130621, 0.967919, 93.727, 93.727, 93.127, 90.0
10, 93.727, 93.275536, 0.962724, 93.727, 93.727, 93.154054, 90.0
11, 93.727, 93.18825, 0.919608, 93.727, 93.727, 93.127, 90.0
12, 93.727, 93.727, 3e-06, 93.727, 93.727, 93.727, 90.0
13, 93.727, 93.557409, 0.520283, 93.727, 93.727, 93.727, 90.0
14, 93.727, 93.727, 3e-06, 93.727, 93.727, 93.727, 90.0
15, 93.727, 93.727, 3e-06, 93.727, 93.727, 93.727, 90.0
game 2 
gen, best, mean, std, median, q1, q3, life
0, 91.772379, 11.871178, 25.143133, -5.305762, 30.203942, -5.750957, 74.0
1, 91.772379, 43.266347, 32.235333, 39.454823, 81.343912, 21.33383, 74.0
2, 92.531096, 81.398406, 21.460338, 91.772379, 91.772379, 87.727, 76.0
3, 92.531096, 84.763873, 17.693594, 91.772379, 91.772379, 91.772379, 76.0
4, 92.576119, 85.510347, 16.049984, 91.772379, 91.772379, 88.518216, 76.0
5, 93.262462, 85.794661, 16.669499, 91.772379, 92.531096, 87.901213, 86.0
6, 93.262462, 73.71546, 26.641927, 88.432203, 92.517048, 43.577302, 86.0
7, 93.262462, 81.200597, 21.15666, 89.735117, 92.58272, 85.945139, 86.0
8, 93.262462, 80.125444, 21.645606, 88.632628, 92.555603, 85.62385, 86.0
9, 93.262462, 89.165098, 10.526952, 93.262462, 93.262462, 91.588345, 86.0
10, 93.262462, 91.57103, 5.751452, 93.262462, 93.262462, 93.262462, 86.0
11, 93.262462, 93.102604, 0.466232, 93.262462, 93.262462, 93.262462, 86.0
12, 93.262462, 91.636594, 7.94453, 93.262462, 93.262462, 93.262462, 86.0
13, 93.262462, 93.020285, 1.114244, 93.262462, 93.262462, 93.262462, 86.0
14, 93.262462, 93.262462, 4e-06, 93.262462, 93.262462, 93.262462, 86.0
15, 93.262462, 93.262462, 4e-06, 93.262462, 93.262462, 93.262462, 86.0
game 3 
gen, best, mean, std, median, q1, q3, life
0, 92.58272, 33.337056, 42.122045, 16.846029, 87.579602, -5.545177, 80.0
1, 92.58272, 66.386102, 33.75079, 87.727, 91.772379, 30.207, 80.0
2, 92.58272, 75.44562, 25.468147, 88.383354, 91.772379, 68.080389, 80.0
3, 92.58272, 72.397278, 27.860357, 88.107506, 91.914329, 50.905273, 80.0
4, 92.58272, 74.02863, 26.40101, 88.803753, 92.227828, 40.79872, 80.0
5, 92.58272, 81.710896, 18.746456, 88.727395, 92.527971, 86.546371, 80.0
6, 92.58272, 85.576038, 15.576223, 90.690111, 92.576119, 87.727, 80.0
7, 92.58272, 87.899462, 11.073301, 92.500134, 92.58272, 88.156711, 80.0
8, 92.58272, 91.150828, 2.013183, 92.576119, 92.58272, 89.131096, 80.0
9, 92.58272, 85.562263, 15.586625, 92.527961, 92.58272, 87.727, 80.0
10, 92.58272, 92.29698, 0.919292, 92.58272, 92.58272, 92.576119, 80.0
11, 92.58272, 91.429145, 1.943463, 92.58272, 92.58272, 89.947965, 80.0
12, 92.58272, 92.444554, 0.650076, 92.58272, 92.58272, 92.58272, 80.0
13, 92.58272, 92.577626, 0.029192, 92.58272, 92.58272, 92.58272, 80.0
14, 92.58272, 92.58272, 3e-06, 92.58272, 92.58272, 92.58272, 80.0
15, 92.58272, 92.58272, 3e-06, 92.58272, 92.58272, 92.58272, 80.0
game 4 
gen, best, mean, std, median, q1, q3, life
0, 92.500134, 26.761682, 38.646898, 3.617751, 71.128801, -5.533389, 76.0
1, 92.500134, 66.391169, 28.386439, 85.727, 87.727, 39.454823, 76.0
2, 92.576119, 87.801291, 8.473476, 91.772379, 91.772379, 87.727, 76.0
3, 92.58272, 87.425483, 13.86214, 91.772379, 92.474099, 91.772379, 76.0
4, 92.58272, 85.897259, 15.422278, 91.772379, 92.504721, 87.783333, 78.0
5, 92.58272, 90.733529, 2.301577, 92.363558, 92.518596, 89.131096, 78.0
6, 92.637155, 85.057352, 15.571762, 91.51742, 92.568028, 87.727, 80.0
7, 92.637155, 88.991382, 8.032149, 92.26656, 92.58107, 87.727, 80.0
8, 92.637155, 89.858495, 7.875503, 92.531096, 92.58272, 89.602788, 80.0
9, 92.637155, 91.96968, 1.280977, 92.58272, 92.58272, 91.980191, 80.0
10, 92.644173, 92.20417, 1.018261, 92.58272, 92.637155, 92.526394, 80.0
11, 92.644173, 92.573878, 0.207535, 92.637155, 92.637155, 92.637155, 80.0
12, 92.644173, 92.463585, 0.611744, 92.644173, 92.644173, 92.637155, 80.0
13, 92.644173, 92.643077, 0.007673, 92.644173, 92.644173, 92.644173, 80.0
14, 92.644173, 92.642944, 0.008603, 92.644173, 92.644173, 92.644173, 80.0
15, 92.644173, 92.644173, 2e-06, 92.644173, 92.644173, 92.644173, 80.0
game 5 
gen, best, mean, std, median, q1, q3, life
0, 92.524826, 33.218008, 40.419963, 21.709747, 87.201213, -5.724163, 78.0
1, 92.524826, 71.463551, 28.52505, 87.727, 91.772379, 48.230906, 78.0
2, 92.524826, 65.197241, 32.045045, 87.727, 91.772379, 30.203942, 78.0
3, 92.524826, 75.193026, 25.123581, 87.727, 92.045874, 66.30257, 78.0
4, 92.58272, 85.27379, 14.834575, 89.947095, 92.375623, 87.727, 82.0
5, 92.58272, 73.723759, 26.194669, 87.727, 92.264336, 41.899501, 82.0
6, 92.73194, 81.884021, 21.469006, 91.772379, 92.535554, 87.727, 82.0
7, 92.73194, 82.511502, 20.838079, 92.434512, 92.576119, 87.727, 82.0
8, 92.73194, 87.819344, 12.971688, 92.531096, 92.58272, 89.633215, 82.0
9, 92.93194, 80.298857, 22.644322, 91.772379, 92.73194, 86.23453, 84.0
10, 92.93194, 90.84485, 5.952907, 92.73194, 92.73194, 91.772379, 84.0
11, 93.389365, 92.492455, 0.544806, 92.73194, 92.73194, 91.851937, 84.0
12, 93.389365, 91.504203, 3.613389, 92.93194, 92.93194, 91.772379, 84.0
13, 93.389365, 92.356041, 1.749722, 92.93194, 92.93194, 92.93194, 84.0
14, 93.389365, 92.32027, 1.978202, 92.93194, 92.93194, 92.93194, 84.0
15, 93.389365, 92.28811, 2.990343, 93.389365, 93.389365, 92.93194, 84.0
game 6 
gen, best, mean, std, median, q1, q3, life
0, 91.772379, 24.322405, 36.391248, 7.905157, 46.043015, -5.545177, 74.0
1, 92.527, 63.067424, 33.482079, 87.727, 88.722168, 30.203942, 78.0
2, 92.58272, 83.236914, 17.006995, 88.071697, 91.772379, 86.727, 78.0
3, 92.927, 84.507051, 16.137881, 90.68188, 92.500134, 87.727, 82.0
4, 92.927, 76.76969, 22.864834, 87.727, 91.772379, 68.644527, 82.0
5, 93.163047, 83.223839, 16.02227, 91.627129, 92.58272, 85.834299, 82.0
6, 93.22385, 87.740711, 8.456849, 91.90444, 92.727, 87.727, 84.0
7, 93.976119, 90.073068, 4.538043, 91.906538, 92.927, 87.853756, 90.0
8, 93.976119, 92.207291, 1.272512, 92.364252, 93.163047, 91.772379, 90.0
9, 93.98272, 92.458219, 1.425455, 92.527, 93.584414, 91.745874, 90.0
10, 94.58272, 93.150027, 1.141599, 93.55398, 93.98272, 92.377, 96.0
11, 94.58272, 93.337961, 1.376897, 93.97942, 93.989365, 92.968764, 96.0
12, 94.58272, 93.518405, 1.819153, 93.989365, 94.58272, 93.489365, 96.0
13, 94.58272, 94.329331, 0.734079, 94.58272, 94.58272, 94.58272, 96.0
14, 94.58272, 94.573562, 0.05642, 94.58272, 94.58272, 94.58272, 96.0
15, 94.58272, 94.58272, 1e-06, 94.58272, 94.58272, 94.58272, 96.0
game 7 
gen, best, mean, std, median, q1, q3, life
0, 92.368891, 26.907426, 39.056518, 7.816015, 72.471796, -5.533389, 76.0
1, 92.50625, 76.286253, 26.709302, 87.727, 91.772379, 85.62385, 76.0
2, 92.50625, 77.709298, 29.124724, 91.772379, 91.772379, 87.727, 76.0
3, 92.512404, 84.814798, 15.920711, 91.772379, 91.772379, 87.727, 80.0
4, 92.58272, 91.424662, 1.431234, 91.772379, 92.363558, 91.772379, 80.0
5, 92.58272, 86.432279, 13.127896, 91.772379, 92.500134, 87.55685, 80.0
6, 93.789365, 90.790103, 2.189953, 92.363558, 92.512404, 88.550381, 88.0
7, 93.789365, 91.594856, 1.633641, 92.512404, 92.576119, 90.110765, 88.0
8, 93.789365, 91.258743, 2.035126, 92.500134, 92.58272, 89.502788, 88.0
9, 93.789365, 90.656274, 3.154662, 91.772379, 92.56879, 89.137405, 88.0
10, 93.789365, 92.18495, 1.995079, 92.996054, 93.789365, 91.620266, 88.0
11, 93.789365, 93.443733, 0.846563, 93.789365, 93.789365, 93.789365, 88.0
12, 93.989365, 93.57036, 0.825435, 93.789365, 93.789365, 93.789365, 90.0
13, 93.989365, 93.686521, 0.455932, 93.789365, 93.789365, 93.789365, 90.0
14, 93.989365, 93.933365, 0.0898, 93.989365, 93.989365, 93.789365, 90.0
15, 93.989365, 93.989365, 3e-06, 93.989365, 93.989365, 93.989365, 90.0
game 8 
gen, best, mean, std, median, q1, q3, life
0, 91.772379, 28.618851, 40.006535, 12.225448, 85.622442, -5.545177, 74.0
1, 93.127, 80.444033, 18.805372, 87.727, 91.721789, 85.749638, 84.0
2, 93.127, 84.619824, 16.478031, 91.772379, 91.772379, 87.727, 84.0
3, 93.127, 86.748574, 14.76229, 91.772379, 91.772379, 91.772379, 84.0
4, 93.127, 86.277783, 14.930853, 91.772379, 92.127, 91.73704, 84.0
5, 93.127, 90.654057, 4.4854, 91.80971, 92.399638, 91.772379, 84.0
6, 93.127, 88.14224, 13.19468, 92.13704, 92.53704, 91.772379, 84.0
7, 93.127, 89.592289, 8.619318, 92.43202, 92.927, 91.648368, 84.0
8, 93.127, 87.833688, 13.072147, 92.327, 92.877, 90.976825, 84.0
9, 93.127, 88.968176, 12.620281, 92.53202, 92.927, 91.493255, 84.0
10, 93.527, 92.261051, 1.275726, 92.927, 93.127, 91.811034, 88.0
11, 93.527, 92.763575, 0.739646, 93.127, 93.127, 92.527, 88.0
12, 93.527, 92.760482, 0.877678, 93.127, 93.127, 92.627, 88.0
13, 93.527, 92.987262, 0.904083, 93.527, 93.527, 92.927, 88.0
14, 93.527, 93.056265, 0.938541, 93.527, 93.527, 92.927, 88.0
15, 93.527, 92.977287, 1.147664, 93.527, 93.527, 92.927, 88.0
game 9 
gen, best, mean, std, median, q1, q3, life
0, 92.33704, 29.768894, 39.116391, 20.837184, 76.450662, -5.723952, 80.0
1, 92.33704, 70.95801, 26.915502, 87.727, 91.772379, 41.453942, 80.0
2, 92.33704, 89.399106, 7.600534, 91.772379, 91.772379, 91.772379, 80.0
3, 92.33704, 89.053831, 9.332455, 91.772379, 91.772379, 91.772379, 80.0
4, 92.33704, 85.112854, 16.875132, 91.772379, 91.772379, 91.422379, 80.0
5, 92.33704, 86.605055, 13.235261, 91.772379, 91.772379, 91.622379, 80.0
6, 92.33704, 76.124067, 25.479465, 91.772379, 91.772379, 61.527388, 80.0
7, 92.33704, 82.673148, 17.174938, 91.772379, 91.772379, 86.474594, 80.0
8, 92.33704, 86.975137, 12.840427, 91.772379, 92.33704, 91.772379, 80.0
9, 92.927, 88.524765, 9.99528, 92.33704, 92.33704, 91.772379, 82.0
10, 92.927, 86.953879, 12.58816, 92.19204, 92.33704, 91.593275, 82.0
11, 92.927, 88.805013, 9.355896, 92.33704, 92.33704, 91.772379, 82.0
12, 92.927, 90.472545, 6.557787, 92.33704, 92.33704, 92.281106, 82.0
13, 93.127, 92.242106, 1.660843, 92.927, 92.927, 92.33704, 84.0
14, 93.127, 92.895908, 0.2402, 92.927, 92.927, 92.927, 84.0
15, 93.127, 93.023, 0.09992, 92.927, 93.127, 92.927, 84.0