-8.068174872259211705e-01
5.428663150950456817e-01
-1.036883055146904931e-01
-6.391783575085104863e-01
-1.293147690401563465e-01
3.099896993093071429e-01
-9.113723378628067751e-02
-1.592438115840063770e-02
-2.094493145724942579e-02
9.283431991996075050e-01
-1.486486622668951596e-01
2.332401970099795552e-02
-7.363402403484703429e-01
-7.446203308281273969e-02
5.251652231134917859e-01
-1.647496113978105525e-01
4.520652573493839088e-01
1.101338722903606460e-01
5.666005573362323244e-02
-2.927434828832946034e-01
2.835318757323515015e-01
3.556846231513787759e-01
5.539977916973308769e-01
-5.801623292811266541e-01
4.443260960093080025e-01
2.251275398476271228e-01
6.318168427427023337e-02
-4.048900022533414855e-01
-8.313811454447279925e-02
5.887937810533212524e-01
-6.883962199931280557e-01
2.307507746638176038e-01
-3.981938414027413886e-01
3.175080100280499584e-01
4.299576250774913566e-01
3.429260357151332483e-01
8.197010474344077480e-01
8.860684514168457038e-02
-3.249029138621748608e-02
3.800992993493338412e-01
-4.895866718637585935e-01
-3.703107187692800117e-01
-2.187620164644675236e-01
5.931046731419856721e-01
9.561058748444967170e-01
2.986190217421081927e-01
-6.347653575977532103e-01
1.707092491903411113e-01
-2.754279050136322904e-01
-7.098952708487638041e-01
1.817184353369858396e-01
3.970932202630262919e-01
2.865527671212023675e-01
1.205823664717874250e-01
4.263793244749274070e-02
-2.885124193548510574e-01
4.357529213624799502e-01
2.070085868417986807e-01
6.801743170352719803e-01
-5.940976570246165878e-01
3.679034628406099849e-01
2.438620263517016218e-01
8.409046625607168313e-01
-5.906082672776682418e-01
4.932042764780839583e-01
-1.379873935179879996e-01
-3.361293184832397918e-01
-1.848552241486426384e-01
3.407487322266639085e-01
-1.620983827135819844e-01
7.339614080170957511e-01
6.772562063739145932e-01
7.365557872842954934e-01
6.898170709148560009e-02
3.300659513593907635e-01
-8.758431745974489813e-01
5.392903853077180010e-01
-3.533895742379186689e-01
-1.900473362713094860e-01
7.854729850474171382e-01
4.707543151641467305e-01
7.889343470755409982e-01
3.838729146491466349e-01
-1.479703802509625410e-01
2.911702451175426365e-01
1.618479979815901082e-03
2.093199529118461855e-01
-6.643434396373986139e-01
-7.480697072571474981e-01
1.449561358992013105e-02
1.803102326179318038e-01
7.550423602127496192e-01
7.857176725188742550e-01
-3.508187782361048002e-01
-1.869109120961023884e-01
2.722495761136002890e-01
4.056369111669069216e-01
5.151520949539796501e-02
6.789283277933981509e-02
-8.672241409463152806e-01
-8.226578611875983160e-01
-2.313971259845465367e-01
1.003717042641985024e-01
3.525172397075589936e-01
5.716555208927362464e-02
6.427721085784467991e-01
-1.216019065197711246e-01
-2.122774593331768628e-02
-2.714894970642069971e-01
1.112651080697967809e-01
6.633330634758510813e-01
4.407023646257575145e-01
-4.023196237704784739e-01
-1.140888157013625337e-02
5.184185487518598867e-01
3.486660079954319036e-01
8.072643551585588495e-02
5.890431658670832737e-01
4.073883287424658328e-01
1.504865660106421421e-01
1.474768990097534149e-01
-5.102857637877585839e-01
-5.010398971210985319e-01
6.173645811284301788e-01
-2.017651968370333115e-01
7.023243322311862880e-01
-4.137986462743958871e-02
-5.955890344680556669e-01
4.849559599493258877e-01
4.416556094698919493e-02
3.123295431005316813e-01
-2.414113599806936294e-01
1.495861950970147070e-01
-4.696407315298775642e-01
-6.487827799646095350e-01
1.170164056991443435e-01
1.530547315762344034e-02
3.578012563545200919e-01
3.705688971565291312e-01
-4.961201471097978488e-01
2.377048780957706775e-01
4.990003547139687523e-03
-2.161305647294438081e-01
5.850765426224594501e-01
-3.205306064676666233e-02
2.644213806720905335e-01
4.529439513325546063e-01
-1.253619355661820534e-01
-4.709721181625713404e-01
4.814189349888814418e-01
7.868131510841535059e-01
9.472533215294305364e-01
5.086759891231067421e-01
-5.181001426991225234e-01
-7.847821949458561042e-01
-1.393803460989521403e-01
-2.325139387384730361e-01
-4.756630621603624709e-01
-1.075294335506447735e-01
1.591931739915427024e-01
3.659660523657182196e-01
8.527862932388101669e-01
-7.759820995192464599e-01
1.717152921021284084e-01
3.716108699985680719e-01
-1.324996378196488522e-02
1.914178074714606437e-01
-5.981905077709217533e-01
3.531691082209779675e-01
-4.086254914348362854e-01
-2.647051915758943386e-01
-1.037569770484354503e-01
6.740427246549071105e-01
-4.885401084749746436e-04
4.347549652782834589e-02
6.072567235404486841e-01
3.219392408750462176e-01
5.484430015911171408e-01
3.318236091019733380e-01
-2.988086645031282629e-01
-8.798134863672872896e-01
-4.036106960563534685e-01
2.323911144919151295e-01
-1.813895504804646786e-02
4.049336520378542525e-01
-9.909631369336304729e-01
-4.305885656686887775e-03
-3.143296730023987240e-01
1.751147056314106623e-02
2.382652116340615578e-01
4.058597398580204851e-02
5.658518283250469905e-01
-4.529604196613756240e-01
2.526200311491786366e-01
-6.818395858250827501e-01
-2.307142143143783852e-02
9.371405592886374036e-02
-2.252200760079431461e-03
9.947379582437845258e-01
8.757651956482143119e-01
-4.483683295596552765e-01
4.027149238623916050e-01
4.667709677430952331e-01
-6.265080326880171357e-01
-6.294929513410231214e-01
7.039782585508485013e-01
-3.542248662533380998e-01
-6.166170990128674867e-02
-2.162038817139954050e-01
5.127022761602977319e-01
-4.362554128021214894e-01
-9.191374430613927227e-02
-1.015578939780580753e-01
-6.807680556990405307e-01
5.813555709776775382e-01
-3.815200614052012273e-01
6.480428831087845509e-01
3.946409089170791473e-01
4.051826307515230541e-01
-1.077478819248428588e-01
-1.962716915031735287e-01
-1.524744090233632887e-01
1.970737966467602797e-01
8.969165653880354361e-01
5.580936946540105970e-01
-1.689331599589040667e-01
7.118819910539979645e-01
-1.688644774801203452e-01
2.618796519779540977e-01
-5.206402591613529252e-01
-3.372182487898973124e-01
7.573910788160354013e-02
1.805886659280777073e-01
5.843991572430580206e-01
2.929881557578584150e-01
5.256600144662542107e-01
-3.945394877495385644e-01
3.444737099353899490e-01
2.123041049157268489e-01
-2.625824110238380027e-01
-3.250469846411617736e-01
-4.395599841117406870e-01
7.403685797243452216e-01
-2.807284491955985839e-02
-9.715125603800088550e-02
-8.735320291550063843e-02
-9.725355792540887889e-02
3.960865530115059707e-01
2.427500117167318838e-01
7.392495778439971410e-01
-2.040313762035194101e-01
-9.511908420529874286e-01
6.437112508061547667e-01
7.268197309952639795e-01
-7.325906669530310444e-02
-9.314952583012039433e-01
4.237548346532141186e-01
-1.548622996952996600e-01
-4.725492700643828953e-02
3.642287990777186568e-01
-1.052884931340422048e-01
-3.470043196357461973e-02
-2.026024864273116843e-02
6.362259470448627940e-02
7.598950779314721515e-01
