-8.582806006605476767e-01
5.487147220229691147e-01
-2.710795546628587127e-01
-4.923421757639449559e-01
-2.573921050949736777e-01
-2.928376609028585098e-01
-2.559209081138461572e-01
0.000000000000000000e+00
-3.088622642957513098e-01
0.000000000000000000e+00
0.000000000000000000e+00
-1.009662480547614261e-01
-3.378831346574754368e-01
0.000000000000000000e+00
5.179749103016157985e-01
0.000000000000000000e+00
4.673613509701776136e-01
-1.476094819567423493e-02
4.447333561021769160e-02
-3.012398193393466816e-01
3.974251395175323887e-01
5.196274752587475287e-01
6.564803909703015306e-01
-3.310498717425109372e-01
4.409509987650593876e-01
3.452418845950907533e-01
4.615261045277661012e-01
-3.151750092949739956e-01
-2.620030520740858349e-02
3.528692812593103856e-01
-6.587879681973516366e-01
2.413276466358266759e-01
-7.299027845218230004e-01
3.120104781695700602e-01
4.200865792265217613e-01
3.997786447025423184e-01
0.000000000000000000e+00
-1.564254034729252452e-02
-2.324683093108794729e-01
3.900796777352677491e-01
-4.396752048261721724e-01
-7.936345824208684840e-01
-1.694657210926870106e-01
5.991494036126153722e-01
0.000000000000000000e+00
3.059711490223567809e-01
-5.444633759329902123e-01
0.000000000000000000e+00
-2.370780418195271577e-01
4.415788343495959944e-01
7.958300288914161857e-01
3.680998971557724042e-01
3.925831012715046975e-01
1.165925589892996134e-01
0.000000000000000000e+00
1.973233915842479425e-01
2.490901498399908931e-01
-3.216272587142085526e-01
6.752450372862441874e-01
-5.319642691775686716e-01
3.650753761664704555e-01
6.771735851250253457e-01
9.346429021014714955e-01
-7.387176556113621562e-01
8.787205767287460390e-01
-1.251041710125522233e-01
-1.169276077263042835e-01
0.000000000000000000e+00
3.735915197069055727e-01
-1.979300003643002237e-01
7.874868644218115943e-01
4.109307023763438815e-01
5.110051468483262083e-01
8.242485914998079477e-02
2.717408110795806186e-02
-9.671793525321767948e-01
6.351246479471365225e-01
-5.863278386721988422e-01
-1.918242774722279664e-01
5.598452729647811488e-01
4.771476014860625003e-01
3.733933193370104764e-01
3.725508681339162464e-01
-1.333773041355910405e-01
3.042628945032940235e-01
6.633569795977913852e-01
-2.198424201538278638e-02
-4.940585757388757937e-01
-7.391822538978216617e-01
2.083191125212364436e-01
8.466998000766198240e-01
6.636851292661094526e-01
7.873464227704422003e-01
-1.164838610022352061e-01
-2.042001046816876164e-01
2.885973735992957701e-01
3.953023248185912053e-02
2.774025487123867040e-02
0.000000000000000000e+00
-8.685197938435962328e-01
-8.345863431183386805e-01
-4.581264554697198621e-01
-1.438382867506827756e-01
5.434315792833894765e-01
-2.349139922763867488e-02
5.231041367276013654e-01
-8.860786824672724216e-02
6.461827236455317536e-01
-1.761914409030434225e-01
-3.516838956890446788e-01
8.159715030219536480e-01
9.372301688567833411e-01
-6.238676083261450733e-01
0.000000000000000000e+00
7.165239882748269951e-01
3.438088185878657166e-01
0.000000000000000000e+00
6.314639394084398116e-01
3.707423523941575372e-01
0.000000000000000000e+00
2.351278303464487962e-01
-5.804456990359277979e-01
-4.946733472943746213e-01
6.281691626845106180e-01
1.258519437040644395e-01
7.025262787261672415e-01
1.606502953723397964e-01
-1.830206131588976437e-01
5.465845528160774291e-01
-1.732331655474868282e-02
3.074799101052758110e-01
-2.113729797580467806e-01
1.593419665492573356e-01
-5.916781497263929879e-01
1.483794999242421808e-01
0.000000000000000000e+00
5.668614095725454244e-03
3.725136293752865368e-01
2.234589288998575785e-01
0.000000000000000000e+00
2.520635390473479065e-01
4.738212724898969302e-03
-1.918740274673395863e-01
8.603500535997772314e-01
-3.488308206924692345e-01
4.305906988532642865e-01
5.100041775231950458e-01
-6.420241264716566310e-01
0.000000000000000000e+00
7.576030337968072681e-01
0.000000000000000000e+00
0.000000000000000000e+00
0.000000000000000000e+00
-4.994125118442837019e-01
0.000000000000000000e+00
-4.302847922809585612e-01
0.000000000000000000e+00
0.000000000000000000e+00
1.675063028433774748e-01
2.864358875494358303e-01
4.033587010626116243e-01
5.409767892148800161e-01
0.000000000000000000e+00
-2.317619594937872785e-01
3.431339941519458980e-01
-2.536053155676626925e-01
1.332910143059148067e-01
-5.861705009012863066e-01
3.954618692932132529e-01
-4.131962758490546062e-01
-3.630389906505051556e-01
0.000000000000000000e+00
4.768425965998931426e-01
-1.669516182841386531e-01
-4.478525861967980193e-05
6.207053221734006865e-01
3.321686422156541196e-01
0.000000000000000000e+00
-3.683722330579930482e-01
4.671785469086645604e-01
0.000000000000000000e+00
0.000000000000000000e+00
2.430405267116831358e-01
-1.341699564035093994e-01
8.059320190364070713e-02
-9.773305245759017490e-01
-3.230294345574753756e-02
0.000000000000000000e+00
1.729799556364011032e-02
-6.264806252894774552e-01
-1.131714314224507301e-01
7.039935947043907127e-01
-4.273573253003116745e-01
0.000000000000000000e+00
-7.287723543415547400e-01
4.153695033123054881e-01
5.535993849638614489e-02
-1.890569793411729996e-02
9.908048938023042984e-01
8.760023611062121018e-01
-3.112384299060897974e-01
3.921721381759678549e-01
-2.535085312453033701e-01
-2.588078682730253210e-01
-7.356405606129756691e-01
4.805273504916814931e-01
-2.115655638381394588e-01
-7.739679847796261669e-02
1.781019130895444835e-02
3.344055722020038424e-01
-4.047249062025735089e-01
-1.442343843975111561e-01
-1.510179443310877834e-01
0.000000000000000000e+00
-3.391982316839590728e-01
0.000000000000000000e+00
7.892978597457576129e-01
3.682107760680566333e-01
4.025396214038900466e-01
-4.573136388558707299e-01
-2.584173911363921161e-01
-9.783159642040181736e-02
1.839798523265016028e-01
8.872971118938917101e-01
4.077373433178372863e-01
-2.213722017514429541e-01
7.204431730311164905e-01
-3.464204258735248398e-01
4.674253753237240794e-01
-5.779732776199156818e-01
-5.125232879274564946e-01
1.493248093925898523e-01
1.561049618893087798e-01
6.399558027117896453e-01
6.806434090806481874e-02
5.253257211798744164e-01
-4.122418107928190190e-01
6.113078806002325560e-01
-7.153887961213688529e-01
-2.623732494239938706e-01
-5.136584866108613312e-01
-7.229210976983702075e-01
5.979483458728355183e-01
-1.177175033177246255e-01
-2.375426202659961655e-02
3.137529483451874657e-01
-1.268914391836394318e-01
4.849189370342729122e-01
3.154752212183694615e-01
4.722216722786093390e-01
-1.925374474630190402e-01
-9.532034104161263288e-01
0.000000000000000000e+00
2.472738859115945764e-01
-1.444270892126441608e-01
-9.527548661311551204e-01
4.312835035506074610e-01
0.000000000000000000e+00
-1.314964686520140869e-01
5.237053672868873244e-01
4.936963441809931741e-01
-1.119246557786376592e-02
2.173152754846565393e-01
-3.959761673619267563e-01
7.710973358991939364e-01
