-8.635028081956508395e-01
4.651674214943990471e-01
-7.433848864270783396e-01
-6.716385873632657599e-01
2.818370112901830149e-01
-1.928335436167027128e-01
-4.354767395490038440e-01
-7.452553510762931210e-02
-1.917744743119197404e-01
8.837161893185517814e-01
4.476591039257826754e-01
8.544183881863344210e-01
-1.516337066704563363e-01
-4.267377147194750808e-02
0.000000000000000000e+00
0.000000000000000000e+00
-3.620197744091940839e-02
5.319318628414496652e-01
1.473993703422791790e-01
-1.172788579155297495e-01
2.552118808483969659e-01
1.416504033318378430e-01
8.369137573849487755e-01
8.263655592864092014e-01
-1.096681891073138793e-01
2.459365537364198440e-01
-3.472682499510587606e-01
-2.764599596555368244e-01
-2.645608198819047185e-01
6.062720318258089103e-01
-5.181410650887715574e-01
5.855716269574539057e-01
-5.962304727781225777e-01
3.749747801175854489e-01
4.465324514174542903e-01
4.591181423544200557e-01
3.694913417104450648e-01
0.000000000000000000e+00
-1.817272831869255478e-01
3.521187680124726604e-01
-5.030714352012954915e-01
-5.284588223401408547e-01
-2.143281489566699893e-01
5.994443130031827938e-01
9.194666814261938104e-01
2.444416284601664269e-01
-6.326884891854325232e-01
1.169248672628872970e-01
-2.395219348870992471e-01
-6.995002059943111750e-01
-8.377587764999512299e-01
4.835675570148734170e-01
1.358739085521790679e-01
1.630194299103955302e-01
1.312368886132954382e-01
-2.373374055524087867e-01
5.182547462917806991e-01
-3.625970218224223163e-01
3.844550325532707369e-01
-8.461942573448009153e-01
3.490810996674331701e-01
-1.422311427766560499e-01
9.029408348835302744e-01
-4.724315654536838660e-01
2.276013424463410595e-01
-1.327641505231788033e-01
-1.740235420654217546e-01
-1.299672424122042813e-01
1.871660828306845326e-01
7.146780632931879484e-01
0.000000000000000000e+00
1.079971463380909213e+00
0.000000000000000000e+00
-3.207518063410744191e-01
4.367311670494669618e-01
-8.181981189542265609e-01
0.000000000000000000e+00
-8.684075347045476789e-01
-3.173520763724905214e-01
2.725781825853168527e-01
9.739200775895837103e-02
8.458543412819701235e-01
-4.671523939567194805e-01
-6.666611213916637801e-01
2.745447151143620146e-01
7.957472936188521029e-01
5.022696462091557068e-01
-7.428293503103425843e-01
-1.183494812436294841e-01
2.439143764196740616e-01
3.348503837390680582e-01
8.218664874907757323e-01
7.185800279800842461e-01
1.658795271599025067e-01
-2.087742430768017854e-01
2.438208227552722263e-01
9.090530358812133338e-01
-2.162076746360712398e-02
7.360671991969335026e-02
-8.582909501078106462e-01
-8.086359347071885306e-01
1.212986183211187674e-01
8.302411026630613922e-01
1.909106775128890932e-01
6.011941654846989502e-01
6.800864361773757416e-01
-1.372757593935547138e-01
2.705809650235500019e-01
-2.982682100879441300e-01
4.142266254450309715e-01
5.586891780619691605e-01
1.046141580658526804e+00
-4.039616706319115735e-01
-9.948128498201558312e-02
3.143364348268529174e-01
0.000000000000000000e+00
8.094666103487822839e-02
7.086074964038652224e-01
0.000000000000000000e+00
4.785779560359919305e-02
2.855938037950553343e-01
-4.995542737316148174e-01
-4.612446892472293891e-02
3.232856051631205485e-01
-6.470900425356877761e-02
3.489189064612839286e-01
-2.175466011612863793e-01
-5.494680517960612853e-01
0.000000000000000000e+00
1.288199751309966890e-01
-2.473932437779758353e-01
-2.540409203903791768e-01
-3.526459036957191318e-01
-5.850540242625136278e-01
0.000000000000000000e+00
1.703424118516647934e-01
3.772983367530289289e-01
3.658383221285769205e-01
3.850765291137202562e-01
-5.461757610395205909e-01
-4.729293867147243424e-01
2.657889277596477973e-01
-2.371714976968684052e-01
0.000000000000000000e+00
7.998451166667958079e-02
2.048841406495206241e-01
6.317756124225828440e-01
6.129713285497889741e-02
1.111370900374569759e-02
4.297980153766538525e-01
-3.622131395962541189e-01
8.808382761575771491e-01
6.790279912827247299e-01
-2.922122503881385835e-01
5.253301603515913021e-01
-4.299872023253329956e-01
-5.274606322851065343e-01
-4.963345772838512748e-01
3.606122921434182782e-01
1.550700507929963223e-01
0.000000000000000000e+00
8.158960904367227318e-01
-1.034981546063282881e-02
-3.636014235155278773e-01
5.209969582762589146e-01
-6.035451169143237760e-01
2.389490842785650937e-01
-2.475472687914340997e-01
-9.337589058448584334e-01
2.212524587373072005e-01
-3.281782099734090186e-01
-1.378037709885270301e-01
8.332375314131822419e-01
-6.945529440716113889e-02
2.555291982632513226e-01
4.412394857499459255e-01
2.040715327258268152e-01
3.192317164935272178e-01
-4.353014923340832731e-01
-2.996920912486598088e-01
-6.825045435695574758e-01
-6.978546808282499736e-01
2.583823694219929967e-01
3.056287978804506089e-01
4.211353519339200990e-01
2.039516453190836076e-01
-3.047809293870009512e-02
-1.633455683716078244e-01
1.854015473607909317e-02
2.357894431962513915e-01
-3.372507468724331159e-02
0.000000000000000000e+00
-2.214536357261764898e-01
6.314049474586936883e-01
-5.677470095705066111e-01
3.454190151809516940e-01
4.836967372373410234e-01
8.941915505249401486e-01
7.402566312545542093e-01
8.731796542842560349e-01
-2.270585939300742429e-01
4.016593289412881962e-01
5.611807315467011170e-01
-3.035416723976235298e-01
-6.108383584617114170e-01
7.011235882338965331e-01
-4.264451748888869465e-01
-7.961148363889319901e-02
0.000000000000000000e+00
5.548200482951426427e-01
-4.200427525058911815e-01
-4.847528801603101511e-02
-2.232598276528111048e-01
-6.953104733572363916e-01
4.365199745234213946e-01
7.508123497583557571e-02
3.804487712149068335e-02
2.525114622670505127e-01
2.990186632247340270e-01
-7.631230124140989668e-01
0.000000000000000000e+00
-1.120012472002490933e-01
-8.438973820524389713e-02
8.725827112876112235e-01
3.506473428770320311e-01
-1.143310741948349446e-01
7.723358142918552716e-01
-1.636127253342713472e-01
8.286715967145702466e-01
3.425668668001891071e-01
0.000000000000000000e+00
1.665291158592111798e-01
-8.328201153734072770e-01
7.088257113105048690e-01
2.006440352514934355e-01
2.621595657226905018e-01
-4.847104225686407197e-01
6.725617870992571801e-01
0.000000000000000000e+00
-2.541003859266939280e-01
0.000000000000000000e+00
7.455828821233498327e-02
8.136120084358865467e-01
2.520532777278023939e-01
1.238771953625774080e-01
1.458425239549226982e-02
-9.817564147658919271e-02
4.198919323371373968e-01
1.870900579143454090e-01
7.168364626771484005e-01
-1.776412157930132296e-01
-6.718495903487249343e-01
3.007036175589768989e-01
6.290278194534124623e-01
1.087095227098365535e-02
6.361895406662079200e-01
4.333831728572036246e-01
-1.556081864610414089e-01
1.266435506598787841e-01
4.548509877034696558e-01
1.114094012162392122e-03
4.825210996188063206e-02
2.621017799363150602e-01
-7.543866423882910066e-01
-3.568109962113612532e-01
