-7.057528754537352178e-01
-6.518783577872300228e-02
5.289851248088062174e-01
7.297226653363710902e-01
6.728764173563708262e-01
4.420455839210262194e-01
5.321777935610789712e-01
8.201488451042018291e-01
-7.679788068389694633e-01
-3.308917080848750025e-02
-9.125817803171463183e-01
-1.404775756778171569e-01
1.326789159305574728e-01
2.639001337196189567e-02
-8.995669735082256757e-01
-6.893545231284483599e-01
2.948436794258046945e-03
5.167134681365586069e-01
4.629907482984876310e-01
-6.178060675946794866e-02
-2.283970051176200666e-01
4.789499266725247839e-01
6.735103121338352761e-01
7.218385994500977620e-01
-4.999346837027147661e-01
-4.917742871755992340e-01
2.591730472287889775e-01
-6.071538939588962958e-01
6.071823699374332417e-01
7.455183374627174508e-01
-8.811420834565908411e-01
-8.447454173636701480e-01
4.541579670872508689e-01
9.041296057078755943e-01
2.437013932996889842e-01
-8.323886273676384118e-01
-6.314884659892916474e-01
8.965308134872143064e-01
9.639354703143878655e-01
6.173417154397675688e-02
8.899039163160786803e-01
-2.054248750865117490e-01
3.869843630260860756e-01
-5.549489801161924252e-01
-2.966571453841881922e-01
4.543779960954010821e-01
8.175738134467092078e-01
5.261113757597237761e-01
-2.404019676825097651e-01
-5.396805197561573841e-01
3.082906334624591072e-01
-9.177757368547696526e-01
-2.549165481758579599e-01
8.117378141517122003e-01
6.897560873295265349e-01
-6.608200408882003440e-01
-2.763480719556119514e-01
1.401690961627068965e-01
2.662624010636363003e-01
7.022125909646144137e-01
-4.685267148114666824e-01
2.306345436752867961e-01
-1.170086549598541303e-01
-7.904961321326096080e-01
5.471563630336624406e-01
5.110031991194941003e-01
6.785031785037745067e-01
-9.281992581167362033e-01
-6.440280991410984868e-02
-8.721183974985016185e-01
-5.961325280235989510e-01
1.398818853182735023e-01
5.603689831952489708e-01
9.809028862121156322e-01
6.622699065135484453e-01
-1.595752832962724632e-01
2.744339784696769868e-02
-3.504667767333398132e-01
-9.483752005906083138e-01
-8.209177866795558387e-02
3.788656726885952786e-02
-6.171958339431444784e-01
-6.837913771996035894e-01
-7.956769271844774671e-01
-9.154852748324702194e-01
-8.882103359645154850e-01
-5.161188496514004242e-01
-5.803188743820120177e-01
9.728018447366590937e-01
-2.462975128191617902e-01
-7.636576617512202958e-02
-1.907428143727158965e-01
-5.745114562600672770e-01
2.488726734925841289e-01
6.071704312784038660e-01
-3.483292962740991427e-01
-7.213102074717232526e-01
-5.663630737215019639e-01
6.654271245231657694e-01
-8.026359629896062664e-02
9.427795256745703512e-01
4.043829700993253340e-01
-5.088298788872398504e-01
-1.118117046849012031e-01
-9.855304890380764959e-01
-6.604605976543953538e-02
3.663038265853739706e-01
9.652222322576453628e-01
-3.472774008276473534e-01
-9.899582892250324839e-01
-1.136594837020705739e-01
6.282139725126654195e-01
2.056900850782441559e-01
-8.158801313204409045e-01
7.366989120617808418e-01
9.790522526199119113e-01
1.135098603315742860e-01
8.690141378822724416e-01
-5.919069148198747854e-01
-3.584629686651872316e-01
-7.911842558012391891e-01
-3.704259800851033013e-01
3.056030854696678567e-02
-5.245290354710472336e-01
-6.762563038467901411e-01
-1.457830328429337019e-01
8.649352466627375779e-01
-3.890433406785405168e-01
7.674987273091304907e-01
8.538095985779694530e-01
1.927649577000272174e-01
5.576966064352970598e-01
8.726816133500150396e-01
-6.383499834642443194e-01
6.933502672094800090e-01
-3.616473577598378064e-02
6.738061573784137614e-02
1.347259270420324562e-01
-9.411628500539603870e-02
8.831568532361739887e-01
1.395292450212395341e-01
-1.666147594536260268e-01
-1.153152820998797345e-01
-1.135327039352229672e-01
-2.228016818084490591e-01
9.022772107738874503e-01
6.425309210868082044e-01
-6.120492438000151303e-01
-6.914597680099374699e-01
5.244987477658817898e-01
4.289044421314944788e-01
9.457873348511942613e-01
2.040286680685821086e-01
-6.661795284465783507e-01
-1.660375672586045237e-01
-5.354191276759616702e-01
7.793652783288156360e-01
2.217096357133698792e-01
7.943940757858864998e-01
5.844344989193468454e-01
-9.288865715717862237e-01
-3.374959205696317355e-01
-4.929444583590809614e-01
-2.208778214418953834e-01
2.412480450986138614e-01
1.489967850710907094e-01
-6.021986876774603203e-01
7.826518900788288491e-01
7.682211087724899468e-01
2.404049881112346743e-01
9.210992682168344103e-01
9.043103635631335457e-01
-2.437970107507054784e-01
7.057955979588239614e-01
-3.592763499020461548e-01
-4.124973795305808544e-02
-4.364714709676202897e-01
-4.623297390179832433e-01
-4.804990042011079154e-01
-6.423883715665088534e-01
3.944755640695571941e-01
9.988708377833539487e-01
-1.530499794823865223e-01
-5.430651671611126385e-01
9.417084339316872388e-03
-7.798256368149865114e-01
-4.236587354458676291e-01
-2.018386777942386967e-01
3.133281244413794742e-01
-5.176045104644564354e-01
6.154150233762889499e-01
9.556633567358823189e-01
-7.960525987282554006e-01
7.448765528825704862e-01
-3.028660978799078141e-01
3.091418089072881514e-01
9.834177527130838481e-01
6.746980156988853228e-01
8.889001608506061913e-01
1.714404220505036935e-01
-2.935557755417634862e-01
-2.836551670348035348e-01
-2.779542857352259588e-01
-2.808574059367787701e-01
9.601027218594331281e-01
2.740035986847169092e-01
-7.489364578648707305e-01
8.621113979106540537e-01
1.083364333489700293e-02
1.251946759342710269e-01
-2.843523377034931077e-01
1.123308450938083070e-01
1.723003288554858514e-01
-3.602744650176892272e-02
-7.735636657024222984e-01
1.317591903480486160e-01
2.087673674970014215e-01
-4.059011439615478611e-01
-3.964943641184783818e-01
3.756329089491243778e-01
6.165447052996693156e-01
-1.775783396939920600e-01
6.956701423255347017e-01
6.108883718861721768e-01
-3.082474083833885992e-02
5.968495926957961828e-01
1.418585005377757113e-01
5.303407423980985858e-01
5.520247998444753890e-01
-7.033898092082035980e-01
-1.785074024201733778e-01
4.487531477235906507e-02
6.916266062253666469e-01
-5.966885105444925674e-01
4.817337489014621443e-01
-6.411711581079868605e-01
6.595105622916286325e-01
5.668560163723330714e-01
-3.574811531436037360e-01
7.241312523273870649e-01
-8.490683831483767374e-01
-3.970139292503875872e-01
-8.113095133668080106e-01
-7.406811841548925912e-01
7.232849539485006751e-01
4.034953893902810673e-01
-5.575575167104331875e-01
-2.449573009832026749e-01
-4.669484658915388220e-01
-1.812314989589243197e-01
3.484773530446534373e-01
-1.334116887979206467e-01
5.056954578595038718e-01
1.518435008750496085e-01
3.120123857117704791e-01
-4.456422065797924770e-01
-1.299006225205365794e-01
-7.987351399131203955e-02
6.397978952352436632e-01
-1.508707333183370025e-01
-8.552947641417809610e-01
-6.747165691904100093e-01
-4.454253395870921839e-01
-1.980223756690164816e-01
-1.224324554075248983e-01
