-7.378609056404370481e-01
3.271472577906542334e-02
9.937588965785382200e-01
0.000000000000000000e+00
1.881871344859105122e-01
9.680780308385878996e-01
7.655297816919159892e-02
3.040680826332025077e-01
5.140151459792985378e-02
3.431451941881629164e-01
-5.561199430966621282e-01
1.000000000000000000e+00
8.164610775108394058e-01
-2.802523447550240299e-01
-4.900027628033321037e-02
-9.167167880289934789e-01
-2.763060012034881385e-01
-7.471040944623887903e-01
5.344018278014279755e-01
-2.053206758960435252e-02
2.622290902585830974e-01
-4.057021461012295660e-01
0.000000000000000000e+00
0.000000000000000000e+00
0.000000000000000000e+00
-7.333198841172738902e-01
0.000000000000000000e+00
-2.676169852764769264e-01
4.079785399875250906e-01
0.000000000000000000e+00
-7.119699370052223752e-01
1.169984741402865236e-01
1.330248390176687057e-01
-6.413509220828461643e-01
2.015756224905951299e-02
0.000000000000000000e+00
0.000000000000000000e+00
-4.861311327556028239e-01
2.370120922179612677e-01
1.596066563980513831e-01
5.202001420770154816e-01
9.338157452791029378e-01
0.000000000000000000e+00
0.000000000000000000e+00
5.273810798025586610e-01
1.000000000000000000e+00
5.713064364969917541e-01
0.000000000000000000e+00
0.000000000000000000e+00
0.000000000000000000e+00
0.000000000000000000e+00
8.333386518540788490e-01
-8.753061840459386289e-01
0.000000000000000000e+00
-1.599276522467718564e-02
-9.795861662007332438e-01
5.417242582010721730e-01
0.000000000000000000e+00
-9.126295294987123441e-01
6.146829084062337412e-01
-4.937515331693842491e-02
-7.423924639004106929e-01
-6.240730881414318088e-01
0.000000000000000000e+00
0.000000000000000000e+00
0.000000000000000000e+00
8.398148391819217906e-01
0.000000000000000000e+00
0.000000000000000000e+00
-1.435840871688207621e-01
0.000000000000000000e+00
0.000000000000000000e+00
-1.106522450598390606e-03
1.046731833144811663e-01
-7.845366729574818621e-01
-2.578754011448241013e-01
-5.537866248066889430e-01
2.295690288602558748e-01
0.000000000000000000e+00
-4.681259420791230585e-01
9.970985737739896937e-01
-1.552036629701536441e-02
2.867702597636900830e-01
4.809490665349434035e-01
1.125923050948409720e-01
4.185472563600070028e-01
8.813575731745322273e-01
1.000000000000000000e+00
1.000000000000000000e+00
7.498437346186122010e-01
0.000000000000000000e+00
8.585504925056404169e-01
0.000000000000000000e+00
-8.483042388912047649e-01
0.000000000000000000e+00
9.556255540517282210e-01
1.000000000000000000e+00
5.077752061873606060e-01
-3.012120765670636136e-01
-2.903730897594800631e-01
0.000000000000000000e+00
1.701614237322404133e-01
0.000000000000000000e+00
0.000000000000000000e+00
0.000000000000000000e+00
2.698163344377479955e-01
0.000000000000000000e+00
-1.275080632713110340e-02
5.597294501782632548e-01
-9.493674151660138616e-01
0.000000000000000000e+00
4.764072746713505779e-01
0.000000000000000000e+00
9.736540339822263856e-01
-1.147970117622525432e-01
-3.013915254307872882e-01
8.121643525512431960e-01
9.273301276444505525e-01
5.868583221452114973e-01
-4.070635867544891706e-01
-6.678273367397467020e-01
9.120316697568451314e-01
6.622833961616370058e-01
-4.657796901359025910e-01
7.431704255196061037e-01
6.606326552028372046e-01
8.661466817672340834e-01
0.000000000000000000e+00
0.000000000000000000e+00
-6.852461256382342825e-01
-1.112530520506702647e-01
-2.639706370885763764e-01
-2.123435176072148156e-01
-9.856488280225197407e-01
0.000000000000000000e+00
-6.624159523103529956e-01
0.000000000000000000e+00
1.000000000000000000e+00
5.514914047477961212e-01
0.000000000000000000e+00
0.000000000000000000e+00
1.000000000000000000e+00
0.000000000000000000e+00
0.000000000000000000e+00
9.281158101477806621e-01
4.445521172819733025e-02
-7.521417356823347777e-01
0.000000000000000000e+00
9.996536032066880573e-01
-8.029731513505795615e-01
1.000000000000000000e+00
4.279228532658998496e-01
-6.473588260992775290e-01
0.000000000000000000e+00
5.462901802761208625e-01
-9.256331671723889709e-01
8.760440407115344108e-02
0.000000000000000000e+00
0.000000000000000000e+00
0.000000000000000000e+00
0.000000000000000000e+00
1.000000000000000000e+00
-3.156685497706339660e-01
1.000000000000000000e+00
-2.344581800442613329e-02
-9.623491758247726402e-02
0.000000000000000000e+00
1.435133783370967642e-01
0.000000000000000000e+00
-2.772730090483088716e-02
3.618627395374833799e-01
7.382176541130400782e-01
1.123977075483502119e-01
0.000000000000000000e+00
7.048526381720376932e-01
0.000000000000000000e+00
7.729161439016367652e-01
0.000000000000000000e+00
1.000000000000000000e+00
0.000000000000000000e+00
5.312149616637336091e-01
2.666736371151152696e-01
4.990198042831974767e-01
-1.126836316914436864e-01
-9.062657173188255477e-01
9.881995316719065503e-01
9.067628863407342088e-01
-8.839156010680977449e-01
2.470494288815472395e-02
-8.852193857940198196e-01
-9.732198119084567445e-01
-9.274621121878390273e-01
4.794458124933007603e-01
9.987224589279479758e-01
4.732343136056416100e-03
-9.338692692393180117e-01
-5.590298491544316573e-01
0.000000000000000000e+00
-2.153451322976265292e-01
0.000000000000000000e+00
-5.727529392427044286e-02
-7.759420347867673762e-02
0.000000000000000000e+00
-1.246407140877014985e-01
-1.677701446697543730e-03
-5.345520786443587191e-01
0.000000000000000000e+00
-2.431406130380473485e-01
1.503139791247605217e-01
0.000000000000000000e+00
0.000000000000000000e+00
4.999411833591018706e-01
0.000000000000000000e+00
1.000000000000000000e+00
8.951856029557834216e-01
-2.319233029247642630e-01
5.241287662230931232e-02
7.120665730036928043e-01
0.000000000000000000e+00
0.000000000000000000e+00
-2.742571349538509562e-01
-5.337064731206222490e-01
-3.837148893850672593e-01
-2.925579839413168237e-01
-4.543633812901928248e-01
0.000000000000000000e+00
-1.268120048839398439e-01
-7.392914268567720715e-01
-5.006591301271503536e-01
4.594718667509773979e-01
0.000000000000000000e+00
8.334583844595297997e-01
-4.029586593127878480e-01
-5.275291445515750688e-02
9.462722307940290012e-01
0.000000000000000000e+00
-6.511542750097736310e-01
0.000000000000000000e+00
-9.981445555637535882e-02
-4.337386143842316688e-01
5.721454922194244563e-01
0.000000000000000000e+00
9.642137227221345697e-01
1.405879425284952688e-01
0.000000000000000000e+00
0.000000000000000000e+00
-3.120245251707760570e-01
8.680117614785758384e-01
8.295098152516071632e-01
-3.490135886300334001e-01
-8.177407440495547686e-01
-8.872561862748773454e-01
4.993960901554912457e-01
-2.206236355909141356e-01
-4.330964544218065537e-01
-8.910132886260380136e-01
-7.637259260379893888e-01
0.000000000000000000e+00
6.712644408526018402e-01
0.000000000000000000e+00
-1.683699230222439613e-01
6.947110845465849227e-01
5.738113975860656968e-01
-6.868666445021365252e-01
-5.906568594062107103e-01
