8.099488033158215305e-01
9.551596355520544090e-01
-1.875111040426677977e-01
-8.863244793964037971e-01
8.294108968489461997e-01
3.923245231755954077e-01
-2.388729499910935417e-02
-8.245370628483155162e-01
5.901928328176127003e-01
-3.588384450673758330e-01
9.771114122761848098e-01
7.787448005432273668e-01
-5.211943753565531079e-01
4.114325791883304273e-01
-8.006388112109319444e-02
-4.103829546987247667e-02
5.946887898600856648e-01
5.015963899581654672e-01
-3.180409005696229752e-01
-8.507912811010791554e-01
-7.205642519088246711e-01
-4.942421951898081645e-01
4.447364894117236123e-01
-5.431981869892215098e-01
-5.630761643511594805e-02
-2.832977725491183651e-01
-5.508835208742446365e-01
-7.295111910494769258e-01
-7.762625021426721172e-01
9.733887034403756466e-01
6.274347541440803422e-01
-8.902207485327797709e-01
5.978876153182510755e-02
9.809466829774633467e-01
-9.429074457774972995e-01
4.506952638995553873e-01
-5.771719966869981455e-01
-7.195436251364319968e-01
-3.409846784168482081e-01
7.895537174547120340e-01
4.511338975956191710e-01
-6.037903875621888350e-01
-9.025438251528297151e-01
6.059614069335876874e-01
-1.807425180834381084e-01
-1.060089192800746094e-01
1.641934813899623702e-01
1.224320829012344181e-01
-7.258740140734527557e-01
-9.522584492092400765e-01
-3.787944507178524489e-01
9.740277643030539334e-01
-3.641233346795387238e-01
-6.489491310640527200e-01
3.701530542565429904e-01
5.813298750734703368e-01
9.573663712960553962e-01
-4.987272100051240997e-01
-1.205114462177279133e-01
5.811611769722895282e-01
4.954963780759569225e-01
5.701338407778993034e-01
-1.013313712747363482e-01
1.792260674539662979e-01
-1.402233159861714373e-01
-5.573168255747065203e-01
5.324880602145096731e-01
-1.043230144653584102e-01
3.902729495409074101e-01
5.978655114425397432e-01
2.972709967942150922e-01
-2.574992021153132971e-01
7.640454467138864114e-01
-5.638129407570204865e-01
-1.883634519386805373e-01
8.373577324655157028e-02
8.980708563597450400e-02
5.466268520682779908e-01
-8.438272689742223331e-01
-6.933957565395298950e-01
5.988683780270125379e-01
3.445850498332021505e-01
-5.003630139827586198e-01
2.956893805199367620e-02
9.116506763444367500e-01
5.314128914763771583e-02
7.095775586524111223e-01
-2.166700689351295228e-01
-3.902346825367437599e-01
4.006254875954369243e-01
-8.568257459120205421e-01
-1.743491176442206747e-01
7.916838797307290676e-01
3.140369839162013843e-01
6.495545996076259598e-01
9.025524228675545491e-01
-8.485323774354429638e-01
-6.396043967887286019e-01
-9.280291061968057864e-01
7.718494594675489040e-01
-3.098686256134655093e-01
5.520112208322620617e-01
-3.250735036387879529e-01
-1.996122576428229767e-01
-1.916852904142167802e-01
-7.510878904520632560e-01
2.891850313040165155e-01
5.720654383486791783e-01
-9.245001646217823055e-01
2.338149269446072598e-01
-7.719694809382986467e-01
-2.166804152745471779e-01
1.921978579578120794e-01
1.368073778522540529e-01
-4.457128343576910456e-01
2.223770992147451331e-01
2.482374905328199599e-01
-9.817300071468619826e-01
-4.961086906627067972e-01
8.012227408637246917e-01
9.502803752492614553e-01
-6.805228887713710151e-02
2.101449295612867196e-01
4.270679813782185530e-01
-4.190091570074854221e-01
1.699116339707242851e-01
-6.199878846229061047e-01
-8.863975576872584750e-01
-3.433622237124289711e-01
5.488213619619264350e-01
5.245203471150170493e-01
6.207305395301239148e-01
-2.047393075503505244e-01
-8.211208463315251560e-01
-3.962404658652896039e-01
1.460157658642180500e-02
8.068477352515761591e-01
-5.972578706995976816e-01
-1.012474347592788870e-01
-2.639093227144302389e-01
5.993953664688058680e-01
2.524811069215622261e-01
9.274134646877640886e-01
3.244390988230470008e-01
4.663091546188380399e-01
9.933271277956248202e-01
1.769639159286287011e-01
-8.480034437745329612e-01
1.757834569383043277e-01
-4.470689292249461211e-01
5.188005161805049337e-01
-2.603087994076453970e-01
5.860138525183422598e-01
-5.062025406424621732e-01
-4.787151772780453562e-01
6.488888811368476173e-01
-1.884559199368696092e-01
1.858134817578080966e-01
6.708129882470232896e-01
8.702794438570322644e-01
4.944714680305353216e-01
3.801830380134374465e-01
-7.444635243181509932e-01
-8.730313564259055692e-01
-1.998053028301536305e-01
-6.086174605115453051e-01
-8.403090689995136309e-01
-4.544323619480103993e-01
1.547079660517718391e-01
-4.181194069295877114e-01
5.096336034149480110e-01
-4.188619534839392866e-01
8.036638989721227588e-01
-2.329436535114464135e-01
9.063441711392394851e-02
-4.713314843580349578e-01
-2.631723557667406954e-01
-9.124223572220757639e-02
9.042766468490681664e-01
-6.047108186117258199e-01
-3.765423819162840857e-01
6.374836722067367401e-01
3.672132055827910246e-01
9.887294261412398200e-01
5.263126298428799643e-02
-4.875320822046673719e-01
-1.130843863147206196e-01
-8.940520768261561724e-01
4.625718643658649487e-01
4.866473044507413359e-01
-4.759886620182700590e-01
-8.494702666241644717e-01
-6.739411317062260487e-01
-9.993662939666632106e-01
1.831315568237354974e-01
-1.427620334078010256e-01
-9.187222526550375967e-01
8.879650246255055279e-02
8.332738795415266519e-01
8.434421358297614635e-01
1.346025899170479878e-01
-6.819980541761916371e-01
1.684419592147730071e-01
-1.448624957123159085e-01
-8.526231950152918238e-01
9.203173847108800931e-01
-2.277938111354456119e-01
-7.433498078173543799e-01
6.930206833461982630e-01
5.016484835233467887e-01
5.835804644469630986e-01
3.646410489461320292e-01
9.195889959968690519e-01
-8.169852896558151834e-01
1.293711327302837777e-01
-9.607606123506386986e-01
4.465386614488215944e-01
-9.292945498948490535e-01
9.727153283898528624e-01
-2.398517776636306387e-01
-2.631413427193822763e-01
4.995408312820712737e-01
9.838178210530039713e-01
2.981746059511329872e-01
-4.750529423983760324e-01
-9.733307532620651958e-01
1.847846958750032353e-01
4.141724248948746023e-01
2.652189185839108898e-01
-4.431909130919191586e-01
-6.997808796366917772e-01
-5.404266891230407044e-01
4.182123339290038100e-01
-5.346011401591113099e-01
3.352136130775553724e-01
8.507751901072937439e-01
-3.130416734198466777e-01
8.794486366473586170e-01
8.683731406929575680e-01
-4.897643117818908376e-01
2.401435650969472313e-01
-5.263887408831162684e-01
-5.207952086511302703e-01
-6.360891324902695487e-03
-9.057211921853269843e-03
3.773506727048872023e-01
-2.278279626008017367e-02
6.502163125143500810e-01
-5.739400275080612790e-01
5.752994387423377987e-01
-2.111589970202800703e-01
5.159070710068280885e-01
5.545987141768040640e-01
-2.432269440932897098e-01
-9.605189825093907174e-02
1.714874801963115480e-01
-7.159881899496967073e-02
-6.489157370318654472e-02
8.990463659821754661e-01
7.324736453368545508e-01
-6.073701118631409379e-01
-8.966030755992517864e-01
-8.495724886311473156e-01
-5.046165717022159658e-01
2.142429305555864083e-01
