8.258273187664788573e-01
-4.161649028331428912e-01
0.000000000000000000e+00
0.000000000000000000e+00
6.161898620796180115e-01
-4.714568567633836693e-01
3.378329526115697590e-01
0.000000000000000000e+00
-4.561408647205213995e-01
-4.445511087652849191e-01
-2.615819929825089485e-01
9.052731812938885625e-01
2.202324276868734554e-01
-4.805704283144587308e-01
-3.469936010101115631e-01
1.980387807467876016e-02
0.000000000000000000e+00
-3.062527444207296945e-02
-8.520812978969085627e-01
-6.712219266500476511e-01
-6.365074806529116280e-01
-9.457033401054824040e-01
6.977735084353868800e-01
-4.684314733084935511e-01
-8.429001466007790544e-01
-7.707683700623382261e-01
-8.714980832198615524e-02
5.385178432001196391e-01
0.000000000000000000e+00
0.000000000000000000e+00
8.104431860622232087e-01
9.884499685129717328e-01
-4.370628932976541314e-01
-3.637702968194709285e-01
7.884320739288459556e-01
8.278910462794715208e-01
0.000000000000000000e+00
7.478378591176437773e-01
-6.550313288048965621e-01
-9.882391324086796658e-01
-5.775590530925933663e-01
-1.598206175014891262e-01
-4.033987189225027858e-01
0.000000000000000000e+00
0.000000000000000000e+00
0.000000000000000000e+00
9.410318449978718469e-01
0.000000000000000000e+00
4.058008658981806516e-01
0.000000000000000000e+00
6.350248983072248610e-01
3.200758728873864811e-02
0.000000000000000000e+00
2.183909397996071089e-01
-5.706709078892384657e-01
-1.470895000574883316e-01
-5.626500028037542123e-01
-2.082858229678539175e-01
0.000000000000000000e+00
-2.624613798548525168e-02
1.536717543291159505e-01
1.941633925063321886e-01
9.765283492403038501e-01
-2.354718157850488325e-03
-2.526531716596642774e-01
1.162693299201178476e-01
-2.637029164314141916e-02
-5.083833312511307767e-01
0.000000000000000000e+00
-9.193202934662880743e-02
-2.205473818536005659e-01
2.800055676770223378e-01
-8.934366178436614625e-02
-5.803470030267350310e-01
-7.675952125063647546e-01
-9.881927285301408403e-01
-4.471416971790103112e-01
0.000000000000000000e+00
6.999034186234673882e-01
-4.788309382195676811e-01
5.992582085939996972e-01
3.112297936573218404e-01
0.000000000000000000e+00
-4.914985263071134369e-01
-2.629173472597134964e-01
0.000000000000000000e+00
-9.200056644148251195e-01
0.000000000000000000e+00
5.025185335673509890e-01
-7.687062631834977733e-01
0.000000000000000000e+00
-8.692311838050024164e-01
9.628431442165672483e-01
0.000000000000000000e+00
0.000000000000000000e+00
8.206674811895409150e-02
0.000000000000000000e+00
0.000000000000000000e+00
-3.774266256371388017e-01
-8.830059406536998612e-01
3.131983178014348113e-01
3.503527328778330840e-01
-5.159279370376990137e-02
-9.122811272817465955e-02
7.159293128610029200e-01
-5.680172517943209431e-01
6.347120393853478149e-01
-3.080030056482396805e-01
-1.269882988243082877e-01
0.000000000000000000e+00
-3.277827199951992565e-01
0.000000000000000000e+00
7.924883556409396679e-01
8.529516173216877828e-01
0.000000000000000000e+00
-2.422161284819526195e-01
3.326648631896982344e-01
7.261462279964048250e-03
-8.847985791808856693e-01
0.000000000000000000e+00
-3.471998225990855502e-01
-7.402176951888470580e-01
-3.253635538166381735e-01
-9.307421343768853550e-01
5.085730572700866148e-01
-7.357936658060233448e-01
-6.989316679200487936e-01
-2.965601279257410461e-01
8.616612938561316604e-01
-9.199893274412105360e-01
-3.331101869795072279e-01
-2.429710511499225678e-01
0.000000000000000000e+00
6.911656497606633032e-01
0.000000000000000000e+00
0.000000000000000000e+00
-6.175318591009417712e-01
0.000000000000000000e+00
-2.998910494661788384e-01
5.666430481986486356e-01
0.000000000000000000e+00
0.000000000000000000e+00
6.776460118896994178e-01
-5.813186196766724212e-01
5.739428786788118853e-01
0.000000000000000000e+00
-7.811099959484848476e-01
0.000000000000000000e+00
4.831772282621855652e-01
1.000000000000000000e+00
-7.785941795835074064e-01
-3.995224603835672017e-01
1.160647250496686933e-01
4.872827553412921731e-01
1.012778288079867473e-01
0.000000000000000000e+00
0.000000000000000000e+00
0.000000000000000000e+00
-6.861470010549806098e-01
2.366654327847961259e-01
2.699896260403333859e-01
7.863123491473844595e-01
8.618138760905615925e-01
9.231555575601499974e-01
0.000000000000000000e+00
2.614273845611885250e-01
0.000000000000000000e+00
0.000000000000000000e+00
7.888040011582635458e-01
-9.039978195386797477e-01
0.000000000000000000e+00
1.197984818631476767e-01
0.000000000000000000e+00
-1.125263452113027807e-01
-4.676668552806124701e-01
2.180884703109922107e-01
3.352420460971172744e-03
9.590830450714691313e-01
1.010588584385467836e-01
-8.486344722659717732e-01
-4.943866645997705422e-01
0.000000000000000000e+00
3.702495336017483929e-01
0.000000000000000000e+00
0.000000000000000000e+00
-6.613429681844784636e-01
-6.686894166387320482e-01
-4.423580655642480597e-01
9.887781066149592402e-01
-3.713880104512550240e-01
7.426395389031812400e-01
-1.737985828001773481e-01
8.368749928131478111e-01
-6.859372210078551468e-02
0.000000000000000000e+00
6.803636886286825725e-01
0.000000000000000000e+00
4.189624629599812966e-01
6.455947020785981483e-01
-6.782805526083697245e-01
-8.617228766706597209e-01
-7.563446573219061442e-01
1.646525243566823171e-01
-8.590219116106245778e-03
-2.384156155761594231e-01
-8.264372519434419750e-01
7.299185937663010826e-02
-5.462987697383716590e-01
1.000000000000000000e+00
5.148304564455794541e-01
8.170920085504744801e-01
-9.780519926100514905e-01
-2.485254537247778561e-01
5.653458833863005406e-01
-3.371341459275647434e-01
0.000000000000000000e+00
-1.902370430866129336e-01
3.896431167506311244e-01
-4.761987190280903004e-01
7.621781564146821175e-01
-2.619960777264245255e-01
-9.154834561706199914e-01
9.950735594321795663e-01
2.188731161598302943e-01
8.258935576518577903e-01
-7.105139434817819843e-01
-7.992049496673048203e-01
-1.639796340604764424e-01
2.393748187521642645e-01
-7.502783407126265569e-01
-4.937235553919603337e-01
-3.865124548200844501e-01
1.177414249119257406e-01
-6.262009810062909576e-01
-4.583209410372874881e-01
0.000000000000000000e+00
-9.874379077598767207e-01
6.487403778069253946e-01
4.919660267083929561e-01
3.185183020199275905e-01
9.704712536272832590e-01
-4.904459098269380313e-01
3.539803395472247427e-01
5.083974594309634831e-01
-5.215697291997560825e-01
-7.349389317137484667e-01
-7.670401512733582283e-01
0.000000000000000000e+00
2.741281986000143611e-02
9.238000997936488545e-01
-2.053253280223317212e-01
0.000000000000000000e+00
7.655320306668378372e-01
6.200569827238782139e-01
0.000000000000000000e+00
-2.176948568583492172e-01
0.000000000000000000e+00
0.000000000000000000e+00
4.862720240934170768e-01
-5.044271301566658483e-01
7.743104651022163498e-01
0.000000000000000000e+00
-5.145151186140823896e-01
-9.992741305020278464e-01
-8.317876531080261593e-01
