3.581596054258451289e-04
-7.118260420758848461e-01
5.941274355551393604e-01
-7.043600503427933646e-01
-8.897222421829020789e-02
-7.528191602242306768e-01
-8.331728395376813978e-01
-7.131833611108122639e-01
-4.866731354931512765e-01
-9.613093464931443677e-02
4.260644460882208051e-01
3.786527884955774859e-01
4.910485073935553224e-01
7.353754515393573499e-01
8.061712754062024811e-01
-8.840882438046608893e-01
6.417927753567520543e-01
-4.261361732102457722e-01
-8.336858597027234641e-01
4.578272841850192787e-01
-5.692595463966265701e-01
2.939553932048319940e-01
-4.815739380339767450e-02
-5.046515925746422049e-01
-2.831645748836524312e-01
5.657757566375287706e-01
-8.343433418023744608e-01
-8.789838836247150233e-01
-6.452308749640232044e-01
-7.874485175739867060e-01
-5.003376208605416764e-01
7.864645709971012089e-01
-5.330417178735229466e-01
-4.965964714100270516e-01
3.097530791045144394e-01
-7.288640520532767564e-01
5.331144202647375430e-01
6.191717699631766880e-01
5.956014601953696364e-01
-7.546695994452274903e-01
5.298365188703024753e-01
8.362079505878852181e-01
-6.410030501823404947e-01
5.020563707125551556e-01
8.433318717581566037e-01
6.605408479232697250e-01
2.622902479420394783e-01
7.687102709259614475e-01
-2.875092115327828601e-01
-7.218765384012448827e-01
3.938798267563390354e-01
-1.078910624047946243e-02
7.894922421493282272e-01
8.319385766191098597e-01
2.617391874112471317e-01
1.549076085660441304e-01
4.804468936610637453e-01
4.201289889010315637e-01
-2.979751877955274519e-01
1.402542750714674824e-01
-3.078042264228348923e-01
-3.961119420428353965e-01
6.861890780180737170e-01
-2.593024124264489139e-01
-4.002629787444014209e-01
-7.398611265857586439e-01
7.905749580558216749e-01
-1.241758632011460417e-01
4.288256168476423102e-01
-7.624560700898772581e-01
-8.943265120146155489e-01
-7.513854693190427092e-01
-6.980209818772724617e-01
5.947872144021337792e-01
-8.926210400168503867e-01
-2.715605307518169642e-01
-9.642469028303941592e-01
8.084503842229628923e-01
-7.591040332806027191e-01
-7.036725874745095588e-01
6.748240092943453838e-01
5.188774901752490898e-02
6.327087073776942461e-01
1.986158932487149809e-01
-7.165331816707267709e-01
2.664060490461814812e-01
-7.123489583459476915e-01
-1.882283477284769635e-01
-5.842038594445511102e-01
2.832120954258516843e-01
-2.657903960261887022e-02
-3.302164468353074867e-03
3.486985441354841786e-01
5.838969387404084888e-01
-8.557228870539415055e-01
5.756434358766524539e-01
-4.663923148542168384e-01
2.492016353149832941e-01
-8.209765787664478065e-01
-8.604506802338220961e-01
5.864963704236241249e-01
-7.530304650479486828e-01
-6.923901662651532618e-02
-8.372916176745435202e-01
4.757396556466975124e-01
-1.312754412300709550e-01
8.926599923076956600e-01
-7.217709716574294276e-02
-9.069962841655840879e-01
7.826179566617406103e-01
1.576682440597083623e-01
6.648474336487342207e-01
-9.754289233882813548e-01
-6.239512180393758101e-03
1.874826976447703242e-01
8.275448831689935503e-02
-4.389377223923747184e-01
-3.112175489438147036e-01
9.543498461614967621e-01
1.502553968217164027e-01
1.590828668492920706e-01
-1.540568614073529741e-01
6.269201996943574162e-01
-2.011235129858444104e-01
-1.434627692312240299e-01
-2.896592462346649910e-01
-6.888761561093230679e-01
9.126880840161084585e-01
-8.004947455383581989e-02
-5.898558386508685469e-01
6.220267400574039929e-01
3.144418171911174120e-01
-5.371292590066345518e-01
-3.570061185617032784e-01
2.590295637959458830e-01
-8.428247260605070679e-01
-5.922585445687744699e-01
2.034163250937164324e-01
-9.276103913632238740e-01
-3.147461519815435427e-01
-4.825325022772242178e-02
-9.197076575993379244e-02
-1.247092126713618132e-01
2.155377380790530761e-01
-1.574930514478416477e-01
3.178203914531867458e-01
5.575735548098963434e-01
-5.531346591551296044e-01
6.048686731501768943e-01
7.968193261931579841e-01
-9.503608285729330252e-01
8.859703953449116209e-01
3.360482307381711387e-01
-9.730236120504620612e-01
-8.845123170267061852e-01
2.027265396885580273e-02
7.109770236677164235e-01
-7.404904938462286701e-02
6.433115279430590139e-01
-2.279465225161181330e-01
-6.874171838366422982e-01
7.359554085649393507e-01
-8.450143684612785311e-01
3.029483083904722651e-01
-1.504072092068009514e-01
1.435947227618510347e-01
-6.577025737446808851e-01
1.595461132611646349e-01
5.930672949786968129e-01
5.751207190086977672e-01
6.392405062593149445e-01
-5.179257612332832661e-01
-6.377103109717641161e-02
-5.885406475510619462e-01
-8.530996805791239979e-01
8.056003763172763232e-01
-6.628529975680870212e-01
-3.047931825903165137e-01
-1.721523360913168599e-01
-2.342625656910146681e-01
4.636737581506440442e-01
6.212882835722219887e-01
-6.807413820548906536e-01
-2.627086966120011358e-01
-3.623520229421457461e-01
-4.156073196237808354e-01
4.989910520724269993e-01
-7.442954179873146892e-01
4.824462422067239409e-01
6.060544361133310964e-01
4.987364912286045282e-01
7.597310081328814135e-01
-3.021799884725195895e-01
6.422737269408043126e-01
6.917968771354621182e-02
-7.465601339592640162e-01
9.500767995568017987e-01
-5.914125244630819012e-02
-7.106808626671263784e-01
-9.006792478414891168e-01
-5.221958492282166020e-01
6.344483231114217414e-01
4.160485780322513705e-01
-5.870551705242648133e-01
5.124768602727731714e-01
-1.654876183443352300e-01
-6.376369195477007423e-01
5.871516479343856787e-01
3.374831870547851942e-01
7.191815769619991361e-01
3.455429054123138055e-01
2.376986768623856605e-02
-5.111087097295141657e-01
3.633184148171697547e-01
-6.105828628752947296e-01
9.643081883397797149e-02
3.843493753709339433e-01
6.308430342987758621e-01
-4.088540563166742636e-02
1.167816894101938452e-01
1.557248380242128860e-01
4.612677521839414485e-01
-1.698211016854453970e-01
-4.165150789159659528e-01
-2.373001228571534060e-01
1.094762456917521831e-01
9.896272073303968853e-02
1.180623462412193625e-01
2.352679633542265059e-02
-1.389592686286031942e-01
2.312222033434234714e-01
-4.211112657798476988e-01
-2.753384164387686628e-01
5.797474639531861040e-01
6.695883107063389517e-01
-3.418512096054640015e-01
-5.740392319241180985e-01
3.303843068073275546e-02
-3.029901037728304214e-01
-4.071034446643826410e-01
-7.683612199574747503e-01
-7.130705811558213369e-02
-2.137420074712619300e-01
-3.316174636283872879e-01
4.176963366086425822e-01
-4.609924691290958609e-01
-3.177485562744106762e-01
4.070873126152014798e-01
-7.762972100103218143e-01
-2.667754278195586526e-01
-8.764639200243953265e-01
-8.907225304365318230e-02
6.598843331429393722e-02
8.004904371516434747e-01
-3.410995273500241343e-01
-5.026763919603729480e-01
-3.021239800804109699e-02
-4.073775505639083416e-01
-1.758673159573767020e-01
-3.677078692079527311e-01
9.407658837940446883e-01
-4.965096805973212568e-01
-9.455342652918454771e-01
-7.449951021690703890e-02
-8.908497815696845290e-01
