-9.474684645765001356e-01
2.457381532085161080e-01
-9.489531591474387184e-01
7.915585805664826502e-02
5.024176521804486484e-01
-4.394693035615877541e-01
-3.953594730549445657e-01
7.149561374549255888e-01
5.404231186037145029e-01
5.329374115181286786e-01
-8.044241673948515636e-01
-4.888457490124429317e-01
-2.654345001576159380e-01
-1.718537994336188923e-02
5.148881914179113117e-01
8.009498547302231763e-01
1.564697675412676237e-01
-8.600320670917123156e-01
-9.341550420009390177e-01
-1.997924599391056599e-01
8.876287407239658034e-01
-8.491807021108543907e-01
9.530494120388330881e-01
-9.723578369121308462e-01
-9.525535940480294173e-01
-5.512274335287936644e-02
-8.585670481014162636e-01
-3.209716130182094229e-01
7.726821309737830212e-01
-7.796963664468734567e-01
-1.170305858572209257e-01
-7.886152183515569014e-01
-6.327903120954616600e-01
5.666433712296470304e-03
4.998165559837215444e-01
-6.643817917128580497e-02
4.062367082055635681e-01
7.743824373764884861e-02
1.939111798762127581e-01
7.832067073556023828e-01
-7.352576550999978533e-01
-6.666395561630413802e-01
-9.528226833127617645e-02
-2.730845882588737172e-01
-2.286185873454054107e-01
8.507653773226155902e-01
-4.308669693270332779e-01
-2.480311038140816660e-01
-2.501990822830595373e-01
8.963143530352470911e-01
9.748941671912081386e-01
4.932068814210230911e-01
-9.916647122803434744e-01
5.024149726891935508e-02
9.076333890804086924e-01
-5.049594481694588133e-01
5.261622160042802587e-01
3.582092166556463120e-01
8.322373752486167398e-02
8.868625062848158880e-01
-4.564772293008307891e-01
9.251042118406100911e-01
-4.043949767785104399e-01
7.043090868832690976e-01
3.819902593000956692e-01
1.382864683641991110e-01
-1.156914854420523220e-01
-6.855274170118634824e-01
-3.098733345074582424e-01
7.538527926314830818e-01
8.575784312104350882e-02
-7.240686460263976443e-01
1.782143344378372962e-01
4.199571620367392732e-02
7.703262736116076592e-01
7.888491515162177059e-01
7.570831721612432119e-01
-6.968607514889935128e-01
2.065904176474231413e-02
-4.101089407555713606e-03
-1.372865837552967871e-01
7.361239878797833924e-01
8.972680194165416623e-01
-7.446090092901818114e-01
5.954459932673181743e-01
-1.744177489140228410e-01
-1.929512346763608832e-01
-9.501725477826130639e-01
2.175051378469294860e-02
2.264180691456876282e-01
4.163341513473779454e-01
-7.287951091844686591e-01
-4.221521221532968937e-01
-6.297386363846153579e-01
-5.486918442766877124e-01
-9.002464431616068463e-01
-9.653794404124567130e-01
-3.077128004916387383e-01
-9.313112332390558468e-01
-2.336116089477644486e-01
4.443087524926032650e-01
-7.511747145703426831e-01
-2.604053550217220181e-01
2.246191519948519399e-01
-9.857979455375500688e-01
1.740780473216818613e-01
-1.196038449077101440e-01
4.409247882263049867e-01
6.661393618898157065e-01
9.135482354539383731e-01
2.004324379834176995e-01
-5.841756273902753982e-01
6.626757746908067404e-01
-6.364678102924377079e-01
4.370599675596498201e-01
-3.955173970840852871e-01
-2.249281069863786620e-01
-3.543257148925511579e-01
2.358327030542539671e-01
7.324127783479357223e-01
6.576008613718764551e-01
-9.721473372739730667e-01
7.045000668013996492e-01
3.923438052643071217e-01
-2.419598274457406273e-01
7.554961931641652750e-01
-4.505750124559921854e-01
6.914694296663295159e-01
9.040111666123626932e-01
4.079522166213285228e-01
-3.127893884237706867e-01
-2.559373020730657533e-01
-4.135063085181689413e-01
-1.463636710678593023e-01
-6.922931640296676736e-01
7.321722427834709279e-01
-3.082499023855858056e-01
-5.600568998438015811e-01
-5.901772623617658198e-01
1.916573826958116733e-01
-8.828491189194545008e-01
5.934290764696235065e-01
7.116507966673193408e-01
-3.764627567436076294e-01
-6.540762505838013663e-01
9.347484183940901747e-01
-1.746609610220088982e-01
9.552286122066302454e-01
3.688189456168267100e-01
3.074800154225680870e-01
1.321304057669212551e-01
-8.458726514346759373e-01
-7.104102525907423082e-01
4.888147401301117245e-01
-2.904504813789354767e-01
-3.863316295823953084e-01
8.755858665635547489e-01
-5.006184712772343559e-01
1.068250471023102222e-02
-7.933849332062292703e-02
6.924953716659949521e-01
-6.192851329985153974e-01
-3.328206321381570465e-01
-3.202281186220643505e-01
-6.988351614612828833e-01
-6.190574724173347754e-02
5.111076284718467644e-01
4.964131659879635894e-01
-3.531417442123216954e-01
3.251979266862263795e-01
-3.905007617694322697e-02
-2.500662635152064439e-01
4.922374125964783520e-01
2.113744861111188644e-01
-7.608377261840821859e-01
-2.730622498917756324e-01
3.039143189075879103e-01
-4.228713801985073406e-01
2.110590675011001505e-01
-6.108375980071956146e-01
-2.355011377356275304e-02
-4.934102027724376338e-01
2.801032390873254840e-01
7.122372388586435399e-01
3.024796043456075001e-01
-4.372003586451009838e-01
-3.519640184784504910e-01
4.867548304063937792e-01
1.901067314128976893e-01
-3.717891485727409240e-01
5.981326717267052562e-01
-9.369543778289208813e-01
5.646396311640737853e-01
7.876088286547962003e-01
-3.663797353532309842e-01
-9.962644259710071726e-01
5.058701420204798627e-01
-4.008882724556628308e-01
-8.713247354235222897e-01
8.466934453523535797e-01
-4.813892880373729088e-01
-2.085063130400628406e-01
5.307958641263366140e-01
7.565707303387436689e-02
-2.084958724610868064e-01
-7.246446601125366982e-01
-1.485285437683943055e-01
5.892689107930364489e-01
-3.436925638729535493e-01
7.308065493922941691e-01
-7.728041727800836203e-01
3.098333221068894083e-01
-9.341074380928349186e-03
-1.216585656609314725e-03
-3.597417474387565317e-01
-8.080021179200551629e-01
-7.506052778116112378e-01
-7.649434568261890277e-01
-4.712281771888071624e-02
7.079619370246250654e-01
3.356838638051260482e-01
8.067231581379887828e-01
4.950192140459133139e-01
8.616049591457988210e-01
1.734153782616782991e-01
3.273150685500827439e-01
-4.623089114723422099e-02
-7.103326978963213634e-01
8.675234748394189399e-01
1.188479062807235032e-01
-1.013324444380649947e-01
-1.819009163944578233e-01
-3.655225924118969960e-01
-2.196508297068433535e-02
-4.391893933375545789e-01
6.636948451100825874e-01
2.659942184516781438e-01
4.678832846219016517e-02
-6.213676399009453455e-01
-9.127821956421442451e-01
2.674576511759461095e-01
-6.408591272174390951e-01
-5.866829549525713894e-01
6.912879563578282482e-01
-7.687522097698784584e-01
5.875586687720995016e-01
-4.127766639963970086e-02
-7.133416905138689756e-01
-4.516217549121863684e-01
2.025875007281121576e-01
-6.164290616923888688e-01
3.581250167538936324e-01
9.361437912387562399e-01
9.828773274761681833e-01
-7.899061473972195380e-01
-9.087811484193444311e-01
-2.617028070756710623e-01
6.392984016034173322e-01
8.408315649424047411e-01
-4.690915521728444837e-02
-2.822212986611745134e-01
-4.144904453387086019e-01
5.845242254445353058e-01
3.018063823383985156e-01
-2.406591918992788681e-01
