1.695080983931747109e-01
4.219800934814665894e-02
3.711355151227293536e-01
0.000000000000000000e+00
0.000000000000000000e+00
8.519172311786478158e-01
4.804285975858757496e-02
-2.101439365602879583e-01
-4.235189385885558266e-01
-1.488809152964516436e-01
-9.547827790249314717e-01
-3.078669989913422889e-01
-1.480664939290954329e-01
5.114532348807787621e-01
0.000000000000000000e+00
8.286603599016653110e-01
-4.431214848422981856e-01
-8.739683288696504793e-01
0.000000000000000000e+00
-7.539626236988343777e-01
0.000000000000000000e+00
1.911643448738082895e-01
-7.854708775616225935e-03
0.000000000000000000e+00
3.204489733987636590e-01
4.588495805725407717e-01
-3.927467835130151741e-01
-8.566203450375911022e-01
6.424205519380965512e-02
0.000000000000000000e+00
-3.436078143623564340e-01
5.927605273512672746e-01
4.931204048050243927e-01
4.326378496176064292e-01
4.222456075163529832e-01
-6.788297166795551618e-01
4.492735641103238198e-01
-2.918488045844802592e-02
-4.623114654836766313e-01
4.006733275770191227e-01
6.482436119289851639e-01
0.000000000000000000e+00
6.980661000238075342e-01
-9.661099396961143615e-01
0.000000000000000000e+00
-9.673967347071505962e-01
-9.922084368875805360e-02
-5.198300038226466580e-01
-9.132905976583503005e-01
-5.369821328007104988e-01
0.000000000000000000e+00
-5.116817897138723481e-01
1.989507534018899459e-01
9.909121121649568931e-01
8.599807782540951351e-01
-2.811011576855835248e-01
0.000000000000000000e+00
0.000000000000000000e+00
6.209308916770275300e-01
-6.209580159594290105e-01
-8.362337039143532547e-01
0.000000000000000000e+00
-3.128399034140858515e-01
7.547175460243293887e-01
-5.691872462431262214e-01
-5.643957025261843174e-01
2.371264313766545673e-01
7.064326865875689698e-01
-5.526825876604741783e-01
4.921359882692006860e-01
0.000000000000000000e+00
-9.656137569204592541e-01
-6.436355181625872390e-01
-4.723400393665631025e-01
0.000000000000000000e+00
8.375908849197106765e-01
-8.843028451752665831e-01
-9.577015957396335377e-01
7.327073753336899031e-01
7.398246011494462593e-01
1.145773518943522529e-01
6.045045707227572063e-01
0.000000000000000000e+00
-1.494445591635065185e-01
-1.818798992303629625e-01
0.000000000000000000e+00
-6.362832593148588511e-01
-8.682164732461217227e-02
4.957913753764959797e-01
-6.280745273368708581e-01
6.077025408909861870e-01
-8.157732773240646829e-01
-9.759104017762187944e-02
-1.492327333054495053e-01
-9.512668299832172103e-02
0.000000000000000000e+00
8.828922536946992583e-01
-3.627886467719010355e-02
5.762541543253512089e-01
-3.066677772367987220e-01
3.889585212674957493e-01
4.259831812568106724e-01
0.000000000000000000e+00
-9.617100456604259495e-01
-4.406791422455700324e-01
0.000000000000000000e+00
0.000000000000000000e+00
0.000000000000000000e+00
0.000000000000000000e+00
7.448715003747958807e-01
0.000000000000000000e+00
1.265686441021791619e-01
6.273553664123283635e-01
0.000000000000000000e+00
-1.038088381213628786e-01
5.123332023943998337e-01
4.204396344798300156e-02
-1.187181910185652889e-01
7.181686388599419768e-01
-6.676402712794331507e-01
-7.633198093964388420e-01
3.788245439337889486e-02
-5.840731988567446908e-01
-4.887809051605209731e-01
7.998245557097423131e-01
0.000000000000000000e+00
7.938151137071975949e-01
-9.188419656790220991e-01
0.000000000000000000e+00
2.271755806496322805e-02
-8.081846847722711225e-01
1.821336526053223270e-01
-5.172692441599844315e-01
0.000000000000000000e+00
1.681432074718971492e-01
-3.148678035538079456e-01
2.783241436630172760e-01
4.816586275643675030e-01
-4.280206567670941098e-01
0.000000000000000000e+00
2.979568307836433227e-02
-9.466658081832126648e-01
7.413805558197765766e-01
2.615450366508245139e-01
3.505270267437106124e-01
-2.141148813926829764e-01
7.046401526673786719e-01
4.065349065431569375e-01
-2.539462816605879691e-01
-1.747793602286080716e-01
2.476107224441361776e-01
0.000000000000000000e+00
2.624458237447706566e-01
4.983268745575395453e-01
0.000000000000000000e+00
7.415970139448408993e-01
6.215790859088008435e-01
-2.538169281534710109e-01
0.000000000000000000e+00
-1.569672763275604677e-01
0.000000000000000000e+00
-7.616768628369254834e-01
-6.821473446579162658e-01
0.000000000000000000e+00
3.024237786912711279e-01
0.000000000000000000e+00
-6.718128194935779618e-04
1.439700564936943206e-01
9.906086644550076148e-01
1.377904963867613297e-01
0.000000000000000000e+00
0.000000000000000000e+00
1.000000000000000000e+00
-9.427537559360035235e-01
-4.731347802765966115e-01
8.461251163358811667e-01
9.329932778369025570e-01
-1.046782389777425326e-01
5.745484755858285553e-01
-3.539310102044401773e-01
-8.814431620937273060e-01
0.000000000000000000e+00
0.000000000000000000e+00
0.000000000000000000e+00
-7.647308161645194335e-01
0.000000000000000000e+00
-1.482894880746554733e-02
4.472075942704341056e-01
1.000000000000000000e+00
6.883610597584635116e-01
7.256927356911644367e-01
2.776433872614629816e-01
-2.200797339544584563e-01
-1.997174846826554884e-01
-1.512369499348051871e-01
8.883905746805200732e-01
-3.088686789354597728e-01
0.000000000000000000e+00
5.835501441888366614e-01
0.000000000000000000e+00
-9.582140387826338923e-01
1.591287569367016985e-02
8.423285071501522836e-01
5.450400540276165717e-01
3.347875458226614587e-01
0.000000000000000000e+00
-9.638785030149288335e-01
-8.951960472840743144e-01
-1.982043158157822393e-01
2.117877955211862062e-01
-6.178667945456350896e-01
3.738811241186428269e-01
0.000000000000000000e+00
2.562407390042793498e-01
3.338193381829142048e-01
-3.273184429728337452e-01
1.270633975467314603e-01
3.045149412389323018e-01
-2.047194458484811186e-01
-8.379912135005214147e-01
3.503644320298815451e-01
-4.543514297117954293e-01
-1.584161461021174055e-01
-4.085151636606212389e-01
-8.758704928651961374e-02
-8.498105433898677230e-01
-7.535281816962711154e-01
4.639597120154357324e-01
2.081740899889725771e-01
-6.735630423673102385e-01
8.087262946576989631e-01
0.000000000000000000e+00
0.000000000000000000e+00
-1.917987067737991769e-01
-6.899213727549824426e-02
0.000000000000000000e+00
0.000000000000000000e+00
7.775179610179208112e-01
5.179934672827697373e-01
2.766465402567201970e-01
3.501104198537490220e-01
0.000000000000000000e+00
3.736841191852755539e-01
9.988637403396152248e-01
0.000000000000000000e+00
1.412453805530462514e-01
0.000000000000000000e+00
0.000000000000000000e+00
5.823974823865163408e-01
6.698177374098255310e-01
6.625822551544744421e-01
-1.633810009474843117e-01
4.282656006344676136e-01
-2.674751429608124287e-01
0.000000000000000000e+00
-8.118339997689107967e-01
3.503725641304105132e-01
-4.085847685433348087e-01
0.000000000000000000e+00
7.097178393348340109e-01
-5.138792912782299549e-01
-8.518821617821983327e-01
2.919824838797746569e-01
-6.475193510027277277e-02
-9.832755480717458862e-01
