4.254231337917426803e-01
8.495795783795625500e-01
6.582891560776753526e-01
2.543463305043063283e-01
7.271561391485734660e-01
7.192880570457322875e-01
6.650670768703736968e-03
-3.322754034769215270e-01
-5.272912676149132949e-01
6.341068139573275975e-01
1.053661748226499828e-01
-7.740028773834550790e-02
9.502072585637828528e-01
4.405755950550833688e-01
-9.832408664688823130e-01
4.218852684417266907e-01
-3.604929870830193561e-01
9.357577223310502568e-01
1.817260724848679398e-01
6.250273269945232357e-01
-2.313019291917683962e-01
6.962712930244130405e-01
-2.259472169112370921e-01
5.404835153752918231e-01
-5.356431951208096010e-02
5.539308207601534306e-01
-9.329991773286436807e-01
6.232211520899721968e-01
-9.516543910968169317e-01
4.884710604892132935e-01
-8.401812885682817811e-01
6.443500979222549496e-01
9.689820727549030011e-01
-5.655701267281798561e-01
2.036371519917217210e-01
-9.113365506639468094e-01
5.660725991041650751e-01
5.101678807674034921e-01
-3.591043540518299437e-01
-1.594987003368200096e-01
-1.947252654218356582e-02
-5.973820524327528858e-01
6.010322481734013955e-01
1.190269531431495942e-01
5.109324632361149643e-01
9.815370816658612885e-01
3.664704608655311446e-03
-7.942745966630315735e-02
-9.746445462623798406e-02
3.888012134431104716e-01
4.579912390458429350e-02
-5.465040129487563902e-03
-8.154296188852554472e-01
-3.561195879727809821e-01
2.705528372478556154e-01
9.496830510210050313e-01
3.114911002667337669e-01
5.373236197927022673e-02
-8.739601597137527378e-01
-6.443675731880236235e-01
8.300697139874442243e-01
-7.499085123500934813e-01
-5.224359603132833207e-01
-9.093652750969134502e-01
-3.652907586990927769e-02
-5.850453926004177685e-01
6.557281921359403576e-01
5.042704456577857819e-01
-8.448670115076957199e-01
7.869706959974316351e-01
8.198213066466919496e-01
-7.249607135201578956e-01
-9.398719286267862572e-01
9.431531479304522403e-01
7.054245621576946679e-01
-3.039743974315791686e-01
4.337859702236066539e-01
-1.978792724515749946e-01
8.769154557075697909e-01
3.584600503918937697e-01
4.902813636829121968e-01
-1.605803244273169561e-01
2.673354503341354160e-01
-5.845789733339734617e-02
1.947660244585702749e-02
-6.991863391136543537e-01
3.165201671041626419e-01
-3.790033156848735540e-01
-1.238892837459968366e-01
9.815788988298779216e-01
2.178504857436800446e-01
8.564387214177922036e-01
9.450514233960998212e-01
-1.035760874108633267e-01
-9.997139295529322567e-01
-2.504222186934308425e-01
-1.246101420456851017e-01
-9.047558271923774598e-01
8.539233812829283288e-01
3.973474990086200975e-02
9.873459890712341647e-01
-2.709877490650363097e-01
7.685599455903442401e-01
-9.312852517931968777e-02
5.505450003138849802e-01
-5.728801272907650954e-01
4.098182671674310829e-01
-8.114198018063447648e-01
-4.111968361246007841e-01
1.274779842050535184e-01
7.880327935968125530e-01
-4.091024605064152997e-01
-8.814452193979083194e-01
1.694790481858372555e-01
-7.035527210361951500e-01
4.126366438213053822e-01
-9.497077977284975603e-01
-1.308378697970551396e-01
9.879952057714693758e-01
-4.395757631546051147e-01
-7.405977775233449911e-01
-2.689399175270963394e-01
2.210037644949454094e-01
8.612585133343966248e-01
4.945132661549815900e-01
-4.869582891356689647e-01
8.173109643369647070e-01
-2.520178546055220625e-01
-1.108134053791440810e-01
-8.453766699161944231e-01
-2.255772337453882948e-01
3.365502423756734363e-01
2.990993240091479599e-01
3.269989583146493128e-01
-4.177572074017674719e-01
-2.445890048889980406e-01
-4.766707078983274393e-01
-8.998345903964075632e-01
-8.822719017360225457e-02
2.396305136169367689e-01
1.932720007983923516e-01
-3.982951732236104103e-01
-9.576388211606576828e-01
-1.322045450592319593e-01
8.258852629866095807e-01
-5.920482251550511776e-01
3.358506274775088229e-01
-9.575178235189552023e-01
1.825068025665270710e-01
-8.904907345396684271e-01
-4.805027521343707697e-01
-4.523109710997308408e-01
6.310264517339014834e-01
3.712270358946545556e-01
-9.231904044911893870e-01
4.966586049741084086e-01
-1.346406591168094469e-01
-2.871742009321034406e-01
-6.546815572129909278e-01
-9.516609780508447081e-01
5.932578340991201404e-01
-6.605650022489075734e-01
7.709842974194613952e-01
8.650603663582829839e-01
1.157012492314204444e-01
4.542130124049532647e-01
-8.772645511222016967e-01
8.857207122171282254e-01
-5.095887726782375449e-01
7.080603949821409060e-01
7.484475620115726979e-01
-9.522826659919976233e-01
7.515971611870244651e-01
-6.451332014558230910e-01
-1.049632908530642172e-01
6.424568489456317089e-02
5.497643254119146672e-01
7.047450995275723606e-01
7.712144534778804239e-01
6.761422723760583953e-01
8.703190623839562878e-01
-3.086135348318186367e-01
6.115842666017483609e-01
-7.627407576747158302e-02
-9.853275009781436999e-01
-2.202424010228856144e-01
-9.115347093692982572e-01
-6.831326314527264021e-01
3.664006201972471732e-01
5.073349841430951912e-01
-3.501790045320918310e-02
6.100676873842361125e-01
-7.815371487294919817e-02
-6.961194711833531557e-01
-7.632433086366960939e-01
-6.082191504512333147e-01
-5.579950043175352370e-02
4.874092126474451891e-01
-9.368317628936080332e-01
-1.693779873485392606e-01
4.827894332456541537e-01
-4.850039716843723703e-01
-5.243201175096721123e-01
-3.014503713601668355e-01
4.724400469351142107e-01
-6.628892781497559561e-01
-1.126346742160257985e-01
7.569851248445340630e-01
-5.655932510440979666e-01
-7.534248100613414323e-01
2.324182782335797448e-01
-9.863836854683150079e-01
4.402129568719992392e-02
7.032432873872573875e-01
-5.514791201665492082e-01
4.274675196792538934e-01
-3.772611634417761817e-01
-1.646204333405449916e-01
3.594035296885713660e-01
-9.681131841863599430e-01
9.516598465399968010e-01
-8.684872830108691932e-01
-1.608300281096572970e-01
3.692891616330953308e-01
2.716675866046145416e-01
-7.703717428496759112e-02
-5.673372993431347044e-01
3.798561361223613542e-01
4.369849106502623481e-01
7.010358311724818048e-01
-7.830568609665180535e-01
-2.653887406767800883e-01
-3.508919133046972672e-01
9.263352273529392722e-01
3.629605920546530307e-02
-4.750620196771233594e-01
-3.566938953960985259e-01
2.014011327214799696e-01
-2.368793801995785486e-01
-4.896641478630530120e-01
6.615206513668268062e-01
2.413528572650291970e-01
-1.661716479154788928e-01
9.941883558102466711e-01
7.926604784325823605e-01
-8.042318292866497131e-01
5.159463968554682811e-01
6.070194791568903625e-01
-1.937270834590094637e-01
2.229068454721705450e-01
3.726754540113705882e-01
-9.807911700017115653e-01
8.746065339547408612e-01
9.948613484985879829e-02
-1.485511876115559460e-01
-4.202171690871079335e-01
2.679739981081981082e-01
3.933880371653954988e-01
5.419539477614792045e-01
7.700522407884018428e-01
-8.640757946480588370e-01
7.038440731544313156e-01
-2.599675521833888503e-01
-5.907167067343399580e-02
8.680105422770305612e-01
