4.224302912472865934e-01
-5.802887287904423541e-01
-5.722031288136146809e-01
0.000000000000000000e+00
3.381250662955288533e-01
9.592131447292386870e-01
5.803373170224859212e-01
0.000000000000000000e+00
2.395604750510027525e-01
1.000000000000000000e+00
0.000000000000000000e+00
0.000000000000000000e+00
0.000000000000000000e+00
0.000000000000000000e+00
1.000000000000000000e+00
0.000000000000000000e+00
9.752012066395796541e-01
0.000000000000000000e+00
-1.692678058822738585e-01
-2.852372578962523164e-01
-1.737838419970236803e-01
1.231868387199908099e-03
8.087370482789886239e-01
-1.489467744735830657e-01
-5.073106052678566513e-01
9.229892688685223945e-01
0.000000000000000000e+00
-5.233123117994442630e-02
7.427971561892736663e-01
7.587522413808660549e-01
0.000000000000000000e+00
0.000000000000000000e+00
0.000000000000000000e+00
-3.116069597361248444e-01
0.000000000000000000e+00
1.642665363319348870e-01
-6.596657212434833273e-01
9.425858718948669779e-01
-9.435729114734856537e-01
0.000000000000000000e+00
-4.001365989232654741e-01
0.000000000000000000e+00
-5.508305864675715480e-01
-3.740751556831449776e-01
-1.622597110486883043e-01
9.381734956652689750e-01
0.000000000000000000e+00
-2.958487376375567024e-01
-2.090266830696578815e-01
0.000000000000000000e+00
-3.450850902948974230e-01
5.153279345281664980e-01
-8.439236824518574487e-01
-8.037680782936402757e-01
8.778985272374195681e-02
-6.968455817409580089e-01
0.000000000000000000e+00
0.000000000000000000e+00
6.384010913023243639e-01
1.311427380210961058e-01
0.000000000000000000e+00
-3.042086110143542577e-01
1.000000000000000000e+00
3.196893779154552639e-02
8.073285665799481148e-01
-9.734440816407776698e-01
6.277813611383316061e-01
-5.384215846214841505e-01
0.000000000000000000e+00
9.975107550174064919e-01
0.000000000000000000e+00
8.431578405116990638e-02
4.131576166086119439e-01
-7.751062135452451152e-01
-5.232414050768614544e-01
4.387452503763504819e-01
-9.413985848028512127e-01
0.000000000000000000e+00
-1.112407564818871375e-01
6.611584070296088189e-01
1.000000000000000000e+00
1.000000000000000000e+00
5.266521187756818545e-01
1.000000000000000000e+00
1.000000000000000000e+00
1.000000000000000000e+00
5.768673540488695739e-01
-4.641462250930166178e-01
7.482464546637528358e-01
9.788552765012885626e-01
2.456865185572383314e-01
8.290044841623052108e-01
-2.647796341961010658e-01
1.239744886398026491e-01
4.706212663182802736e-01
3.043161431568934816e-01
-9.741274021725756516e-01
-4.866739714679328976e-01
1.337697105654969132e-01
0.000000000000000000e+00
4.429910053874341891e-02
7.396700638847750753e-01
6.771208446144609816e-01
0.000000000000000000e+00
6.905921863379593795e-02
4.496705122477395733e-01
-4.360780601028397818e-01
-5.641493388400626863e-01
9.400553871284766938e-01
-1.804280180336701456e-01
-9.360785268126714520e-01
-8.785022705117651043e-01
1.000000000000000000e+00
1.066800465410033816e-01
-3.449571014292522886e-01
0.000000000000000000e+00
1.000000000000000000e+00
8.664355278534983107e-01
2.170614065488172262e-01
7.032422418080652715e-01
-5.726308059938078898e-02
-3.292466214948053249e-04
0.000000000000000000e+00
0.000000000000000000e+00
9.064090670527069626e-02
3.288016687697359330e-02
-9.696578212646309591e-01
-9.583392127266987526e-01
-3.475744925298562826e-01
-2.993956882012189791e-01
-6.352626951537128086e-01
-9.960769161991744891e-01
-4.358510433731437317e-01
0.000000000000000000e+00
-9.306703950382668733e-01
1.000000000000000000e+00
1.000000000000000000e+00
0.000000000000000000e+00
-2.916741027536602360e-01
0.000000000000000000e+00
-6.623526271774609064e-01
3.472598807475053562e-01
9.126302790643368024e-01
1.854893387498735002e-02
0.000000000000000000e+00
0.000000000000000000e+00
0.000000000000000000e+00
2.184066416492393969e-01
3.453320639489769750e-01
0.000000000000000000e+00
-7.397941136066898959e-01
-9.812668218243263407e-01
-5.610858331205235139e-01
-1.501335732566533299e-01
7.058814610722410343e-01
0.000000000000000000e+00
-7.062450651472607088e-01
4.755798107405562192e-03
5.054401057706583433e-01
1.000000000000000000e+00
-5.303000810548132993e-01
0.000000000000000000e+00
9.283133742127773758e-01
1.000000000000000000e+00
2.027144121507720165e-01
0.000000000000000000e+00
6.399358774980101749e-02
2.853058281047937683e-02
1.405697166992920799e-01
-9.743188604408459241e-02
-1.192653816120361476e-01
0.000000000000000000e+00
3.424969024663906403e-01
0.000000000000000000e+00
1.831013226851763154e-01
7.914021229788845702e-01
7.697596950466960575e-01
-5.202785817274437896e-01
-7.670686244222777450e-01
-8.219518294839167627e-01
0.000000000000000000e+00
-5.519137865188139536e-02
-9.834271907717579975e-01
-1.003208969548863294e-03
0.000000000000000000e+00
0.000000000000000000e+00
0.000000000000000000e+00
1.000000000000000000e+00
6.922246125039985820e-01
8.272154661411077470e-01
1.000000000000000000e+00
6.794864979169685792e-01
6.281396033515398436e-01
6.169342728530757825e-02
-3.150889227699804618e-01
2.498119527215434399e-01
3.187394890627885946e-01
-2.858263125434152840e-01
-1.186663489278974026e-01
3.273689780190143228e-01
-5.758423036186424149e-01
-7.453544588550553573e-01
-8.124323687998395993e-01
-3.079959914659959885e-01
0.000000000000000000e+00
2.364107650020250695e-01
-2.018904248251882638e-01
0.000000000000000000e+00
5.769021235925597679e-02
1.000000000000000000e+00
-6.589886898088277434e-01
-2.789579550606373637e-01
0.000000000000000000e+00
1.849803602362980470e-01
1.197673157195517923e-01
0.000000000000000000e+00
2.088986680533644336e-01
0.000000000000000000e+00
-5.120797830483854174e-01
1.988615345536346446e-01
-3.735367014452197765e-01
0.000000000000000000e+00
6.929867690220461451e-01
6.953004631242551969e-01
0.000000000000000000e+00
2.466762791704679714e-02
6.311149414437511318e-01
1.088152160313546890e-01
0.000000000000000000e+00
-9.321739002725595302e-01
1.347469780007715112e-01
-3.539467752970144598e-01
1.106963691476512412e-01
5.873985470220612903e-01
-6.147911884405796723e-01
-7.283303097119389058e-01
-9.418748009390893738e-01
-9.612807959687010850e-01
3.436113698439520192e-01
2.327986888364521612e-01
8.592698765326454158e-01
0.000000000000000000e+00
8.849189858374426620e-01
7.237584916745649632e-01
0.000000000000000000e+00
0.000000000000000000e+00
0.000000000000000000e+00
0.000000000000000000e+00
0.000000000000000000e+00
-3.349408990432443112e-01
8.754176243893065923e-01
0.000000000000000000e+00
-5.810090100961717852e-02
9.690182163292715423e-01
-8.113978045430143560e-01
-8.306290757956746873e-01
0.000000000000000000e+00
0.000000000000000000e+00
-2.980496148911404575e-02
-6.322466931998178552e-01
6.154062939260822596e-01
-8.929750727005032473e-01
5.282742708359073891e-01
-1.982768792909228583e-01
3.774506608812078223e-01
