-9.243392262794167813e-01
1.084228570060890018e-01
4.533065177020523251e-01
7.960623572438474405e-02
-5.598859663369202266e-01
-5.328283067536869755e-01
-9.374763789113171875e-01
1.177041724243677034e-01
7.252914448834697492e-01
9.070821650318099394e-01
1.703182555959101840e-01
-5.078432492243885044e-01
7.174111715006639134e-01
1.483306378701918504e-01
-6.374972883806617752e-02
-1.233492605270138931e-01
2.381868346038364948e-01
-6.694718623038524719e-01
-8.078271671113423924e-01
-6.996751192621486481e-01
6.007629845991095952e-01
2.307066875852783472e-01
-2.756017499007399341e-01
-7.566562316485971884e-01
2.954627774908373805e-01
5.858681674287784524e-01
-2.449666179050584702e-01
-9.720915642360858921e-01
4.920484437875991546e-01
-5.215935712008117342e-01
-2.292563963758365020e-01
-5.627508050628704517e-01
-4.406222327531490457e-01
-9.476682104474256629e-01
-8.515507804824462568e-01
-6.931954422179704700e-01
3.568994400413205703e-02
-1.831858329000726204e-01
1.671326789809601809e-01
-7.390794295855693807e-01
-9.170290706469086395e-01
-5.503384452402895199e-01
-7.461911599537227602e-01
7.042349939241123735e-01
0.000000000000000000e+00
9.652971088252557674e-01
8.584898593493293095e-01
-3.325785308302300347e-01
1.771663165625150249e-01
-4.262589003036414415e-01
9.262427124039886994e-01
-2.160564128440563003e-01
6.634422326837874362e-01
5.576713006592330935e-01
-6.589443623915096637e-01
1.106659508546459225e-01
6.639911623686245434e-01
-2.759634112867528355e-01
-5.617729856380582198e-02
8.900011409488566283e-01
4.820164663047250553e-01
-6.264081255913247492e-01
-5.122862659366729243e-01
1.814917600114804852e-01
-3.583227007474458770e-01
0.000000000000000000e+00
-1.452238343924083797e-01
-9.415067298881927282e-01
7.935706441380678822e-01
-8.727912102961756791e-01
-5.209347756744950875e-01
9.859387183077235051e-01
7.022081737907146515e-01
6.743701341120651449e-01
-9.023925163880208711e-01
-2.649746160052446342e-02
3.626910132641152362e-01
-4.636557059005954606e-01
-6.694592222938429149e-01
0.000000000000000000e+00
-5.704654210416300053e-01
3.042672027371011723e-01
5.295552134000567346e-01
5.173842070218499511e-01
-7.862080921787384380e-01
4.553187380674943441e-01
6.729606811540143063e-01
-5.258238823800429618e-01
7.755381114276647114e-01
0.000000000000000000e+00
1.979387997379058461e-01
2.416152928911445841e-01
6.937129976829621292e-01
-7.005659217783308801e-01
-4.220975440169272286e-01
6.628961914615327800e-02
-2.029415503455851422e-01
9.658526781268683692e-02
-4.745153738494940487e-01
7.765304552700471596e-01
-4.665852596252768603e-01
9.893050543048322876e-01
3.247574116378835196e-01
0.000000000000000000e+00
-2.502490282810150291e-01
0.000000000000000000e+00
2.601489408010579929e-01
0.000000000000000000e+00
-5.238229293181018154e-01
-3.930316441538241889e-01
2.415798062106071509e-01
-5.128170525497668386e-01
8.442492847370852704e-01
-5.536530381277218194e-01
-6.475603037719883659e-01
9.328951425875244841e-01
3.244850774182950204e-02
8.185497949276774321e-01
9.234582259253258929e-01
2.243533313596406398e-01
-8.020522701314081182e-01
0.000000000000000000e+00
-7.279001910042401935e-01
4.782807758613363269e-01
7.921063988460674832e-01
9.056669250632054524e-01
-5.967607871841891232e-01
0.000000000000000000e+00
3.202571939377349963e-01
6.513475228272675999e-01
-5.126490048645078179e-01
-2.740533869317014481e-01
8.999357311645541646e-01
6.655468080130089170e-01
-5.032735449010798945e-01
-5.593134044545517991e-01
-5.868598882286051310e-01
0.000000000000000000e+00
0.000000000000000000e+00
-3.178875555806301989e-01
7.906984823622098535e-01
-6.982423007809372972e-01
-8.129183791960430394e-01
-6.767740639401098601e-01
0.000000000000000000e+00
-1.621210411872531232e-01
0.000000000000000000e+00
-6.595721629707076428e-01
3.781805081293088122e-02
-1.537877300731824715e-01
7.587523312896908845e-01
-7.994991211786159901e-01
9.718152154308696833e-01
-6.953167570040006407e-01
7.700865336124183003e-01
9.973339011988642255e-01
-3.666722989946431532e-01
-8.874999904596994060e-01
3.667884151877656151e-01
-2.791975369274461993e-01
1.016683357693439760e-01
-9.358060404126462561e-01
-8.941694450034762820e-01
9.870706342039456960e-01
7.584629953746711006e-01
0.000000000000000000e+00
7.852394490668046512e-01
-9.214553854124973853e-02
2.514386370688035388e-01
6.809558768265642215e-01
-8.867746858079408323e-01
-9.271416091381934343e-01
-2.055808818640405544e-01
4.407589292530975644e-01
-6.627977050682105631e-01
9.898444970645337015e-01
4.454485929891216500e-01
0.000000000000000000e+00
1.612908078338863849e-01
0.000000000000000000e+00
-2.186325159981605815e-01
-5.212033420024322350e-01
-8.879981582273628327e-01
0.000000000000000000e+00
7.970227777765528376e-01
-4.853631236688249473e-01
4.538216334262055174e-01
1.598956479962703181e-01
3.777643811186590650e-01
-4.104470118237137921e-01
-3.448208000721979527e-01
4.095348242480969514e-01
-2.880366506095035639e-01
1.354493966420537987e-01
2.193256779769328091e-01
6.239166107848537202e-01
1.970140234363944032e-01
-9.937006020287690866e-01
-1.440437785279913285e-03
-3.055592088336072099e-01
1.056979090055862880e-01
7.164894990559325105e-01
4.522270230344382913e-01
6.210024490777483752e-01
7.261624104372543798e-02
1.087080876417432229e-01
6.093512019028639592e-01
-6.551592725114967486e-01
7.620367691029967805e-01
0.000000000000000000e+00
1.780298373895399244e-01
5.834168169526521286e-01
8.084196297340571213e-01
7.026832903753823523e-01
5.377640280750379809e-01
5.174099775974758675e-01
-6.292439019619149310e-01
5.010400457711148281e-01
9.631676834394233833e-01
-9.861815191280840498e-01
7.198654580736809638e-01
0.000000000000000000e+00
6.822033609114441788e-02
6.945851051550340216e-01
7.054373356279459717e-01
8.485666236911373339e-01
4.413559334069696583e-01
9.371844081330336085e-01
-7.597829452246660509e-01
-3.569411379762124081e-01
-1.079861958013172973e-01
-5.821464902014577003e-01
-9.894350086310501613e-01
2.103394308442179117e-01
-2.334170492485090342e-01
-6.147374004070762510e-01
-2.113532100630943766e-02
1.039662234039053779e-01
-1.933525361620154204e-01
7.758474414446550060e-01
-8.275911541212366274e-02
-6.608653690002030956e-02
-6.466695300145395287e-01
-5.837740869296379476e-01
-7.600097458550763019e-01
-3.364478252661327051e-01
1.672250886530364244e-01
6.259000189510803835e-01
-6.509051851585812010e-02
-8.273092558516761397e-01
-5.062643298339457587e-01
4.873598753799117667e-01
6.679489210976208291e-01
6.168998384607236041e-01
-3.633166034055845817e-01
-9.463709880611210767e-01
-2.404661570228932010e-01
8.147263900493200151e-01
5.528003362638278517e-02
9.389764945446410493e-03
-4.485124238731936774e-01
-9.771533203415543323e-01
-3.351716929080348351e-01
9.943963080366828855e-01
9.717415674904219536e-01
