0.000000000000000000e+00
4.293804731952755027e-01
-5.652459664607425438e-01
-2.665825319727834763e-01
8.015019787017976238e-01
-2.508442688870033965e-01
0.000000000000000000e+00
-4.841223977432158598e-01
6.922417263759903516e-01
0.000000000000000000e+00
0.000000000000000000e+00
-4.094226310833530835e-01
0.000000000000000000e+00
0.000000000000000000e+00
-2.602879154075683488e-01
3.192441947217841136e-01
2.338856638040698321e-01
2.759958863031488630e-01
-5.546757505500066188e-01
-4.668865495186609316e-01
1.046740442932203585e-01
-3.166132363473170841e-01
8.067833095833953916e-01
-8.599483704819728125e-01
5.159729940936930159e-01
3.867196308691571716e-01
-3.484745738868899601e-02
3.693769755900269125e-01
1.322652995406072840e-01
-6.652600566305062468e-01
7.238801544395907506e-01
-6.817661043745051330e-01
7.905059811780466017e-01
1.543350918822341544e-01
-8.359490123624324642e-01
7.195936250530641232e-01
-7.985672736075577482e-01
4.280805048405995628e-01
0.000000000000000000e+00
-7.200433968229629222e-01
-8.373189038776223114e-01
-6.023482896516776375e-01
0.000000000000000000e+00
0.000000000000000000e+00
-6.766694745787582566e-01
6.545174240016513600e-01
-1.167732710772928506e-02
-1.939195518134764207e-01
-1.715822262882553684e-01
0.000000000000000000e+00
-2.513128478008008759e-01
0.000000000000000000e+00
8.165674785880303599e-01
-3.820137659023012944e-01
3.181518098789075655e-01
0.000000000000000000e+00
-2.327775319837297463e-01
6.262823795853658115e-01
-7.443630333063280258e-01
0.000000000000000000e+00
5.284801312173164067e-01
0.000000000000000000e+00
-4.771800388854527952e-01
8.428398943118269315e-01
0.000000000000000000e+00
-7.320547156296475233e-01
-6.863460781039243397e-01
-6.866038299206744799e-01
0.000000000000000000e+00
6.034381896559430913e-01
-2.797662093832256058e-01
3.768627367089418811e-01
6.087193901899821125e-01
-7.937622183786434693e-01
-9.962679815505988135e-01
2.432379605593304461e-02
0.000000000000000000e+00
-5.198805177712781944e-01
5.632225469134186646e-01
-4.300665142435464716e-01
-6.903485281897392412e-02
6.221930438889762272e-01
5.831754471286636488e-01
1.842275630227110383e-01
0.000000000000000000e+00
4.124007409412511205e-01
7.036684455936255134e-01
-5.649859134522772219e-01
-8.067512352246191121e-01
-9.073525494262395519e-01
6.446411385127732707e-01
0.000000000000000000e+00
5.067373581736203114e-01
7.733531471337413699e-01
0.000000000000000000e+00
1.000000000000000000e+00
0.000000000000000000e+00
-4.438954351014019473e-01
-7.680414001913866695e-01
-1.306457679625778745e-01
-7.115602333478876496e-02
-7.605652426079314576e-01
0.000000000000000000e+00
3.032521268730183905e-01
2.444333568142325053e-01
0.000000000000000000e+00
7.779656649458996931e-01
0.000000000000000000e+00
-9.150735165180610142e-01
8.355632750475203707e-01
-4.341061522448894650e-01
5.138500385698649975e-01
0.000000000000000000e+00
-5.531134077809882754e-01
-8.829227395506864529e-01
0.000000000000000000e+00
-6.628385411064607879e-02
0.000000000000000000e+00
4.696266561450703758e-01
0.000000000000000000e+00
6.864386624387324165e-01
-8.000024252021287197e-03
-6.180288604925903151e-01
6.484156674765340078e-01
9.910433886935818837e-01
-7.543270120124789813e-02
-2.539556515343026621e-01
3.485665616979150006e-01
5.208162685819210935e-01
-5.721335191138052778e-01
-8.294248832756756507e-01
0.000000000000000000e+00
-1.785823553536061148e-01
-8.979692810739463571e-01
5.759724376125510137e-01
6.758710672045129542e-01
-3.492384797401641983e-01
1.829758705404676000e-01
-8.738850742096571089e-01
0.000000000000000000e+00
9.619524872856486386e-01
-1.898503352742921813e-01
0.000000000000000000e+00
-2.102951137173776353e-01
-4.118930372791664851e-01
0.000000000000000000e+00
3.944083685871602185e-02
-5.870759190053633780e-01
5.602489997947510680e-01
7.418667251756865255e-01
0.000000000000000000e+00
-7.251007505285016475e-01
0.000000000000000000e+00
6.052026921088318190e-01
3.111488313586641130e-01
-3.683670942128731696e-01
9.494480558021922700e-01
6.912739863217440828e-01
2.128038132899396917e-01
0.000000000000000000e+00
4.455578793332903853e-01
9.469778294905717431e-02
-1.686136577530785718e-01
-4.623248615905577452e-01
8.175826936687571322e-01
-5.780508997564144380e-01
-5.501583965009668731e-01
8.749430172294081487e-01
5.854035354598039476e-01
5.134938987211268291e-01
-8.953139804951582015e-01
0.000000000000000000e+00
9.705150709593508562e-01
9.005117367061175049e-01
0.000000000000000000e+00
-2.250833634686566498e-02
0.000000000000000000e+00
6.172663171967536222e-01
0.000000000000000000e+00
-2.638774295585564200e-01
2.998128157120081294e-01
4.875394626881019988e-01
1.656896135511540802e-01
-2.972919630923838152e-01
2.530419751374588522e-01
4.289848165066900698e-01
-8.560551044462401116e-01
-9.703343391346386237e-01
0.000000000000000000e+00
9.687799420358562674e-01
-5.093646092351176158e-01
8.147020183516582303e-01
-3.936442819069743138e-01
-3.827154991482906166e-01
3.033122476971144010e-01
-1.474383085611963295e-02
-2.232183814252202136e-01
-7.203054991836004284e-01
-2.389985217485701696e-02
3.051242027107026189e-02
-3.954615830054106773e-01
-4.488244133479923903e-01
7.239748861575547867e-01
7.060595672534633049e-01
-2.770196879373161281e-01
6.284725120023049172e-01
-5.946886544592122625e-02
4.366596361447534491e-01
-9.479661371518788293e-02
-5.982959923553465842e-01
0.000000000000000000e+00
-8.402709894063595808e-01
8.642765769425797551e-01
8.963325396601398154e-01
0.000000000000000000e+00
-8.955421269671741680e-01
3.092159569999886060e-02
-7.266571615243677673e-01
2.726881530040154988e-01
-7.930209758202064751e-01
8.206112061216752629e-01
2.736489093284695251e-01
7.707386524036492492e-01
-2.915811147563835970e-01
-8.669674913393399240e-01
-9.769799724554517617e-01
1.013597844124491942e-01
-9.532592074432959528e-01
7.388867029978061218e-01
4.856392433450373858e-03
1.113400961633770336e-02
6.302445116558843541e-01
-1.598503024983006782e-01
5.656369016777684777e-03
0.000000000000000000e+00
0.000000000000000000e+00
-2.502736583690969852e-01
-9.974518398629421689e-01
9.503979307701351242e-01
-4.368337024525525969e-01
-6.273076972673097274e-02
-5.232681648133836738e-01
9.695684541877755969e-01
0.000000000000000000e+00
1.827757341211921904e-02
-2.258048598725803657e-01
8.674292808993611104e-01
4.673346725076177322e-01
-2.289911689712313958e-01
7.532072248046404184e-01
9.266036501899788114e-02
4.526131750181963120e-01
4.091515004466992345e-01
-5.689666275145510710e-02
-2.586315831268537480e-01
0.000000000000000000e+00
1.000000000000000000e+00
8.300715414088259969e-01
-4.332338726476359092e-01
-6.284914392186540244e-01
-8.275586132826326935e-01
2.868219393292450459e-01
-2.648636147635115012e-01
0.000000000000000000e+00
-3.476301984419543079e-01
