2.209617863010913119e-01
-1.510765900304906761e-01
6.225195677078998457e-01
-8.911999755063555462e-01
3.671621209297353250e-01
1.049844441852503252e-01
-5.863896676661621843e-01
8.367130493272052494e-01
7.099606969686909075e-01
-1.599079717853784111e-01
2.987860737401983879e-01
-6.776082960097937757e-01
-2.135320322105089819e-01
1.507584775087704720e-01
4.795129580769570410e-01
-9.115313622787544201e-01
-5.535601478307548007e-01
8.647461486684104859e-01
-6.351830630063421967e-01
5.251501689726758570e-01
8.608100690307936009e-01
-1.073892928834883076e-01
-9.168988197346188418e-01
-1.127672019022893934e-01
2.951212546772885581e-02
5.932630799496922958e-01
-7.651174550543093922e-02
1.785383130798368079e-02
2.160602630754528963e-01
4.099243695754952732e-01
5.183984293773682417e-01
6.309647628156092036e-01
4.993318106513773280e-01
2.621137934388593216e-01
5.201566856828050422e-01
4.122201094402133670e-02
-9.587520430216556200e-02
6.260624703791848322e-01
-5.475350954463495956e-01
-4.811200411864142712e-01
7.497552837799179581e-01
3.770815447660853525e-01
-2.095044900771332319e-01
-9.080637914036815417e-02
-2.797342493763772531e-01
6.272166742663998207e-02
-4.674424988138956572e-01
9.688832725981715299e-01
6.912341573469868994e-01
-2.734871138948857805e-01
-7.713443968125106576e-01
-6.557354093043448184e-01
-4.953021281625387129e-01
8.727765516168639603e-01
-2.275922359003563766e-01
-6.174339812040818831e-01
-6.371166691743832544e-01
8.486685653935710505e-02
6.733089746828133659e-01
2.927793037748964711e-01
-8.058630978853176252e-02
1.394488412845893421e-01
-2.819264169616464422e-02
-1.507292715677033268e-01
9.667160637893601471e-01
-2.735394087384406259e-01
6.296034470751434853e-01
5.869766201923056759e-01
1.467182057049765120e-03
2.945189105853600608e-01
5.268132488265697688e-02
-6.188004660871788687e-01
3.616196166780674126e-01
-3.382126803587541808e-01
-2.053923002243747131e-01
5.974779262805955948e-01
3.825542358688247546e-01
-1.452691509632271227e-01
7.597884409890920399e-01
-2.182304992282775302e-01
1.938205702464292912e-01
8.463175188446268038e-01
-1.438352140771121945e-01
2.152608143091716553e-01
-3.031404848893082260e-01
9.360405086255707552e-01
-4.110713721316816560e-02
3.262090978849689904e-01
5.260795884314137805e-01
-6.467274932145679056e-01
-4.271887111819725469e-01
-7.648962841184243633e-01
4.371349690506614039e-01
-8.204486373584050085e-01
5.858130661438469833e-01
6.285575360746111784e-01
-6.472113491102662319e-01
8.145479643584405682e-01
-4.083976065389949284e-02
-2.445491903799212885e-01
-9.967241479795334591e-01
-5.366200003023913201e-01
-6.035978548613554207e-01
9.416287567657608548e-01
-9.694659118055024560e-01
-3.939329954037937842e-01
-4.657319965378019511e-01
1.284154957894672044e-01
-5.594667583625427820e-01
8.024433380742321820e-01
5.463523347248522288e-01
-1.612848589538153909e-01
-9.157395399650629653e-01
-4.374878911310753349e-01
3.204621384554067198e-01
-3.170078204890232065e-01
2.937535612640651550e-01
-8.122413852500429687e-01
-7.510894305653301739e-01
-3.173953034131105078e-02
-5.896740255106494022e-01
7.804440198180204735e-01
-3.198548455702550086e-01
-1.067898044668558200e-03
7.954052110658746955e-01
5.725481098565328164e-01
7.298138173201709211e-01
-4.621914898491148449e-01
8.311996268694432644e-02
-3.540283997333744104e-01
7.256017742358595868e-01
7.326376621723100779e-01
-1.631120360968698613e-01
6.003325978443430078e-01
-1.915463948713524989e-01
-5.193691199213701370e-01
-9.915785278196176389e-01
-8.453644540066524993e-01
-4.377127518318864041e-01
-2.653713181050363357e-01
7.713484229706413231e-01
3.526070062709254493e-01
2.449557477758550483e-01
-6.800952835604139324e-01
4.438694714339848080e-01
5.705257912485186544e-01
3.078352413578451241e-01
-3.022996959209927059e-01
-8.093547327791930091e-01
-5.443142698185821082e-02
-1.009820262108296340e-01
6.779390071874040746e-01
1.371921223185679217e-02
-1.852733062033009581e-01
-3.525546318674523949e-01
3.453816421571020978e-01
4.153893857429467040e-01
7.064099068928491043e-01
-4.235560824351569664e-01
8.062399983543786508e-01
-7.022095657127840340e-01
-7.059589539611328401e-01
1.317042956968199618e-01
-6.247823248891772874e-01
5.750270010157609857e-01
-1.417071740254647327e-01
-1.592511608623741193e-01
7.537581889209394870e-01
5.413920330975439121e-01
2.288607657394092776e-02
-8.787349156233583702e-01
-2.287676926726576188e-01
-2.079784819480410274e-01
1.364424427011257102e-01
7.291459967615561144e-01
3.534679372377835804e-01
8.752833018403853860e-01
3.358869999970963693e-01
3.336526192728987983e-01
5.549572175263750573e-02
-7.322601645410971027e-01
8.393634783462817772e-01
5.189181264718432107e-01
1.460486716353015524e-01
2.766931909857386351e-01
6.700612050400935882e-01
-9.714047792163211792e-01
3.676255143803648373e-01
-8.269185945576396080e-01
-5.306764964434906862e-01
-7.175977816801424325e-01
-3.987298889983590389e-01
4.965300080976822183e-01
-6.850604621981337683e-01
-8.841346156081246743e-01
1.004989728238103730e-01
6.194052903793367815e-01
-2.075363792364723903e-01
1.211023504514461280e-01
2.209710818894443651e-01
6.725926337209275907e-01
9.032417699540840061e-02
-7.074598207400568661e-01
2.022209264577004006e-01
9.770147673021642998e-01
-7.393614522394338362e-01
-6.558366598016793780e-01
2.802780519749026311e-01
-9.942353074320442463e-01
-5.761275681858808451e-01
-2.937677705487409252e-01
7.066329152647088385e-01
3.058440935104922431e-02
8.765705522122488880e-01
-2.909060949825850173e-01
3.770352701431356479e-01
4.761093245422181042e-01
-5.801320015962705412e-01
-6.478785894446261739e-01
8.054624587766632260e-01
-1.106736095165110623e-01
4.622238648162975139e-01
-2.213641337292258093e-01
-1.422127476609107433e-01
4.315923557336605043e-01
4.327441565464025253e-01
-8.593751612155644537e-01
6.042707187946692038e-01
6.468205024784308144e-01
-1.886392868330832862e-01
-8.271866839211887701e-01
-1.237720059008236007e-01
-6.274659385101410969e-01
2.535166649199815936e-01
5.724674820178041745e-01
-6.715285711443952366e-01
1.667387109028131142e-01
5.183152589472028726e-01
-7.487433216405636749e-02
-6.153736321580784985e-01
-3.147358336908565590e-01
-7.425151101667744058e-01
-2.686580942390353055e-01
-6.973789644849823777e-01
-7.919570518499905454e-01
-8.386308237336392857e-01
3.411534806852043467e-01
-4.644555762411739508e-01
-8.328338617931572152e-01
-4.837358355406780053e-01
-8.847659729528087880e-01
4.529681227157689172e-02
-5.304620684543071008e-03
4.026893232628767638e-01
3.098854713797627447e-01
-4.800216465605542382e-01
-5.507968534409235506e-01
-6.890250568097480155e-01
3.839201926439916868e-01
2.226819693514416887e-01
4.777276067238866997e-01
4.775411462527845430e-02
3.986090168575948667e-01
5.324380600644373907e-02
4.031248099839757071e-01
