-8.428739316198332610e-01
-1.741068529413447585e-01
-8.007756648179804593e-01
-2.935300364703474774e-01
-4.140762402278763687e-02
-4.867195676359670209e-02
-3.850738011761183355e-01
2.039696019142638317e-01
7.198861957565161340e-01
-8.683817804323794576e-01
-5.634902032271726924e-01
1.724275973468576417e-01
6.501228134512775370e-01
7.821976079170369633e-01
-6.048952208328619573e-01
-1.214598789667187262e-02
6.043762951420272866e-01
-7.314153491855575062e-01
4.003040944690141600e-01
-8.036948912061747663e-01
6.931042816460355471e-01
-9.880758222328358542e-01
-2.357973415921037486e-01
1.890048786286031568e-01
-4.808556717004988101e-01
8.894687038065027807e-01
6.346328053761463028e-01
9.272800097165001532e-01
-1.930079804574300617e-01
-8.855209293253663017e-01
1.736718196618862731e-01
-6.208642626807536757e-03
1.440853690095862394e-01
-5.331551474907592070e-01
-1.046323965757405272e-01
-3.349755131654066354e-01
-4.423940935669417041e-01
-3.118775247198608547e-01
-8.841924565347780707e-02
-7.868663715897104005e-01
-7.407580140647427314e-01
-1.507445481055096348e-01
-7.093515204171430000e-02
6.851919339461263192e-01
-8.193994672884632458e-01
-3.226525537299493873e-01
-9.681472858598771936e-01
2.431295946241447403e-01
-1.883638523308219792e-01
6.723464327510679794e-01
9.226469876342491272e-01
9.528615586349789002e-01
9.870121046201394410e-01
5.796951617670245138e-01
-3.873737320835894948e-01
-6.474037534015462114e-01
2.475036075109586786e-01
9.163757917741133241e-02
3.490300371509851285e-01
-8.129523966673166679e-01
-6.144179101473441484e-01
8.420342474265476440e-01
2.027790751268174763e-01
3.907349401268869205e-01
-8.087095965508603879e-01
-2.016554581401455160e-01
8.201865152355680699e-01
2.986599928025979178e-01
9.833076579105188841e-01
-6.062135083378112910e-01
-9.039991792140944504e-02
6.010898997475457861e-01
-1.106467335979131050e-01
5.778288252432512984e-01
1.233589755594550752e-01
-7.639253993676267118e-01
-8.022681046559025919e-01
9.659915661383553509e-01
-7.613615101460449175e-01
-6.117855131461291673e-01
-3.295735394604595303e-01
4.269195048532450354e-01
7.081779264192462620e-01
-4.862698826257028095e-02
-3.704747384317030878e-03
5.768744723801872976e-01
-4.439968934599267669e-01
-2.551991197249237064e-01
2.254426552393307137e-01
2.724495171112566450e-01
-9.238478116012924790e-01
-7.759601997521134997e-01
-7.241379946872610329e-01
4.502565802076787804e-01
3.858407660970002429e-01
9.463088934002448216e-01
5.350824151125912476e-01
-4.904919044710045473e-01
5.309986439591507512e-01
9.700652281921511300e-01
-3.026108855390623464e-01
-9.776269332054874361e-01
-2.496195199685153909e-01
-4.349600755297780008e-01
-6.477733702490042766e-01
-9.098166952707711364e-01
-7.502944980983945467e-01
7.303807826913202295e-01
-9.000237595533355783e-01
2.279017550774775636e-01
-5.869861276608387968e-01
-6.133692719539360905e-01
7.288729943496434771e-01
6.823747515020559540e-01
1.645591273253976805e-01
5.524510873603465377e-01
-2.119706226976036945e-02
-9.727101379195040032e-01
-5.898034612004066091e-02
9.518952154780730979e-01
-3.569379951270514884e-01
1.318814735337772159e-01
9.707918654022580363e-01
-5.320771439729881092e-01
-8.566161374476148893e-01
3.224339989444053867e-01
-7.530415725315786624e-01
5.662354580589568087e-01
4.896936594180336666e-01
8.855077518925937863e-01
3.802558687227153289e-01
1.594878848285508077e-01
-6.676557504831615031e-01
7.062619577059645604e-01
-7.623787264133508046e-01
-2.573903371952535046e-01
-4.379052287389950671e-01
-8.967130489084857992e-01
-3.310596593267374210e-01
-5.335254237422772938e-01
-8.850180439410657574e-01
-3.065609972563869690e-01
2.012956312859988106e-01
7.009514032768675573e-01
2.635742146729689317e-01
-2.124275572709817261e-01
9.827402865444285762e-01
-8.932393627888868259e-01
7.661915090813422591e-01
7.249580276516867094e-01
8.500878887546774454e-01
1.842571334900109381e-01
-7.014679638596321709e-01
-6.050581742465339641e-01
6.588939656320591531e-01
6.607612311431250163e-01
-3.051496558169282114e-01
4.722717593997090013e-01
1.319948464580829040e-01
2.576629331156996550e-01
-2.126701875520786711e-01
9.622448302841843937e-01
9.893875763841286641e-01
1.380102388492707721e-01
-7.076880116319661518e-01
7.302974654299536628e-01
9.083029597323619697e-01
-1.255208760159123305e-01
-2.313793389101532760e-01
-7.198336614403710865e-01
-4.015608925115925487e-01
-7.774601430898508969e-01
-6.659940019583385773e-01
-3.805108881675822730e-01
-9.345976271263465307e-01
3.749721409974042796e-01
7.891350694926113629e-01
-7.465718135942156497e-01
5.688486088140387587e-01
-5.884963962925431336e-01
8.508240834390878859e-01
-5.389447214479159420e-02
-6.720445625863540329e-01
2.332164726879280003e-01
4.934296005726377388e-01
-7.377739796299405128e-01
5.580298434000801056e-01
9.318530957075472632e-01
-3.139154816755072019e-01
2.349467749158451468e-01
6.921442475684260742e-01
2.204830586608981235e-01
-3.538315107110114877e-01
-2.236117891197502150e-01
1.422556074390510794e-01
-1.467904515152054223e-01
9.159147291178639794e-01
2.510170804538931488e-01
7.035707381602265276e-01
-9.563968479378504028e-01
5.181483200493748331e-01
-6.483570778022329506e-01
4.978329029694528174e-04
7.269382938021211604e-01
-7.842041316880978830e-01
-2.342369277470137678e-01
-3.319136894825411854e-01
-7.949903772267203905e-01
-6.591183550030184080e-01
-3.140998006607003123e-01
-9.538974363969294767e-01
-9.209334583595993884e-01
-1.542309591744293051e-01
4.655332567317889136e-01
4.533157533266283234e-01
-1.960683709733073155e-01
-4.156199300246412598e-01
2.996002290115207245e-03
-8.049527787488484076e-01
-4.604543062368495754e-01
-4.116223373531049390e-01
-9.707973061025729766e-01
6.099091553160678192e-01
3.607676177524716810e-01
6.110451400863179394e-01
-6.944708026303043624e-01
3.679898644924322060e-01
-1.096370196703049249e-01
9.428941810311957106e-01
4.878945788801563044e-01
1.333245130742075624e-01
-6.397956186958029257e-01
-1.597518090833978111e-01
2.176209333218033226e-01
-7.766615071911495694e-01
8.393085320138180538e-01
-1.815426344283850302e-01
-2.846924987387877692e-01
4.462500017434818389e-01
9.186392689776938791e-01
3.053859454298455400e-01
7.903096747432458713e-01
3.069695232260261086e-01
9.905110886658139435e-01
-1.081252090531088506e-01
-8.972510212049216172e-01
-3.209586605867214004e-01
8.496357290307443577e-01
-3.805069278223753848e-01
5.602675704091739650e-01
-9.081845215804329463e-02
-1.463857519450773026e-01
-8.709348412855244526e-02
-5.878793964003306005e-01
-2.251662598090649059e-01
3.889126823507720321e-01
-3.706414035679956864e-01
-3.283277333640968187e-01
-3.007236037830958164e-01
-1.536250655095650064e-01
-7.641541934235984712e-02
3.425254363319851780e-01
-8.482981752774827466e-01
-8.997785385451038120e-01
-6.958276015116129365e-01
