-8.171875234819607758e-01
-2.141219163266809833e-01
-4.059863848038847145e-01
9.274944034672258919e-01
-3.822630070110279998e-01
-5.229053338101414816e-01
-2.381650656199891802e-01
5.312548159487600063e-01
0.000000000000000000e+00
0.000000000000000000e+00
-3.004471388917318020e-01
7.145931638321156854e-01
9.698693630069012972e-01
-7.197781941794154648e-01
2.012944811732957362e-01
6.568813890765001773e-02
5.820856461492143197e-01
1.130362100057924479e-02
-9.209766943507193826e-01
0.000000000000000000e+00
0.000000000000000000e+00
4.335030553653360652e-01
-8.154960832985369557e-01
9.518538085018619643e-01
-6.425627856930826720e-01
5.134804531745038592e-01
0.000000000000000000e+00
3.071511923729646210e-01
-1.892323653067551348e-01
7.744422275662572464e-01
-2.665134519934377888e-01
8.486703466619416325e-01
-9.675997782033385342e-02
-2.921376039620187104e-01
0.000000000000000000e+00
0.000000000000000000e+00
6.094426529891705524e-01
0.000000000000000000e+00
1.888616535252580775e-01
0.000000000000000000e+00
4.501274050555501560e-01
3.431157429016487015e-01
9.487753529416182996e-01
-8.510740162711167844e-01
-1.434418750277441923e-01
2.976118511773848674e-01
-2.717876359285378296e-01
1.000000000000000000e+00
-2.301473674536218539e-01
0.000000000000000000e+00
1.979818655893215151e-01
7.966032656588026839e-01
7.758957648953039854e-01
-1.638139282168378230e-01
-1.998327810101840907e-01
-7.612842546027167590e-01
0.000000000000000000e+00
1.000000000000000000e+00
8.839344800140729319e-01
7.658596121421534786e-01
-8.714872497529255746e-01
-7.849640069848298207e-01
0.000000000000000000e+00
4.815946831685298246e-01
-1.356718910673126999e-02
-5.595765865641433301e-01
0.000000000000000000e+00
-5.727803058317899598e-01
1.051124994541232649e-01
3.451740897313970713e-01
-7.676112760376614386e-01
9.670040721068704492e-01
2.687272683992469879e-02
0.000000000000000000e+00
-5.591226428958886441e-01
3.179890161551095495e-01
9.240127599465552954e-01
0.000000000000000000e+00
3.869722524375651673e-01
0.000000000000000000e+00
7.028932892412791400e-01
-8.212788666191654929e-01
0.000000000000000000e+00
-9.802653170431510077e-01
7.112968631503224781e-01
8.852832870132849585e-01
1.067959122763926239e-01
9.977150358954456344e-01
8.054909375294820872e-01
-2.100122154689281206e-01
1.643030817157240531e-01
-3.568487370729203079e-01
5.189640257602823326e-01
7.083065636931882292e-01
1.000000000000000000e+00
-1.543993616400762825e-02
1.351855205258025716e-01
0.000000000000000000e+00
-1.094654492469857576e-01
6.475435466897616621e-02
-2.287320253684501647e-01
-1.803637595349303346e-01
-6.592391319955872575e-01
8.911489192568453621e-01
-1.899204026616587715e-01
3.233918619924833759e-01
-2.626735786995342270e-01
-5.960231724729114777e-01
8.583565026351664962e-01
3.146172556788315866e-01
6.691707564489723925e-01
1.364500677175306542e-01
-5.695269530575557404e-01
0.000000000000000000e+00
7.135906699698917333e-01
0.000000000000000000e+00
0.000000000000000000e+00
-1.484668614097794936e-02
-3.178213015333026803e-01
-1.985246181243709440e-01
7.118742624247207385e-01
8.693312856916377562e-01
-3.405415857291680393e-01
0.000000000000000000e+00
-3.093067142034693351e-01
2.141602260441204386e-01
-3.718834161651456416e-01
7.749050483780666188e-01
-9.083019541634085314e-01
-3.849169094833859717e-02
0.000000000000000000e+00
4.913604398384294747e-01
-7.877352138273152615e-01
-8.126659778060734141e-01
0.000000000000000000e+00
0.000000000000000000e+00
0.000000000000000000e+00
1.240869185228254956e-01
0.000000000000000000e+00
4.795479735694885282e-01
9.376896656578603828e-01
-7.615444306487733073e-01
8.093905342094571687e-01
7.419692288813983794e-02
4.289762145215014755e-01
1.000000000000000000e+00
0.000000000000000000e+00
7.488032405377000877e-01
4.689194252421087228e-01
8.470902528175157098e-01
1.535084678384603940e-01
0.000000000000000000e+00
8.310594358089657963e-01
2.945490103415093763e-01
-2.878001556041585030e-01
1.931671444418416872e-01
5.632486624104848794e-02
-3.544235829606723343e-04
-6.075700209170722399e-01
-2.317336172134265571e-01
0.000000000000000000e+00
-5.190571305757771814e-01
7.738847804997837088e-01
4.267618368640861970e-01
-6.806825399168328072e-01
9.535616861811413436e-02
-7.716686084333446161e-02
1.763889470584418806e-01
8.386210971689156413e-01
-6.996075806428945221e-01
1.000000000000000000e+00
9.894281857539624081e-01
7.803831727785282002e-01
0.000000000000000000e+00
1.000000000000000000e+00
-4.956789840295219296e-01
0.000000000000000000e+00
-1.170179395988113491e-01
9.463333476399782285e-01
4.092990320155813766e-01
3.170583666291935110e-01
0.000000000000000000e+00
8.831846628575148461e-01
-1.513511359683565871e-01
-2.932140601218833353e-01
-1.387044417141527486e-01
-5.144640571950762631e-01
4.120112248767782148e-01
0.000000000000000000e+00
1.000000000000000000e+00
-4.310526023841485532e-01
8.455774923604435500e-01
0.000000000000000000e+00
-4.612303795254413252e-01
-7.884443258786211217e-02
7.498368085609563582e-01
8.209907031575005565e-01
0.000000000000000000e+00
-4.350905293856495160e-01
-6.812992876763090955e-01
9.162706214265550209e-01
4.924649826529583496e-01
0.000000000000000000e+00
-9.271653569632236636e-01
0.000000000000000000e+00
0.000000000000000000e+00
-5.986524596896254380e-01
5.626963338280788207e-01
0.000000000000000000e+00
-2.904125492080278370e-01
-8.969271509648348850e-01
-3.732818684487753114e-01
0.000000000000000000e+00
6.724300216013554543e-01
0.000000000000000000e+00
-9.423892157043494144e-01
-6.116959049235302093e-01
3.868977994040820878e-01
9.259537092640799383e-01
-3.407750727051892525e-01
-9.115012362974905802e-01
0.000000000000000000e+00
0.000000000000000000e+00
-7.433464168078938172e-01
0.000000000000000000e+00
0.000000000000000000e+00
-1.870210658029720641e-01
0.000000000000000000e+00
3.051830009836984381e-01
9.384763783671052906e-01
-7.204443916977503193e-01
1.000000000000000000e+00
5.263706684839473127e-01
4.531196402842743165e-01
-9.492727750803466868e-01
0.000000000000000000e+00
5.109426982875309164e-01
6.791478092713782999e-01
-4.762987729899812450e-01
-8.285822185848930044e-01
6.266592606637675367e-01
-5.033008410717185743e-01
4.179665798528160447e-01
6.257282173173404072e-01
3.010631057410144695e-01
-9.124343197467386091e-01
-5.211638107842286871e-01
-6.154218752847975260e-01
-1.522520074752029551e-01
7.527126031180242371e-01
-3.992715513630336055e-01
-9.723395745426801628e-01
9.833234790720219998e-01
2.492456275178345226e-01
-4.552987666257939381e-01
4.696905351206115409e-01
-2.755915493682741246e-01
7.339720246469965126e-01
6.677175869679179421e-01
4.236789017593884932e-01
-5.036727950925639075e-01
0.000000000000000000e+00
4.298023107515804853e-01
2.662083929397374149e-03
-2.380132659240499216e-01
