-6.673410490823070695e-01
7.823714728811062002e-01
7.346073256090064341e-01
-3.739675914527667011e-01
-6.443326189773546098e-01
-3.004208547979443367e-01
-2.703591325332710404e-01
5.394422773027278684e-01
1.731286822900823807e-02
-6.283102582737458697e-01
-2.466377951863640838e-02
6.590387427804216269e-01
6.580118885060213252e-01
-9.704330788840702660e-01
-5.125706262463527452e-01
-8.445548893369949628e-01
-4.346851020728770276e-01
-4.935155705485969602e-01
3.609205923308416164e-01
9.662118453257051431e-01
-6.091417993110586071e-01
-9.701636659401133844e-01
4.514921989115106005e-01
-5.684004105023565678e-02
-9.337536684002798459e-01
-5.805084422537221123e-02
-6.104122165606800099e-01
5.282066476430324897e-01
6.217608063684398889e-01
-6.492280112859110108e-01
1.886385996145767407e-02
-5.351791888061456781e-01
6.515194371706771737e-01
6.366174627728704571e-01
-5.246548820096899046e-01
-7.311745314645856642e-01
2.405570373567520459e-01
1.192817639099805760e-01
6.383064653437564573e-01
-5.271954840723513946e-02
-5.475922989291315268e-02
3.259771469299328484e-01
-8.079518225190063241e-02
-7.982614620306496267e-01
-6.782281365765194803e-01
-2.400010243917434227e-01
7.886204192650243527e-01
2.771002016067607432e-01
1.452709266345908468e-02
1.601126106708974373e-01
-4.249924075110123045e-01
7.139514530792758773e-01
7.380183290388817596e-01
-2.301345146084903259e-01
-6.536372785286077569e-01
-2.154378178165350377e-02
5.297250735901517515e-01
-3.743881184888278035e-01
-2.081003205333167294e-01
-9.831042361622415182e-01
-2.447718410775188147e-01
6.278278623054012186e-02
5.713820317232121138e-01
-1.100991114953122629e-01
1.579960361258303525e-01
-2.270331501224072124e-01
2.384665227958826517e-01
6.229761374968880716e-01
-4.982274478949204610e-01
8.034713910734934128e-01
9.176583283198849195e-01
2.513542477985368784e-01
-1.634051055556957621e-01
-1.752353382821423278e-01
2.662122751575406454e-01
1.397602177005328183e-01
-6.122018950730048203e-01
-1.089798054578607900e-01
4.068494636896533567e-01
-7.246448647877035132e-01
-2.782361244119277988e-01
8.260328022771621370e-01
6.933971699920848941e-02
2.224276940366092248e-01
4.034819914791318851e-01
-4.777394283134330788e-01
2.592545543091340221e-02
8.280207302818685111e-01
7.551116813746410195e-01
-8.532646722034276099e-01
-6.276029453219920118e-01
1.583932632645095318e-01
4.603133340141070118e-01
-8.686978092766219905e-01
-4.734753814760030988e-01
-9.096897029595252260e-01
-2.545771689868121523e-01
-1.368864202333652802e-01
3.698324247835462764e-01
6.965194921535933226e-02
7.923493670913701603e-01
-4.955670946061725424e-01
-6.275818504324555125e-01
3.535788164572222225e-01
-9.095131616202885017e-01
-6.627382480280996635e-01
4.646348039396421825e-01
-9.478592976300874717e-01
7.341442910692173029e-01
1.954678704076358020e-01
-1.306896325247135504e-01
-2.018954526163929675e-01
4.574076814925887025e-01
1.630363753650956316e-01
8.294789717798323192e-01
6.894583225308559271e-02
5.176822257876740885e-01
-4.769977171437587149e-01
-3.079047119147015898e-01
-1.346277595877465316e-01
8.819846437401690498e-01
-5.298648737803939301e-01
3.117514210772882599e-01
1.629635603556025547e-01
-5.899673236634239704e-01
-2.035080718737918293e-01
-6.579293728706965272e-01
-3.681788956762879206e-01
-6.647499647057786287e-01
-9.600984413643232074e-01
9.560484048300832427e-01
5.611937435196272528e-01
-3.766715162003642092e-02
2.129484733172737343e-01
-2.398074725073688906e-01
-1.182280767041499203e-02
3.408759326407295731e-01
-3.220824701951463531e-02
6.841169112296010546e-01
-2.826998636821589361e-01
1.012645752907228580e-01
-5.430820695087119621e-01
8.745022882276092258e-01
-8.498502977028188354e-01
6.760720881132198379e-01
9.310168010965862440e-01
9.247856027027749892e-01
9.938129406518332321e-01
-2.774272908686514771e-01
7.671840953289819076e-01
6.533267569925074181e-01
-8.282011141647542818e-01
4.734750913342609113e-01
-1.266408807115164681e-01
1.632499045560504847e-01
3.228873080598111400e-01
1.820637750625502260e-01
-9.205322345946713725e-01
3.800248884219414869e-02
-6.457605427921213614e-01
-4.277156365389085391e-01
7.134166302320881226e-01
2.717318266727619669e-01
-7.113955214246603376e-01
-7.825036164804071159e-01
-2.645515069905475247e-01
-7.236055900421627385e-01
6.415717204380833039e-03
-9.066069901159967692e-02
-2.933740292578188580e-01
7.961435188019434506e-01
8.860903788057095110e-01
-4.632804022543326461e-01
-7.591631488373205006e-01
4.827947248165487260e-01
6.512071429021326630e-02
-7.880319170282039654e-01
-8.892737045686485153e-01
-6.474734973933986559e-01
2.023541070828449584e-01
7.786395341351990407e-01
5.961140607323556218e-01
9.276582511024964450e-01
-8.383438622419530084e-01
-4.225616950447914633e-01
-7.577164419504947013e-01
5.442072037720997457e-01
5.559393138241144339e-01
1.120286733730901929e-02
-9.847752680664749736e-01
9.669756123762058841e-01
-3.472599988330571374e-01
9.701611277925310528e-01
9.151132993633317447e-01
7.532003678597629648e-01
-4.671151120912608867e-02
-7.580062970518197663e-01
1.177867510116501482e-01
-6.546849999642354589e-01
6.776062693182716146e-01
-3.266084501724941802e-03
3.039193746568400467e-01
8.791086348937555695e-01
8.795214581705355084e-01
4.526040523517311787e-01
3.290004234961856344e-01
-8.940720335664278373e-01
-7.479039803179299284e-01
8.544408012587567658e-01
7.218120246272219376e-03
-2.714872132782784053e-01
-3.528840302413294161e-01
8.144728226931905457e-01
9.258062652276830562e-01
-8.742429724309728201e-01
-9.446807396713663429e-01
-7.616258016530681463e-01
7.331731592491441685e-01
-2.280457044285850721e-01
-6.837521573947398235e-01
3.661961769979171777e-01
-3.348004394403478745e-01
-8.888783828372919249e-01
8.242106317647479585e-01
4.761962030286197578e-01
-2.917690239555357223e-01
5.013083766189561086e-01
-3.625195107710497133e-01
5.808877677442816356e-01
-8.574065971180666601e-01
-6.032326955165179250e-01
8.823774174840142148e-01
-4.767267630450544580e-02
-3.510988278642226401e-01
-7.654907202872736072e-01
3.316172669596626488e-01
8.446433297508335603e-01
-9.348366596156363340e-01
-6.103734873895105828e-01
5.071153643204049377e-01
5.305363664857771777e-01
7.138332089235714939e-01
-9.148709744439835756e-01
-2.487342807213610563e-01
-7.567330577036677219e-01
2.068795132657004210e-01
-6.521215365574297707e-01
-9.235636395643465058e-02
-6.901997231127465771e-01
-9.881427520675902798e-01
-2.164222495038914396e-02
7.827503784329048475e-01
5.206223902422519867e-01
-1.962866284715309995e-01
2.917789967282089503e-01
4.309381369724840649e-01
1.117028912192197243e-01
-4.251132577044425265e-01
-5.850692353546567137e-01
9.969353262026128260e-01
-6.596917801480659538e-01
4.618163014271647882e-04
-6.608767119988121497e-01
-8.994502140692528513e-03
-1.306871195315084666e-01
