-3.926426866550070116e-01
9.363719024711381067e-02
-3.153148480342546911e-01
4.875770892244495336e-01
-9.803392381756546037e-01
8.893656405148981925e-01
-6.971028578893880834e-01
-7.440189305809337128e-01
0.000000000000000000e+00
-7.296304153535306813e-01
0.000000000000000000e+00
-8.063725081173849230e-01
-6.700003937858129976e-01
9.039842909544131277e-01
5.197493888640662973e-01
1.941329233319619707e-01
-9.566366830697137225e-01
6.696604486116435329e-01
0.000000000000000000e+00
-8.400958274881853427e-03
5.606064985654901633e-02
-2.950104134923063892e-01
-7.576782282175853478e-01
-7.940315497966494718e-01
8.437632005168560489e-02
4.707268442008503140e-01
-2.759784076234577110e-01
-1.233249667536286953e-01
-1.468306600233117987e-01
5.819735904656933023e-01
-8.322924309211199301e-02
-9.234372818218612444e-01
2.868557895533370150e-01
-7.475262477588797694e-01
3.407481701292263132e-01
8.230194253837903595e-01
0.000000000000000000e+00
-2.944448682049571886e-01
-1.200393964026515992e-01
2.804242024067251648e-01
0.000000000000000000e+00
1.000000000000000000e+00
0.000000000000000000e+00
3.587220801930037783e-01
-4.265771952870582862e-01
-6.956697248248009391e-01
-4.962414865047328760e-01
4.357536395168386534e-01
6.419893195345973691e-01
-3.195840410114831887e-01
5.144342869195923651e-01
-2.203793606540742633e-01
7.083352478229327787e-01
-1.646199134441408418e-01
7.519720484386258619e-01
6.675054544823459945e-01
7.214079748785895418e-01
4.556788812702357028e-01
5.187342229845350872e-01
1.804591007535973901e-01
-4.909204143957324185e-01
4.235103424037396369e-01
0.000000000000000000e+00
-4.058380645075050364e-01
6.655360867805826253e-01
-3.571295295904135525e-01
0.000000000000000000e+00
3.735823646439746515e-01
5.679496774344547916e-01
0.000000000000000000e+00
-3.324315871553598090e-01
-9.392135423350507217e-01
4.738656698982355309e-01
9.788876033786590991e-01
4.050713479766177016e-01
-6.120630321644686678e-01
6.454827878042388445e-01
8.570853497136441401e-01
3.337933399182693162e-01
-3.877586711212186454e-01
8.033274442073239374e-01
-1.498427043840533379e-02
5.753121888051346833e-01
2.848255068498311005e-01
-2.787854342287454656e-03
0.000000000000000000e+00
0.000000000000000000e+00
-2.445810137236237303e-01
0.000000000000000000e+00
1.306564809170231989e-01
5.606111131121240820e-01
6.463542729140121512e-01
1.495336238498179426e-03
1.802895158574400192e-01
-9.999656270667505176e-01
-7.311350876956579370e-01
1.633237121664647962e-01
4.644027333455387208e-01
9.995912927180008456e-01
-4.672109600921035000e-01
-2.008329161073021396e-01
8.529715672865889609e-02
0.000000000000000000e+00
8.433795993145911662e-01
0.000000000000000000e+00
0.000000000000000000e+00
8.110967377516731247e-02
-6.246544353432765817e-01
-9.108224015966217557e-01
1.838411720019197393e-01
7.117429216742932052e-01
-3.400698031667830357e-01
-6.797584583375901879e-01
0.000000000000000000e+00
7.317591468822104428e-01
-9.072022823627599042e-01
-9.235730194001010585e-01
0.000000000000000000e+00
-2.320252663160751183e-01
-3.014734107223637771e-02
2.599404439727288629e-01
0.000000000000000000e+00
0.000000000000000000e+00
3.772824572662718534e-01
-1.791798748902451166e-04
2.149750963329477571e-04
-4.690827237524943794e-01
-4.254007844338931754e-01
7.669629191691151870e-01
9.836095274797918009e-02
-5.300004839479648400e-01
3.420192972783466789e-01
2.054108958458717993e-01
0.000000000000000000e+00
3.237448523158803493e-01
0.000000000000000000e+00
2.279573426142300629e-01
-3.882273855506486182e-01
-9.474150379856494109e-01
-2.610205090735027156e-01
-9.580676073251803704e-01
-2.984948980027533061e-01
0.000000000000000000e+00
0.000000000000000000e+00
2.071373488237813199e-01
-9.066457199554953661e-01
8.068860219683209323e-01
1.000000000000000000e+00
6.626113409397373921e-01
3.094961236601785348e-01
-8.923936291206608917e-01
-7.528136724023517523e-01
-5.852162037296122499e-01
-5.579644917768769030e-01
-4.777209064649232673e-01
2.819785985237643899e-01
0.000000000000000000e+00
4.176509498087899175e-03
0.000000000000000000e+00
5.512026104932319370e-01
0.000000000000000000e+00
8.061003024114954396e-01
8.830395962766794948e-01
0.000000000000000000e+00
5.315521048867783982e-01
5.258991572165316875e-02
0.000000000000000000e+00
-4.313678049961067185e-01
9.906450153910766332e-01
-7.770363503399666527e-01
-2.116675899138238393e-01
4.212322493777600485e-01
-2.164354411904700903e-02
0.000000000000000000e+00
-2.938261932793568842e-01
0.000000000000000000e+00
0.000000000000000000e+00
1.743949497755810096e-01
3.208712103179800490e-01
0.000000000000000000e+00
9.006461192698811402e-01
2.446449497610170276e-01
-2.064023224799547140e-01
-7.424523757096916921e-01
1.532198271035194459e-01
-7.138096311272303929e-01
-9.225288881430540044e-01
-4.445538518141356477e-02
9.626868575104663428e-02
-4.384972358961252148e-01
1.455658539269943930e-01
-2.035576851153009237e-02
3.824424032674877960e-01
7.008599272426823124e-01
8.605520378836408746e-01
-6.055245438744005781e-01
2.612448414577832612e-01
8.168524405046757586e-01
0.000000000000000000e+00
8.645051093339786163e-01
-7.923298482516996089e-01
5.777527392964072472e-01
-2.454856722602059005e-01
5.246328236657824551e-01
-9.792105074961874323e-01
0.000000000000000000e+00
0.000000000000000000e+00
5.332072094262962914e-02
8.047636897521566191e-01
0.000000000000000000e+00
-3.415302837798950275e-01
-7.441339928828250017e-02
6.503347105092895930e-01
0.000000000000000000e+00
-6.681720189222462025e-01
-2.893248940747192854e-01
-3.355307708510335551e-02
9.927175824059346620e-01
2.098179497746224254e-01
1.000000000000000000e+00
-1.233676460442145739e-01
2.455391092328491620e-01
3.756519526415069699e-02
-3.297168959900553808e-02
6.255387499943685370e-01
1.208895185719942589e-01
-2.471485607262537965e-01
-5.314968806943667357e-01
7.266353017310358542e-01
-3.236971343334107409e-01
-6.004369420052797501e-01
0.000000000000000000e+00
0.000000000000000000e+00
7.992460133394070354e-01
4.854295447648788731e-01
4.400374845785426370e-01
-9.175452825752230535e-01
-9.150791211106716894e-01
0.000000000000000000e+00
0.000000000000000000e+00
-5.212227610352788698e-01
-1.681767784450900471e-01
-7.520843169091888658e-01
0.000000000000000000e+00
0.000000000000000000e+00
0.000000000000000000e+00
0.000000000000000000e+00
0.000000000000000000e+00
3.190918477663402530e-01
-5.321573747626862083e-01
-1.316646356012987074e-01
2.686307623157273561e-01
2.899736410435604927e-01
0.000000000000000000e+00
5.149662417489249133e-01
0.000000000000000000e+00
4.612941649742419159e-01
1.000000000000000000e+00
-8.010089808562803615e-01
-3.207198169423599587e-01
3.221146609914544712e-01
0.000000000000000000e+00
3.035043488429671754e-01
1.000000000000000000e+00
-3.075773635865552968e-01
