1.722577385624364243e-01
5.649030958037790651e-01
6.822453590374777388e-01
-1.045608968277758066e-01
-9.250188910904486583e-01
-2.079825729180950766e-02
-5.924808911840040437e-01
-7.440189305809337128e-01
8.499253769712544759e-01
-7.296304153535306813e-01
-1.560570936048737423e-01
-8.063725081173849230e-01
-6.700003937858129976e-01
7.048442878604932460e-02
5.197493888640662973e-01
1.941329233319619707e-01
-9.566366830697137225e-01
6.696604486116435329e-01
9.017779213880710021e-01
-8.400958274881853427e-03
5.606064985654901633e-02
-2.950104134923063892e-01
-7.576782282175853478e-01
-7.940315497966494718e-01
8.437632005168560489e-02
4.707268442008503140e-01
-9.013585195661764082e-01
-6.757683544327752756e-01
-2.450001224525517607e-01
-9.707981982805584664e-01
7.047459003717437831e-02
3.956030627899018715e-01
7.465072650733715065e-01
-3.427359198107948757e-01
2.364661060403279169e-01
-4.589140197131840182e-01
9.939378190824412762e-01
-3.587059179070977155e-01
-1.103614621436928012e-01
-8.675816061694341386e-02
4.195845855834781091e-01
2.579428234014036203e-01
1.152862300143089325e-01
4.577006363260718302e-01
-8.346683792608577956e-01
-3.359450176639449115e-01
-8.471348807094962741e-01
-8.541697115158175535e-02
1.910285070073238778e-01
4.741116130549303254e-01
6.617319592580117593e-01
-5.267338844724314129e-01
-6.456849676927536308e-01
-5.827772513160713874e-01
-6.089639266999220535e-01
9.180040601651597854e-01
-2.832868589690171746e-01
9.513567566116121199e-02
-5.418745804634159668e-01
-8.305547183840513714e-01
2.269350879672953347e-01
9.386303342948763007e-01
-9.260411849819756291e-01
3.751903654728128146e-02
1.975484067193036264e-01
9.473213462941396656e-01
-2.294698279605122959e-01
3.033383349292220199e-01
-1.852855099154171459e-01
9.147509845460863875e-01
5.392311950974217893e-01
2.835040135007593776e-02
2.512695941785216824e-01
4.849841417214033612e-01
-5.389927230246567280e-01
8.312018826500247037e-01
-7.896166735528780123e-01
-1.617328964630495580e-01
-5.806227846792957337e-01
1.701515836461400255e-01
-5.484554698349561885e-01
-8.550783455173893710e-01
9.280117618692340642e-02
-6.951400646190819543e-01
-5.676416413234106617e-01
3.919328171957392470e-04
-8.410602480881581577e-01
7.221717986312634618e-01
-5.144715918483366845e-01
-9.809202746719045685e-01
-4.072352126747584844e-01
9.852972400846573553e-01
-1.107593513396909479e-01
8.958864140809008614e-01
-6.827654062258246004e-01
-2.954626032786222822e-01
-8.595652859624156594e-01
-3.079274777815819153e-01
3.636561416354873177e-01
-2.775739781542989615e-01
7.281528977821203341e-01
7.696131936932182338e-01
-6.170205122209195814e-01
7.336374046412854621e-01
-9.939541055537390868e-01
4.919494952986094294e-01
9.581326751254026775e-02
-7.198359382997301381e-01
-3.737110359820594585e-01
-6.947363804519752772e-01
2.417100502670588291e-01
6.206567184599733888e-01
4.153492048158957672e-03
1.922999521969215309e-01
7.317591468822104428e-01
-9.072022823627599042e-01
-9.235730194001010585e-01
1.564556595035559994e-01
-2.320252663160751183e-01
-3.744096963639520492e-01
2.560563097877399663e-01
1.992356923406846114e-02
5.786932370765947020e-01
-1.042741034963763358e-01
5.716924014855124803e-01
-7.768609256578966615e-01
6.471681408867397955e-01
4.411022588271287237e-01
-1.523204438931580196e-01
-9.640405823794542250e-01
6.816298177543760328e-01
-2.567196091813312986e-01
5.515049096905211279e-01
1.628374201273834476e-01
7.641529717618495976e-01
-6.631009952684465691e-01
-1.605253039135543514e-01
8.468949783897152805e-01
-9.968460277288344606e-01
-6.604781605141381018e-01
-5.169467903789519703e-01
2.410120051991913037e-01
1.486869974890274726e-01
7.108123149623548631e-01
3.581786565284719170e-01
2.278997382210967704e-01
8.470603295689669299e-01
2.150123582347298612e-01
-4.358914169523890880e-01
5.563023854052140393e-02
5.990089728807905800e-01
-2.097790779909687320e-01
-2.919332296808718752e-01
-8.201964794448473040e-01
1.498758139075035967e-01
-6.337767232914148785e-02
7.340500981700261995e-01
-3.741001175980351867e-01
7.179009953004655831e-01
-2.778233851422595713e-02
-4.316163276188946796e-01
-5.448717089970227523e-01
-4.410262104398454674e-02
2.285447822544810492e-01
-9.938129802095863052e-01
-7.390588539863107709e-01
6.878487094313809891e-01
-1.059712156396610538e-01
-8.011808643220106330e-01
-8.158963689921117091e-01
1.173554448789959626e-01
8.929280000197621359e-01
9.667538081514288617e-01
-3.850383842388827027e-02
-3.201596151964238857e-01
-7.380366880902042848e-01
-6.066271596363883578e-01
7.827863218605106699e-01
-8.565431951169646396e-01
-9.131051405853478631e-01
-8.671554921779285330e-01
-1.544328165360253635e-01
7.804016804248223860e-01
9.073245588782052895e-01
1.338844516213408831e-01
-3.071971850978023610e-01
-4.427254327177638782e-01
3.893338277481208642e-01
8.576038937765919634e-01
9.732464917999208431e-01
1.434410694363654759e-01
-4.574420829479355355e-01
8.564618225326143808e-01
4.455455341946747971e-01
-1.726524633853474544e-01
9.745283286685113566e-01
1.186079145560534620e-01
3.000973823003230123e-01
1.686907953531313620e-01
-4.381876082951352558e-02
2.041832710790103533e-01
9.521218045727470880e-01
-6.406132591338198345e-02
4.739867089257967514e-01
2.966009949333128226e-01
4.499336859682157019e-02
3.642072770967965667e-01
-9.692886051481293119e-01
-7.974071805553788472e-01
-2.335347678970558505e-01
9.305711914346830316e-01
-3.082279568869776831e-01
4.381849438819866993e-01
5.868625610993145614e-01
5.093859941364666799e-01
-3.931638541466637715e-01
-5.114356974856084648e-01
-8.831287998488757118e-01
-1.469056291350310239e-01
5.997651491732445272e-01
-5.581132216378474897e-01
7.930064414279180962e-01
-8.794504088860481961e-01
-6.871430770051922821e-02
9.601596681687778467e-01
-5.377265240989759221e-01
-4.542628626524658486e-03
2.730705466721996544e-01
1.223128335339240813e-01
6.151579283936512432e-01
-1.334910645027238552e-01
-2.231684278974732649e-01
9.897542830206069731e-01
-8.514314387717547561e-04
5.685322084215320704e-01
-5.386229856602138266e-01
-7.066438907758509913e-01
-5.220524751966637567e-01
4.686912268823653083e-01
-2.297113718416570194e-01
-8.389215886914453968e-01
6.481389450267132091e-01
1.380004305273385690e-01
8.109091473122196359e-01
4.241537281172977902e-01
3.297975560433810127e-01
-4.452710430716653178e-01
9.153655374393445676e-01
-6.211808114509040912e-01
-9.343130473813543446e-02
-6.907215698810833526e-01
-4.901412255315200639e-01
-5.084837683340091008e-01
3.494701255287915309e-01
3.175019081389687248e-01
7.567840915596759643e-01
1.561747298852411703e-02
1.643955171351507705e-01
-9.146265744810015974e-01
5.430885836225813890e-01
2.025643273540012057e-01
6.618461880938721897e-01
7.641497885714492178e-01
5.567009185080553646e-01
-1.605056377944751311e-01
