7.013431560731679948e-01
5.997981938979002337e-01
2.976929677445274702e-01
0.000000000000000000e+00
-7.738868872447077774e-01
3.923397470475897819e-01
-8.827072086696452491e-01
8.849339759998000599e-01
-6.812092050356701733e-01
0.000000000000000000e+00
1.815006059806769656e-01
1.000000000000000000e+00
3.567862724984109946e-01
-6.374788789253957866e-01
-2.404984417682247688e-01
-2.828021703458067915e-01
0.000000000000000000e+00
3.689282667629456558e-01
6.770729530942234398e-01
0.000000000000000000e+00
0.000000000000000000e+00
4.838173173809894312e-01
-5.784607362337701453e-01
0.000000000000000000e+00
6.327594189038880934e-01
0.000000000000000000e+00
9.558194016680900962e-01
3.966838783067077046e-01
2.998161727814669941e-01
-9.247402916781655158e-02
-7.715227302716725077e-01
-2.185019309443259061e-03
1.000000000000000000e+00
-4.440653385484196747e-01
-2.316466823158735977e-01
6.543577010198902144e-01
0.000000000000000000e+00
-4.418150357220436142e-01
2.194954512109794642e-01
-9.285002665989638970e-03
0.000000000000000000e+00
-2.306735002395550183e-01
-9.111688997678690782e-01
-5.885397586326752695e-01
-6.311464062344180892e-01
-1.378300706670889664e-01
-8.954806974470250758e-01
-3.897038544519828562e-01
8.309833352262230299e-02
0.000000000000000000e+00
0.000000000000000000e+00
0.000000000000000000e+00
7.863387217554194120e-01
-6.192256030700546976e-01
1.000000000000000000e+00
7.828010867219585833e-01
9.037758852136357213e-02
-5.545869536624019602e-01
2.866346296465036581e-01
-1.934460130765542907e-01
-5.300000000174256432e-01
-8.181081050352956296e-02
6.025225754534442313e-01
-1.038028286692522784e-01
7.131784483560343890e-01
-1.058637601724039534e-01
0.000000000000000000e+00
-5.253303866997960370e-03
3.067460062767435325e-01
0.000000000000000000e+00
-1.753229046489011012e-01
1.142620228096662416e-01
-9.996605690433271185e-01
-8.182089061769355354e-01
2.084065521235949348e-01
2.381323074927645944e-01
-3.908040837927029276e-01
1.667548063892976273e-02
-5.862975023002032771e-01
3.429487415583121201e-01
9.007102599867313764e-01
0.000000000000000000e+00
-8.914495733888643247e-01
-5.541637712073708144e-01
-9.108003479283133252e-02
1.203016902121363252e-01
2.395159393541685944e-01
-5.373263781282222595e-02
0.000000000000000000e+00
4.318270005663105149e-01
-7.719532832885234175e-01
5.186399021582341895e-01
-5.565057843596199483e-01
-3.172857708463225901e-01
6.597677712688023721e-01
9.288673669086799922e-01
-4.160328723834370024e-01
4.397017320827178999e-02
4.041921065199707286e-01
1.000000000000000000e+00
-6.716892645892182934e-01
-7.191016253555022608e-01
4.337122252957654744e-01
4.431181909026318255e-01
-7.860769889609620087e-01
2.217035322773674988e-01
0.000000000000000000e+00
8.604325183062906390e-01
-2.142070201696530951e-01
-8.590798341402217098e-02
0.000000000000000000e+00
4.335758289386859587e-01
0.000000000000000000e+00
-1.710593097433394938e-01
8.532530610746213995e-01
6.749324749729299633e-01
1.776222157958027292e-01
5.442903472744575755e-01
-9.899080608207189158e-02
3.169133900004053039e-01
9.123806432515020326e-01
0.000000000000000000e+00
-2.342715794777516791e-03
6.072869503816846759e-02
-9.028567887361895750e-01
8.706165616633052551e-01
6.776322213578329645e-01
0.000000000000000000e+00
1.666579814376656365e-02
0.000000000000000000e+00
0.000000000000000000e+00
4.112852752809827983e-01
9.959914108792708998e-01
9.968101956695198940e-01
5.047667133239708281e-01
4.796420118678454969e-01
8.247650602629101879e-01
-9.829322431970226592e-01
-4.010516959153822558e-01
6.446177117024711745e-01
-2.318252514768566197e-01
5.821331884740503781e-01
2.333290296901058269e-02
8.995077782854388193e-01
-2.426427371748405282e-01
-2.387859814777064660e-01
5.365206475687767096e-01
8.245055576442648082e-01
1.309831570283381819e-01
3.190606812040877038e-01
-6.998205309789764517e-01
7.376370749564076235e-01
-6.422664706534626511e-01
0.000000000000000000e+00
-1.608366175284654531e-01
-3.809633891260364447e-01
5.372608447218851779e-01
-1.074835317018549841e-01
2.529056993230585082e-01
-7.648920431950403387e-01
-7.368579363758285261e-01
-5.942965894411074146e-01
2.451206559746832436e-01
-4.937780497639214783e-01
-8.271468434292672534e-02
0.000000000000000000e+00
8.700231920860046486e-02
-9.884989022018921823e-01
0.000000000000000000e+00
0.000000000000000000e+00
0.000000000000000000e+00
-4.857602039369224300e-02
-1.796972685772872946e-01
-8.411901652631676995e-01
2.002042085911783786e-01
-5.105736571227332821e-01
9.468321916629274249e-02
2.395320777391705125e-01
1.150972965377774493e-01
6.505050094073652200e-01
-9.021624001139405546e-01
-7.034876636406193207e-01
3.065537564310405472e-01
-9.265578963551759362e-01
7.076585744683754342e-01
0.000000000000000000e+00
6.760288715852120767e-01
-4.031169067157645003e-01
0.000000000000000000e+00
0.000000000000000000e+00
-1.660861522892835840e-01
-6.435032164851544056e-01
3.441809905228099264e-01
2.221795120973080184e-01
3.830272361613333842e-01
1.899379726094392318e-01
5.746151590671717546e-01
0.000000000000000000e+00
-8.932434395946864392e-02
0.000000000000000000e+00
8.629596387720113171e-01
0.000000000000000000e+00
-4.014110368069732093e-01
-2.628611490498518055e-01
-2.421212968190797898e-01
-8.646666443580093286e-01
-1.453523212178107205e-01
0.000000000000000000e+00
-4.143345732865209019e-01
-7.309084218438979264e-01
3.892388769896020229e-01
-4.511629144965332294e-01
0.000000000000000000e+00
4.929241850741750142e-02
3.916589946903432651e-01
2.241074898568478080e-01
-7.813955311273474980e-01
4.594570395253589901e-01
2.579571981571109340e-01
0.000000000000000000e+00
9.323027340248257744e-02
2.067739545772830922e-01
0.000000000000000000e+00
9.285796462520614636e-01
-4.116445563910169358e-01
-6.451482030234736431e-01
0.000000000000000000e+00
-6.260468369353526796e-01
-6.524097362893896968e-01
2.769370554914774019e-02
0.000000000000000000e+00
-1.429843711985314680e-01
1.131972411906658760e-01
-7.398669397692554384e-01
1.679721153678623846e-01
-4.899677037351559683e-01
-3.388744225154618483e-01
4.193785926326281110e-01
-6.903886044034275304e-01
-6.925932328607404820e-01
-3.547399402129600698e-01
-8.982891176095464392e-01
8.647637311423816975e-01
2.312173521986600200e-01
3.237804219298781039e-01
-1.889811769264682084e-02
1.453539811098600865e-01
-2.838288236725212688e-01
5.680628971410028871e-01
0.000000000000000000e+00
0.000000000000000000e+00
-6.322618049292820785e-01
-8.636470617911482517e-01
1.028070091263177943e-02
1.000000000000000000e+00
7.407190506781735628e-02
-8.161088921218671022e-01
-5.576038377970944371e-01
-5.732923796276081507e-01
-3.362329701920370173e-01
-2.784043506745346175e-01
-5.631094284309705600e-01
5.053113791090337870e-01
6.099779121364923284e-02
9.932621652086774944e-01
