-6.506579942753965007e-02
-4.508594744944249832e-02
-3.765099968936120867e-01
-3.765169482701244963e-01
-4.311402497914593734e-01
3.232740733487189377e-01
-9.677429952901639432e-02
-4.175296087173525628e-01
-7.743316960909996105e-01
2.679262206852268680e-01
7.298020193037746406e-01
3.069872673859688206e-01
6.988265832501403541e-01
6.607882645296025981e-01
-9.155894981460788173e-02
5.657937733388045398e-01
3.500779869210082218e-01
-1.730758518133228563e-01
-9.359191177949943707e-01
-9.981243312656793432e-01
-8.131227350907730411e-01
-9.130887318909031158e-01
-8.864167542531165012e-03
-8.300260967883028584e-01
-5.769035337855001888e-01
9.152356513401027627e-02
-4.650357896214549758e-01
4.222545568987952080e-01
-4.497136393305747326e-01
1.808853188061765316e-02
-5.257352856177202050e-01
-2.133356506530896812e-01
-2.461836293590486946e-01
-4.146266813749375224e-01
-7.983335379167240120e-01
-1.720170286981326235e-01
6.231521068194532109e-01
-6.515060190346910751e-01
-1.934023315500830176e-01
-4.793243697905473777e-01
-6.833991533356251757e-01
-9.483995371318136858e-01
-6.645862923947982726e-01
6.896946322957067110e-01
-6.532810577497882853e-02
-9.781325586351885537e-01
-7.619063851989982261e-01
7.453288001458775458e-01
2.545129483720167674e-01
3.322270744748245797e-02
2.353193359754566227e-01
-1.451323988843244983e-01
5.293091797254982911e-01
-1.465442616352101712e-01
-4.312050379519338783e-02
-4.740007360075888521e-01
8.458396163267738466e-01
-9.905777934423232178e-01
-7.010072716621562616e-01
-5.565007574086644482e-02
2.715147966651518807e-01
2.765375408462753537e-01
4.074495056260738490e-01
-2.047969621321887868e-01
6.241954265875415686e-01
9.038678758976150807e-01
4.154854745249014769e-03
-9.968296531862546050e-01
-5.505319821888945420e-01
7.232278173255206610e-01
1.316359597876963772e-01
-8.572705270945253364e-01
1.162450161764576606e-01
7.767148903016611872e-01
1.135971816420682234e-01
9.113824682288476087e-01
6.725656138213398361e-01
9.809921949497333316e-01
-4.095451194291548358e-01
1.581107745560421662e-01
-3.128521972034441490e-01
9.082864774960071053e-01
4.929051407268487672e-01
-4.236393473003554622e-01
-4.731795969437775362e-01
-6.235643876043617251e-01
-7.708239717978260241e-01
-6.857433465675562001e-01
-7.396920499988091091e-01
4.958001420708300078e-01
-4.590783961409694580e-01
8.790026736891110026e-01
7.746794773030338810e-01
1.308945967787602527e-01
-9.911472181891542998e-01
-4.277600892962118984e-02
-9.516596744033871680e-01
8.722347202544633582e-02
-9.874025912554273976e-01
-6.284664639414716536e-01
3.662222783824853334e-01
1.111245202909185714e-01
-1.022918829021584042e-01
7.889995052059701752e-01
9.725222722019750687e-01
-9.213710547426656738e-01
-5.224034496829039753e-01
-4.733859335085452980e-01
2.345657810577457258e-01
7.733094685298844695e-01
-7.784808677139425370e-01
-1.629310540903661231e-01
-7.421676328424540170e-01
8.589918135148286726e-01
-3.699569644866798068e-01
-2.588943703952935049e-01
6.431722746456292050e-01
-8.326891510081497749e-01
-2.572876460282365052e-01
6.440873376399023353e-01
2.251657056521381151e-01
5.683708800570197450e-01
-2.089111711422790840e-01
-7.756828495672718482e-01
-1.331779747218284626e-01
3.725300769036410387e-02
-9.811870158046949175e-01
-6.551843669467736220e-01
-7.206938723952480697e-01
8.208908107854220315e-01
-2.022284721969849208e-01
1.226849763178388120e-01
5.231028703314677397e-01
1.064769610768439012e-01
-9.870801403728961532e-01
8.048669327470630019e-01
-5.067847599883883447e-01
-7.353042240863569834e-01
9.810488816679103774e-01
-7.543518141834359980e-02
9.808622609348047749e-01
-4.259465718273536261e-02
9.031902942725484884e-01
5.960920843622452558e-01
-1.481861016189525149e-01
2.883897241729227456e-01
6.610722951303660277e-01
-8.011277024860827822e-01
5.594623487638701320e-01
-1.584603630853496092e-01
8.986841395473412764e-01
-9.575185825736025613e-01
-7.474030444031443121e-01
8.647582521625978291e-01
8.474633459046843065e-02
4.502275210251505122e-01
2.861381813551613362e-01
-5.244038991418402684e-01
9.082799428748609127e-01
5.207698262686117907e-01
-7.290614293506747501e-02
6.484983447065384432e-01
3.720643032626598234e-01
4.634164514491965203e-01
-9.414612112155180679e-01
-5.996980359671262306e-01
4.563006044543331807e-01
4.841318470563280574e-01
-1.107088464921242021e-01
6.724761319002614535e-02
-9.246276774513886298e-01
5.369827011287457985e-01
-8.625379547444200767e-02
9.269151202941801060e-01
-9.818872249970351795e-01
5.519298334939413131e-01
-7.168132147259655973e-01
6.752904202571536896e-01
3.322182386878802518e-02
-4.453106074793293789e-01
4.113420711771307303e-01
2.310853902356237999e-01
5.473537027477080041e-01
2.492028051230474883e-01
3.716422313026348512e-01
-9.257614118119750213e-01
-6.239077154805472425e-02
9.617060798523042742e-01
1.077639515294135375e-01
7.278371930437108617e-01
7.975219756544733585e-01
6.533998953441209068e-01
4.319777141718674773e-01
2.140186286935130688e-01
6.331537328138823195e-01
6.864524920852952405e-01
8.151551534132754906e-01
-2.730871521142921310e-01
-9.579536263248684680e-01
9.252840975405622892e-01
8.636331825288123820e-01
-8.359700384600610157e-02
-2.007658951724780039e-01
9.575675540337993397e-01
-3.677165266010586908e-01
3.694391095103588540e-02
-4.746894462904127643e-01
-8.196352590672395522e-01
-1.025534546529915936e-01
-9.278188109141587425e-01
-4.531979819007461163e-01
-7.165938277510157661e-01
6.255513130962095936e-01
3.982880734723082128e-04
-8.639875687818321381e-02
-6.775767914211887621e-01
9.505962132946796928e-01
2.614612500989244026e-01
-3.668017848621845101e-01
-3.332659205433163851e-01
9.245233759071000978e-01
-9.748862737030852266e-01
-3.273907181916380082e-01
8.218023363313706753e-01
-1.299197827133440342e-01
-1.726013095340905856e-02
-8.041097929725637972e-01
5.302658890280900206e-01
-1.885478731833121202e-01
-1.573560271153295886e-01
-9.994644080250236762e-01
6.885072514783068254e-01
-9.889770736812963925e-02
-3.132115831536623762e-01
6.685336701875788101e-02
-6.333132420420461983e-02
3.059024680302804278e-01
-1.071001094535866116e-01
-8.395333631024188836e-01
-9.750838912586299312e-01
4.037738239189287981e-01
-2.247710519227239523e-01
-8.136670736430671180e-01
-6.509345718533072755e-01
3.601916969183327488e-01
-7.159386020594045164e-01
-5.704113133695738469e-01
-6.011743157179783026e-03
-1.773764724345925359e-01
5.335196768066845507e-01
-5.795750887242132610e-01
3.516060566396623788e-01
-5.188046909388557282e-01
-8.112506033874913314e-01
-8.196431874932239570e-01
-1.397117435324808365e-01
5.437725137983471235e-01
5.117049093328440712e-01
-6.446554941920110693e-01
-3.168443617887417574e-02
-6.850127125314591225e-01
4.115620393748278261e-01
-1.812375742088485620e-01
9.888048369003397120e-01
-6.194775756042700809e-01
