2.980428352479314036e-01
7.376706418775877960e-01
-3.120747438052380307e-01
7.139124983910625222e-01
7.289756867415844166e-01
-6.007374150285655912e-01
-5.003991417271063114e-01
-8.985831875740768471e-01
9.157611049629241773e-01
1.601576609890027481e-01
7.221088407410789500e-01
1.246734940326594820e-01
-8.360223081542270673e-01
-3.217139226780647565e-01
9.595420179337961208e-01
2.758381804631295786e-01
-2.005021511970899173e-01
-7.773257188604925094e-01
2.529680235239388786e-01
-3.964075745320509991e-01
1.073788490726996780e-01
7.313292342455934847e-01
-6.545886097631319345e-01
1.285095450673103823e-01
-5.371018873903390389e-01
2.469916373480882665e-01
-8.874479750938433220e-01
-9.349083790157644014e-01
4.571570372714688357e-01
4.878330167421673913e-02
7.391033011698153743e-01
-6.484947194246015734e-01
8.908541829130502965e-01
-3.309005263813542541e-01
1.766328212664047825e-02
6.611532277460363538e-02
-4.595164947426348956e-01
-2.786000668378110223e-01
-1.939380672845105735e-01
2.292191510734471471e-01
-6.861618232741739654e-02
6.962597228781512992e-01
-5.639925676326178472e-01
8.404148107607061213e-01
2.136432586114975773e-01
-6.277671060160283645e-01
2.808366976803464699e-01
2.164328337036676153e-01
1.868789380947650791e-01
-1.504551642292750735e-02
4.324120558442232642e-01
-8.143488663648954518e-01
-9.508039480477072924e-01
2.901672413076570312e-01
9.124109096251666884e-01
-1.333368029269952348e-01
-9.484506654089908118e-02
-9.880400952840717732e-01
5.636130448951943706e-01
-6.471282238501785411e-01
9.485401251182967730e-01
6.998003207141050286e-01
7.071571794911999387e-01
2.949979895843990452e-01
8.139695457591433758e-02
-1.320552178513507702e-01
-2.536774322466788245e-01
1.590962755470366474e-01
2.287193576222090741e-02
5.813953349376708157e-01
9.443251943425232664e-01
-8.440077845301001691e-01
-7.442341194564319196e-01
8.161181987643018054e-01
-4.057810706341400397e-01
-2.749259784512680937e-03
-8.938240884325852065e-01
-4.357534658775372716e-01
-2.447509499919549025e-01
-7.649089196522034229e-01
-2.306638123258106798e-01
5.305832818148736862e-01
-1.779002125232380660e-01
-6.402634015101085208e-01
-7.319722090281710614e-02
4.171586338661161797e-01
7.818411134989240452e-01
-3.925870946601708322e-01
-5.858639776454594994e-01
8.937520703879224815e-01
9.975297052152864996e-01
-5.289803615801824677e-02
1.597345330317634371e-01
-2.186095252744291173e-01
8.063293254388170794e-01
6.768907089810698441e-01
9.951656824100398868e-01
-4.690680572687850880e-01
9.373416886619656552e-02
2.029934160816209143e-01
4.623888359864927189e-01
9.966653151706410529e-01
6.951610432650756621e-02
3.142568581942821737e-01
2.984824212971879387e-01
-6.696499661451589258e-01
-8.081243537731510607e-01
9.751984968187747960e-01
2.637555343362392168e-01
7.040411881798713800e-02
-1.038324731366084830e-01
1.277106170913322458e-01
-4.083114913045238215e-01
-1.134374961658053405e-01
-3.454589194355941473e-01
-4.056047494983836543e-01
3.208374024323383811e-01
-1.809894178434712231e-01
-2.170020678776105605e-01
8.068466782804282200e-01
-3.241759419143330767e-02
1.996159581455732024e-01
-5.880167760189225490e-02
7.775238502299397503e-02
-6.529931160055206796e-01
-2.528062009032894242e-01
4.206934300032807439e-01
1.603632821268976549e-01
4.033142948584917953e-01
7.430811849960019533e-01
2.044193495890389567e-01
-9.714038164010314613e-01
9.713485981514771161e-01
-3.883651771593703561e-01
-4.890512650132647909e-01
2.166921065629676679e-01
-5.631962502154399530e-01
9.338735292428579360e-01
3.090734161633152954e-01
7.430463162711853364e-01
4.709401467191476343e-02
-5.970492043016741857e-01
-5.366984964526115842e-01
-9.756027304576400105e-01
-8.974044568737968852e-01
9.780532998391064936e-01
-3.800424794260459649e-01
8.319487445957702842e-01
9.681558302121437976e-01
2.999300200488310697e-01
-6.322810243856127332e-01
-9.688154410948093265e-01
1.191093282383062224e-01
-4.072582629955681099e-01
7.015215639449001728e-02
-3.070755064516428323e-01
-8.682369084071395182e-01
-7.086437973899828435e-02
-6.417062565352007475e-01
8.302894280321533316e-01
-7.666111228074536932e-01
-2.160320335847691897e-01
-8.620525481655441080e-01
8.769138606426281068e-01
4.796969042625462976e-01
-3.669470695155661044e-01
1.387346391459376438e-01
-8.018164245685988067e-01
3.496918720085970822e-01
4.568517002034067076e-02
4.855576471464151389e-01
8.392267813270783972e-01
6.239641916319318415e-01
-3.935842314023880739e-01
-2.163601319407171264e-01
-2.071377111028460671e-01
4.763388328854192277e-01
9.526961603064019179e-01
-4.689229769605882669e-01
-3.002242158634356173e-01
3.997310069893078577e-01
2.495428218269442056e-01
-1.623161074194681142e-01
6.585961453500253082e-01
-3.882578503708189466e-02
-2.470965506527196265e-01
-6.432560662735258283e-01
-5.275307410453584644e-01
-7.179041264399974587e-01
-1.503633330879452501e-01
-9.253878306054201808e-01
-8.797822582363887811e-01
1.537481438945507151e-01
-9.033714377132295859e-01
-3.251361686429328213e-01
-6.959177883553617772e-01
6.101476580277473971e-01
3.435150781272602316e-01
-2.771825638107561218e-02
5.125966219428270687e-01
2.447717019336557165e-01
2.624710133257599498e-01
-3.501189074559900583e-01
-7.561000683038088255e-01
-4.202128324651823732e-01
-2.256195028618663834e-01
2.710107395360106253e-02
-4.155326053936259090e-01
1.596513741575575906e-01
-5.168262907000320538e-01
-1.138288535342639740e-01
-6.895246309529068363e-01
6.403369536041831900e-01
8.543905028258946821e-02
-3.260203816115576636e-01
-8.237003345417459599e-02
-2.424254316246901020e-01
3.896387056926711168e-01
-2.823488588532256927e-01
-5.250654872421613995e-01
9.232374685813884430e-01
3.685620329753678259e-01
-8.948991184860173309e-01
3.627731152334388032e-01
-5.022377390254522123e-01
-2.331798884208176048e-01
-1.343906732742095045e-01
-3.252706089947421386e-01
-3.377872605644078874e-01
-3.716403925766063043e-01
-4.975450086462358534e-01
-3.987462282805960267e-01
9.520746066567726817e-01
6.870383267401127814e-01
-2.843621605071147140e-01
1.356939175385984964e-01
6.838443977603381185e-02
4.366557081498143589e-01
6.303100017414386969e-01
3.414416486293252451e-01
-2.010521085156269372e-01
-4.643381532990651372e-01
-7.959270382680005973e-01
-9.485053264877829626e-02
-9.582513843530133801e-01
7.660970405085922863e-01
1.388087186365725145e-01
2.560385331508530093e-02
-8.407719491531937539e-01
5.596724460662656497e-01
-4.644722421897888864e-01
-8.576058979381904201e-01
-4.006160482887963781e-01
-6.574311983817491267e-01
-8.589381225281709220e-01
-5.978038887533811963e-01
4.552924426858269147e-01
1.318508930460959849e-01
-1.440234261009831762e-02
-2.996537606350102578e-02
-9.175110756869468975e-01
3.441291760941913580e-01
-3.602510735586763602e-01
6.664965897344863333e-01
7.502548017897712196e-01
