7.181791157081045540e-01
-8.344133545900551674e-01
-5.274654446758795245e-01
-9.208347862741539380e-01
-9.161668488808292210e-01
7.653125602717330001e-01
-7.185452471514115480e-01
-3.200000903906146110e-01
-3.285899245610348629e-01
-9.660691966920498253e-01
6.127399958254902135e-01
-1.079499727024069156e-01
-5.212884648919775543e-01
-3.749716620819176782e-01
-3.266949133146610507e-01
-5.455894033248220865e-02
-8.193383893102870186e-01
6.364706969225806255e-01
9.432627217919211660e-01
9.607455643354352315e-01
-6.635365067977365694e-01
-3.235330510064615694e-01
3.729341923913045420e-01
-8.727964465261697224e-01
-6.582611168373815325e-01
6.626455383147442646e-01
-4.199044617675529167e-02
-8.372634060698624925e-01
8.057461082463859281e-01
1.284760622119820450e-01
-9.125432016941212865e-01
1.290527797314664493e-01
6.019439089770051154e-02
-4.034039935126563226e-01
-7.793594931742147125e-01
-4.243455993634386303e-01
9.995786907672148391e-01
-2.621229468839467724e-01
-4.004102787598897706e-01
-8.376174455233911242e-01
-2.167128235652104884e-02
-5.554877803719950879e-01
7.679002157304073428e-01
-3.508655194474465944e-01
9.401156173738545174e-01
-7.407679588946962657e-01
-9.901176732185918983e-01
-6.771832397615376031e-01
-5.169854940667661936e-01
8.932836011526661402e-01
6.617783670344454805e-01
1.664968639258379568e-01
-5.187927086927330844e-01
-9.053835849085276610e-01
4.579681349147757263e-01
-6.800844552793665621e-01
-2.749376039063662347e-01
5.326658023935955111e-01
-4.617644720647227086e-01
3.110980824971769643e-01
-3.427558982939027388e-02
-7.699195142969577077e-01
-2.234815926194901881e-01
-4.697351621582044334e-01
9.951516832119877698e-02
7.496040415089695319e-01
-6.263964308025082861e-01
-4.164673677037038502e-01
4.980256715142143964e-01
-9.324878458045704477e-01
-4.494104957476974249e-02
-7.398653919067017526e-01
9.246725419585481998e-01
-8.226664179554703527e-01
-8.799167382469126331e-01
-1.949749372024913718e-01
-9.755435201515114674e-01
8.885730320529079407e-01
-7.824743914452747529e-01
-2.856043765695948089e-01
-3.240093824392653588e-01
8.277824966441331700e-01
-5.242445535020445746e-01
9.359360436453427745e-01
-4.478129611663481668e-01
-5.150600701119427693e-01
7.411806733417567461e-01
5.821715904229836092e-01
-5.236109438225611257e-01
-4.133821896049338918e-01
4.501159218159993536e-01
-5.462174685079752567e-01
-9.869345880723594533e-01
1.840384905144170080e-01
-3.082538864122819078e-02
-5.442466629979825221e-02
-8.231541960765622612e-01
7.913507350118764716e-01
-9.425037738946933086e-01
-5.028152615983239038e-01
-2.798300937500044494e-01
-6.450888658722733204e-01
-8.686114440514869361e-01
5.511914623841129846e-01
-7.168736351478695035e-01
2.077963012844825652e-01
7.420088313325408080e-01
-6.820432970358931701e-01
-3.109929502472750240e-01
4.226864533429306459e-01
-9.737134778766938226e-01
-1.749616182542197418e-01
-6.178141096282370182e-01
3.587881899087144166e-01
7.188798657356048061e-01
7.791909562751273555e-01
4.493702757809534543e-01
9.060164112986923701e-01
-5.838861408185784807e-01
-2.472517601256722930e-01
-7.704848351525122041e-01
5.265015775110519769e-01
5.786935765968637124e-01
-6.678820775234535212e-01
2.042488720357118481e-01
-1.692584433912531772e-01
-8.899336042602001839e-02
-1.239724087264550967e-01
9.243210512094479636e-01
2.749365616291918890e-01
-3.379872600451321318e-01
2.196224042958763167e-01
3.618281014367585868e-01
7.881363539011647656e-01
7.272172871752524692e-02
-5.453252766032592458e-01
-5.831394762041655078e-01
4.106119218969843665e-01
6.653852597096341359e-01
4.794758424861549351e-01
-2.820977736812748660e-01
-1.791344072621627870e-01
-5.325287866826000638e-01
-7.761072345100172853e-01
-7.645809252906430320e-01
8.386180206782978264e-01
7.780194818056900274e-01
3.272210406288111884e-03
6.170762670642524483e-01
4.430629529616814111e-03
2.378262265822372878e-01
-8.192398643122962287e-01
9.148403735145929083e-01
8.825191819701370122e-01
7.819311417840082434e-01
-4.105742142468682410e-01
-8.926990501535712053e-01
2.804149444031827088e-01
1.102113292374009568e-01
3.822337286339738682e-03
-5.129046238332641838e-01
8.125826069735027080e-01
2.417615175141918371e-02
-1.032041709726856382e-01
-8.910115826721973775e-01
-9.892021814896456711e-02
-5.914312016958249707e-01
1.355372649844979183e-01
5.370050559091614772e-01
-9.049903248131236921e-01
7.512470535861153209e-01
2.476755112107975609e-01
-2.490395987042126613e-01
-3.935925272544904541e-01
5.059434676942011766e-01
-4.628106985044224686e-01
8.066860609995751830e-01
-3.268821273095383617e-01
1.545252662325435900e-01
-3.249606697418996326e-01
8.542638286985368978e-01
9.727061960604137525e-01
1.518972355377412597e-02
-5.683260749148533186e-01
-9.340166363672879335e-01
-4.241076559227165976e-01
-9.252907563802497126e-01
-5.158206190065905972e-02
8.528722746470664973e-01
5.068599626844916273e-03
-5.434134043470952857e-01
8.574261065596551212e-01
-2.975140298054901322e-03
-2.085114074636473802e-02
-8.590132082704426963e-03
-1.265397323494998894e-02
-3.910990313859863399e-02
-1.620235835297181293e-01
6.318220109816086172e-02
-4.528923526561567936e-01
3.234864573312734581e-01
-1.166855220940570259e-01
-1.417867255041151964e-01
-4.923712843818504048e-01
2.394667087218458335e-01
6.352308676215334682e-01
-4.394266226271570375e-01
2.733388006058905528e-01
-5.678274957489699570e-01
-9.856367060857658124e-01
-4.696942367843506272e-01
-5.560033637600860779e-01
8.526204792450127190e-01
8.305871439586980376e-01
6.729408810455643764e-01
8.182802462020284384e-01
-3.853546387485120572e-01
1.209064195197271374e-01
-4.167247405537644056e-04
-6.073369719008552270e-01
6.572040414240358785e-01
-5.341923613199206500e-02
-4.442878778617540547e-01
-9.944932663741390400e-02
-2.293751554166985063e-01
-7.071744090424951779e-01
5.017890433917429061e-01
-8.106152209851429369e-01
8.374979895664957930e-01
-2.043388039402411760e-01
-2.568710242284895084e-01
7.942048003248236565e-01
-1.054810890097113152e-01
-9.223050147137599186e-01
7.521541654318832926e-01
7.320218189303879797e-01
-2.156740904139662351e-01
4.502962806603050261e-01
-4.522538625153547098e-01
-3.134590480547982949e-02
2.387411402895054380e-01
-2.975846511882533907e-01
-7.369200197802894259e-02
1.032859213404380139e-01
3.821061111976136182e-01
7.363869832917513403e-01
-9.828623292427003388e-01
9.593000932514397228e-01
-3.816271781049325185e-01
5.643638395870766988e-01
1.490561865491655258e-01
5.223853597113770064e-02
-9.055098322066879035e-02
3.618273108163132523e-01
-7.375126821400592725e-01
-9.840840825023686733e-01
3.650622925017750209e-01
2.740715387782741708e-01
9.671767246687907882e-01
-5.053810798149513950e-01
8.479971035059490347e-01
3.138079508352844549e-01
-6.902528919501769167e-01
-2.804698979810118509e-01
3.976370296425917328e-01
