4.974923886638329407e-01
-1.929978058402590513e-01
-4.208446693354408463e-01
-3.887527881786085882e-01
4.493026182796022727e-01
-1.918108236869107142e-01
-1.688932904434028437e-01
9.983636330819187776e-01
4.956195947153387849e-01
2.020129504094554385e-01
9.798332791107622342e-02
-1.761908871529409559e-01
-4.218283042622625878e-01
-5.683973759065927833e-01
5.599839240765596138e-01
2.982475060545892731e-01
-1.695753399604114087e-01
-9.329170695509116928e-01
-4.449867664403148737e-01
1.122979839003717117e-01
-5.970868599244825159e-01
1.273844531061107954e-01
1.346716877489169129e-01
9.599802928063716490e-01
1.653244012450834077e-01
-7.876478835670046585e-01
3.881271550279017379e-01
4.125635923472548150e-01
-8.687765355345442586e-01
1.155137212701262683e-01
-6.271681065427885393e-01
5.690399217973118873e-01
-8.327624141383014322e-01
-1.165162384077496061e-01
-4.520134344255588577e-01
-7.811590330947093541e-01
2.278308717369228464e-01
-5.934098459694983063e-01
1.834352915955839158e-01
3.144929502360804818e-01
-2.305315380177563878e-01
-9.397163769218102036e-01
7.039686317946780569e-02
9.332350440250214429e-01
-5.155649149988927871e-01
7.528070395680361848e-01
-8.104195001212257665e-01
-3.512088162272504199e-01
-4.948300865186119335e-01
-2.013744666021777263e-03
-8.072341182877700305e-01
-7.396168788482235801e-01
-3.794840312369796020e-01
-2.673078476210974941e-01
-2.486518083720807848e-01
2.967987220934691361e-01
5.963741044135675295e-01
-9.654959852198805592e-01
-9.977776831567704008e-01
-7.354599269781727511e-01
-5.863563258468904582e-01
5.742417659510481442e-01
-5.479301538451939457e-01
1.216438156603549814e-02
-5.224014586545713268e-01
-5.297838033888211395e-01
9.249461634785725028e-01
3.950300164258013780e-01
7.597099574625805207e-01
-5.997590070928133787e-01
-9.037078725721172656e-01
9.769353951387254043e-01
3.733898157465329604e-01
-6.474823474993196548e-02
3.557741082497101193e-01
8.631595147342914220e-01
2.581138397863298461e-01
9.134287035807280297e-01
4.702240809057869342e-01
-4.320201638901810526e-01
-9.630308389491908372e-01
8.684637825307817138e-03
-3.005933900248447532e-01
-7.275573107937154393e-01
-1.723840018670879104e-01
-1.856227734693483011e-01
-9.070256819522990455e-01
-3.030009469138870148e-01
3.524383989575827769e-01
-5.741235254717196312e-01
9.221104817500624939e-01
3.621598885471946083e-01
-7.421588098179245918e-01
6.528512545094395936e-01
-8.604676269926527787e-01
5.407223582284916841e-01
1.510114775759912042e-01
-4.969809859292251275e-02
1.174242492333354981e-01
-1.874755189613499518e-01
-7.804275040837203026e-01
-6.254024768678081436e-01
-4.405233036781002198e-01
5.424761809194351692e-01
-2.269340099249650411e-01
2.280255302307081511e-01
-4.276158727890777556e-01
-2.929630717666069639e-01
7.154000382696028559e-01
-1.920011389122968648e-01
4.822563828527635099e-01
3.424189546916629467e-01
-1.275418700830046603e-01
7.176308679586618222e-01
-8.477822755728712245e-01
-6.114061681832796413e-01
-8.471633594249803334e-01
-6.425475822401058856e-01
-4.981158442343200932e-01
-6.390609099799349213e-01
-2.978927639671964389e-01
-6.074615803479987974e-01
6.819661741293414625e-01
4.182459990779594516e-01
9.079225550102789644e-01
-5.101822381713483345e-02
-4.885763160976557273e-01
9.139756076580041189e-02
-3.200059907965302486e-02
5.671546929120367952e-01
3.684110608829851419e-01
-9.103061632859166252e-01
8.522640437732067475e-01
-3.489458801692852941e-01
-1.350454929031084106e-01
-6.132878135866661751e-01
-9.349754933519871525e-01
9.360042845024598712e-01
-1.793056351561774786e-01
-1.402807937806362926e-01
-3.578693477608809737e-01
8.187891393571766763e-02
-4.788044922545215965e-01
-7.219071733354125442e-01
7.009569783784399544e-01
-1.952330790454970266e-01
6.137963212555921366e-01
4.170498038640537697e-01
3.277363123692755842e-01
-5.545615881520713497e-01
-7.507675893434366809e-01
7.134776293656179824e-01
-9.752227494040741629e-01
-1.394461627789420621e-01
4.124909202247821760e-01
3.108480561600845959e-02
8.832499566318257056e-01
4.120937179821648755e-03
-9.927034011851592066e-01
1.188187103715572235e-01
-2.532925687148290805e-02
5.638056790031318322e-01
-2.378966985326163019e-01
8.320909436643952883e-01
-9.609292673601392831e-01
2.714609312077296277e-01
1.991511672007935108e-01
-4.336815164768137443e-02
-5.335838896541367227e-02
-7.241813230642411003e-01
4.652577776904553986e-01
7.177402953884428616e-01
1.511679874890952124e-01
6.516674857988831171e-01
9.266764813225913944e-01
4.307762562994981170e-01
2.549242412900816213e-01
-3.002143060476094583e-01
7.678238338605962721e-01
9.799782378051249410e-01
1.893378097786087011e-01
5.814349065825472618e-01
2.627445051376307017e-01
2.668792251749660949e-01
8.378729851998787392e-01
-8.184440563389465684e-01
-6.309854405505510577e-02
3.827604874843375526e-01
-2.576696488661012197e-02
2.680632464742735976e-01
-2.187608093428730083e-01
6.222135416166993949e-01
5.455994226528315671e-01
-3.337760161260319158e-01
5.368806895348958719e-01
6.681358606873355477e-02
8.446201439074261241e-01
5.463659414054493624e-01
4.243760615054341656e-01
9.694551555274617538e-01
-1.217868486944857498e-01
9.299865994761968846e-01
-6.813814234577937334e-01
4.535294145916743958e-01
4.292153577714143964e-01
2.992751236038684315e-01
-1.042930895618250364e-01
-6.961692873372380408e-01
4.408925016971294575e-01
-7.438627345605006713e-01
-3.872710565375383496e-01
6.131558986344838313e-01
-6.097361970975470058e-01
4.203330364726722834e-01
-1.612592203339371366e-01
-9.682989070254179875e-01
8.473806588923491478e-01
2.824675834185539358e-01
8.188417041742335201e-01
7.089701597878710349e-01
-7.126900552617287943e-01
-4.200954141510284678e-01
-3.997799062247637814e-01
-6.633102555477661255e-01
-2.655215897691305393e-01
8.692497984061735572e-01
6.904438847824510006e-01
-6.943124380994158962e-02
4.510710599695817447e-01
3.592777504536879274e-01
4.226063016367536118e-01
-9.418697638984292464e-01
6.581156944568840039e-01
6.602800450451384862e-02
-1.948050619019958685e-01
8.787789070533946756e-02
4.819009334310822013e-01
9.842537013921472955e-01
6.302818281254882748e-01
8.611403340773224890e-01
-2.234118646296399113e-01
4.539538335141086733e-01
-4.030583597357937364e-01
7.046437446507824998e-01
-6.136504607738488826e-01
7.817757016975290796e-02
6.672282386521244391e-02
-1.211740407415682341e-01
3.825992858019138243e-01
-8.395592359128778437e-01
5.315822041869089354e-02
-9.421250823562350440e-01
8.822311011157135674e-01
-7.096884102463185684e-02
-8.421795527079927179e-01
3.578795461000576772e-01
-2.756865466428815026e-02
-8.265185323817214602e-02
8.527753837509293167e-01
-1.522587119374265718e-01
8.309780087897165046e-01
-3.153285152614890841e-01
-7.245447190917786440e-01
-9.259146026103972638e-01
4.064032394009224891e-01
