7.181791157081045540e-01
-8.344133545900551674e-01
-5.274654446758795245e-01
-9.208347862741539380e-01
0.000000000000000000e+00
7.653125602717330001e-01
-7.185452471514115480e-01
-3.200000903906146110e-01
0.000000000000000000e+00
0.000000000000000000e+00
6.127399958254902135e-01
-1.079499727024069156e-01
-5.212884648919775543e-01
-3.749716620819176782e-01
-3.266949133146610507e-01
-5.455894033248220865e-02
-8.193383893102870186e-01
6.364706969225806255e-01
9.432627217919211660e-01
0.000000000000000000e+00
-6.635365067977365694e-01
-3.235330510064615694e-01
3.729341923913045420e-01
-8.727964465261697224e-01
-6.582611168373815325e-01
6.626455383147442646e-01
-4.199044617675529167e-02
-8.372634060698624925e-01
0.000000000000000000e+00
0.000000000000000000e+00
-9.125432016941212865e-01
1.000000000000000000e+00
6.019439089770051154e-02
-4.034039935126563226e-01
-7.793594931742147125e-01
-4.243455993634386303e-01
0.000000000000000000e+00
-2.621229468839467724e-01
-4.004102787598897706e-01
-8.376174455233911242e-01
-2.167128235652104884e-02
-5.554877803719950879e-01
0.000000000000000000e+00
-3.508655194474465944e-01
9.401156173738545174e-01
-7.407679588946962657e-01
1.000000000000000000e+00
0.000000000000000000e+00
-5.169854940667661936e-01
0.000000000000000000e+00
0.000000000000000000e+00
1.664968639258379568e-01
-5.187927086927330844e-01
0.000000000000000000e+00
4.579681349147757263e-01
-6.800844552793665621e-01
0.000000000000000000e+00
0.000000000000000000e+00
-4.617644720647227086e-01
3.110980824971769643e-01
0.000000000000000000e+00
-7.699195142969577077e-01
-9.843346506096755100e-01
-1.672481454003635903e-01
-1.096148842032196313e-01
-6.228179127167248197e-01
0.000000000000000000e+00
-9.540498208052399232e-01
8.409319391266494303e-01
-9.714884041184386199e-01
6.807171464941466077e-01
-8.735834491054439432e-02
1.000000000000000000e+00
1.446403952999493203e-01
-5.241016213603968410e-01
6.821190624237001288e-01
1.000000000000000000e+00
-5.393592341302371196e-01
-6.954823973896337996e-01
-7.712583224921170100e-01
3.316337825616657575e-01
-2.203386251811667584e-01
0.000000000000000000e+00
0.000000000000000000e+00
0.000000000000000000e+00
7.022589556379725817e-01
5.484129623111710927e-02
7.210372077702495996e-01
0.000000000000000000e+00
7.612213557670257646e-01
-2.397623173995424573e-01
-4.589434475069484876e-01
-8.347323038170377796e-01
7.162014262930394004e-01
0.000000000000000000e+00
0.000000000000000000e+00
-2.910050153184469135e-01
-8.539967808543629246e-01
6.119623210777018762e-01
-1.950419283425606221e-01
8.017932559139648863e-01
6.740079298894947613e-01
8.806999760985154690e-01
8.587534911388954306e-01
3.577356372582030097e-01
-7.137025888584738187e-01
8.411883130185744406e-01
5.034751712446601246e-01
-9.824990207826245214e-01
1.118305359274924804e-01
0.000000000000000000e+00
-1.313624387919820613e-01
0.000000000000000000e+00
9.183964495971492781e-01
-9.390075814234646323e-01
-6.867174598976284461e-01
-6.956229309275896444e-01
-6.559678538726774200e-01
-9.356566677482878180e-01
0.000000000000000000e+00
2.194725737373077745e-01
7.803351421645183805e-01
0.000000000000000000e+00
-1.103849570350465825e-01
0.000000000000000000e+00
3.053830776629706811e-01
0.000000000000000000e+00
-7.555602592088750402e-01
6.886240172779873880e-01
2.749365616291918890e-01
-3.379872600451321318e-01
2.196224042958763167e-01
3.618281014367585868e-01
7.881363539011647656e-01
0.000000000000000000e+00
8.713598198058760680e-01
5.678793912572921432e-01
0.000000000000000000e+00
7.092617001935042076e-02
8.297215505974566696e-01
3.216254774112028425e-01
0.000000000000000000e+00
0.000000000000000000e+00
0.000000000000000000e+00
-4.748045239274301110e-02
-6.711086323527248876e-01
1.000000000000000000e+00
0.000000000000000000e+00
8.320131130762418170e-01
-2.080671678091121635e-01
0.000000000000000000e+00
0.000000000000000000e+00
0.000000000000000000e+00
5.994668105164779881e-02
-1.515189362928210937e-01
-7.761028133636733717e-01
0.000000000000000000e+00
0.000000000000000000e+00
-4.276867837926752181e-01
9.082230363394805384e-01
0.000000000000000000e+00
2.397793105221821541e-01
0.000000000000000000e+00
7.829340307936754062e-01
-9.527795765955879848e-01
0.000000000000000000e+00
0.000000000000000000e+00
-1.486012252166908354e-01
3.196837393061982002e-01
0.000000000000000000e+00
-2.593288287797077540e-01
8.125754363596453533e-01
0.000000000000000000e+00
3.991959060495644529e-01
1.000000000000000000e+00
6.544294911757762012e-01
0.000000000000000000e+00
-1.293423627819487720e-01
7.772112030199862520e-01
4.341769726067883362e-01
7.488356103531124131e-01
-1.258805092094339440e-01
-9.834543209863257918e-01
0.000000000000000000e+00
1.000000000000000000e+00
4.457334714342997550e-01
2.047200415941365925e-01
1.330893255976193235e-01
-8.156274981032463067e-02
0.000000000000000000e+00
-9.495808544584061206e-01
0.000000000000000000e+00
3.370123919790495304e-01
8.590008103087987124e-01
-6.455734187292316850e-01
0.000000000000000000e+00
2.217664728183053047e-01
-7.853243302548351679e-01
3.739440897677430709e-01
9.518497600786324231e-01
4.130477587596863565e-01
-5.294766519730633725e-01
7.338414975210341140e-01
6.994608599520319991e-01
0.000000000000000000e+00
0.000000000000000000e+00
4.085424584659578251e-01
-4.213479804891868685e-01
9.592753050712736762e-01
-1.960195672124693811e-01
-9.100434742844356606e-01
-5.714393698163628965e-01
0.000000000000000000e+00
4.894962562600380096e-01
-5.905884274931003652e-01
0.000000000000000000e+00
8.360930698860551402e-01
0.000000000000000000e+00
0.000000000000000000e+00
-8.357323166290251404e-01
7.870154781471454530e-01
0.000000000000000000e+00
5.565270601046568011e-01
1.000000000000000000e+00
2.561866029124830746e-01
4.785619326686350039e-01
-4.233236278747654069e-02
0.000000000000000000e+00
2.621619783377020507e-01
-2.870561629090306877e-01
-9.483410817150097483e-01
3.048755527362396744e-01
0.000000000000000000e+00
7.616829020988902244e-02
1.000000000000000000e+00
0.000000000000000000e+00
-2.871957896300629809e-01
0.000000000000000000e+00
9.122969865604815265e-01
0.000000000000000000e+00
7.352125363026216220e-01
0.000000000000000000e+00
0.000000000000000000e+00
-5.411433453471408139e-01
-3.627601128494413185e-01
0.000000000000000000e+00
-6.238899661584322853e-01
8.803223463075524613e-01
-4.417672828023917475e-01
0.000000000000000000e+00
-2.892950663019393520e-01
0.000000000000000000e+00
1.000000000000000000e+00
0.000000000000000000e+00
-3.906428941645747610e-01
0.000000000000000000e+00
-8.347967094515393871e-01
-7.880844864020493112e-01
-5.587643728561777490e-01
2.402481946396735069e-01
0.000000000000000000e+00
7.440201879083017111e-01
-6.902528919501769167e-01
-2.804698979810118509e-01
3.976370296425917328e-01
