2.494942395357768739e-02
-1.620175819370759385e-01
5.031772179204909712e-01
-5.238113781568778382e-01
9.296995837225525694e-01
4.708736023505075696e-01
-1.862787970468533505e-01
-5.862985502534856508e-01
5.141946690082608296e-01
-6.930022785442560007e-01
-9.788611874770176691e-01
-9.836460730924190266e-01
-9.297748158953837994e-01
-8.045728761818637942e-01
7.512119270531738557e-01
-4.865079833846981394e-01
6.881125311223479368e-01
-2.578713239590950668e-01
-7.246435420133803262e-01
-7.300664309508479999e-01
8.300613723312082470e-01
3.617077938436237261e-01
-4.797040747488501289e-01
1.586175205832272006e-01
-2.427928178694689354e-01
8.858952483169779679e-01
9.656509489613140929e-01
-1.020171853396525385e-01
2.800381294176064184e-01
-5.897444165853760190e-01
-5.170898856491841222e-01
7.596481073461887057e-01
7.123734708820552708e-01
6.725590760415656177e-02
-8.084855095346186182e-01
6.389141477242787914e-03
9.794441119396530837e-01
-2.276165889378067853e-01
-1.859864242547610846e-01
-9.452702449692780284e-01
6.326907380777342382e-01
-5.447908591502554909e-01
8.592550666267608772e-01
1.562498370726792540e-01
-8.509077061760510485e-01
4.287051662083984915e-01
6.658487036152653804e-01
-1.339080177143754380e-01
-7.532889260763275807e-02
5.998960017534353817e-01
9.851655596747523891e-01
-6.361432756325111626e-01
-8.107725054250194408e-01
-8.534944421017609528e-01
5.660539703987934601e-01
-1.088431654710380059e-01
3.322423789060631183e-01
6.855545143788317475e-01
3.185884004661696522e-01
-5.680669001849507627e-01
5.962165076117054152e-01
3.685429999079503638e-01
-1.089829523625303054e-01
-9.008764633515882192e-01
-1.903847851178781525e-01
9.485131500012817796e-01
-2.335425567026179205e-01
2.339745533181101234e-01
-9.686696195865402981e-01
-2.288031285350500266e-01
-4.681634855827296882e-01
-1.055632289373125143e-01
-5.537056985809432064e-01
-1.343115486626014210e-01
-1.950707873086636734e-01
-2.890232198889686188e-01
-9.325906707832494202e-01
-7.613560260015204140e-01
8.250830418626493579e-01
5.662956401583389976e-01
7.357789054612904334e-01
-6.132772632657326195e-01
5.667741959772902849e-01
-4.825670674424591411e-01
2.714966699102656644e-01
-3.829028447458895368e-01
-1.069384265561437175e-01
5.262098687934357866e-01
7.138740291583323128e-02
-6.049318411580297816e-01
-3.250360357820467616e-01
1.315528797892571156e-01
-9.323918680359113420e-01
-9.961464881621417966e-02
-5.395827825917631770e-02
-8.576132187978997568e-01
9.312221245499874289e-01
-5.905356975717594992e-01
3.607662664421482646e-01
-1.799671443548784833e-01
-3.085717470883220237e-02
-8.404355270050012372e-01
-8.293393987309638504e-02
5.510054778250037533e-01
-9.210015846144032903e-01
3.783501857943825097e-01
1.950914201509379442e-01
3.798056019301807584e-01
4.807544097156659646e-01
6.391595290210829727e-01
-4.355350833730176063e-01
2.060872805619549109e-01
-6.805869471500463064e-01
9.669000417603472730e-01
-2.379549879254843070e-01
-8.490910646186051736e-01
-3.104448429647799212e-01
4.683589732161710373e-01
5.299639279125623048e-02
6.443990720215240220e-01
1.678852001011903461e-01
8.111464564584918158e-01
8.148867523143468183e-01
2.003350644999675190e-01
-7.064499917804138995e-01
-6.514924209008057243e-01
1.771752830779624865e-01
9.383702497112116347e-01
-5.346528631289644284e-01
2.811025926131971442e-01
-1.079366478184569100e-01
-8.285511132684908464e-01
-8.912768251514391338e-02
8.803769158955021545e-02
-1.811649806056399026e-01
9.092261321560717313e-01
7.767419713744334597e-01
-7.840769263839737491e-01
5.936900405976592854e-01
-1.784913426248622148e-01
-1.351706553429776747e-01
6.936377742710653216e-02
-6.488748548678842099e-01
-6.248580357792328233e-01
-1.351375618008354706e-04
-7.445354753562085648e-01
-6.737618180478381902e-01
-9.124633076057067083e-01
4.196239627037610109e-01
9.908016383091413637e-01
-5.121780786038248046e-01
-6.780715818696392283e-02
-5.779092259355533834e-02
-9.976329336539853099e-01
-1.513015131693637993e-01
9.615813933265793256e-01
5.915908817197621516e-01
-6.746509076138778038e-01
-5.989431030591165772e-01
-2.817747385592155318e-01
9.167024789536861729e-01
-1.135557159593727494e-01
9.845579573897216275e-01
-4.132208813033915185e-01
9.489680797532620282e-01
-3.299362111054777724e-01
-4.991501145436492148e-01
-8.530110388972063085e-01
-3.374921105448636105e-02
-6.943014220686771765e-01
8.649968303911406142e-01
-6.048339537163667234e-01
7.522035039252550348e-02
-1.631599251220343660e-01
6.770944936020979465e-01
8.464102809547653372e-01
-2.661752053074231128e-01
-9.824931899899556065e-01
5.838100023542760475e-01
-6.825076378850365444e-01
-1.227442616277463205e-01
4.489398036452514340e-01
4.170653748437043173e-01
5.124301239167818878e-01
6.433019374707216187e-02
-2.860829882559940973e-01
3.323864459241034908e-01
-1.676374777006388594e-01
-9.105883704128172607e-01
-6.573605917907876517e-02
-2.582728461809711273e-01
3.928176744702727152e-01
5.981714754092601893e-01
-8.795891410049954118e-01
6.888380379575282930e-01
7.409551830646154968e-01
2.945442101737896223e-01
5.807408802573836848e-01
-7.260508529168094860e-01
-3.604137786549688194e-02
-4.740834831074269839e-01
-2.598210587526579296e-01
-4.434725845910718611e-01
-9.268707395350215261e-01
5.977003183923961238e-01
1.984941634198396088e-01
-5.246935201137346017e-01
7.756876787898485670e-01
4.758692193268330151e-01
-2.543948194110190464e-02
-1.704947303152166693e-01
4.546990992325443681e-01
1.525777148519524840e-01
3.929559175995018805e-01
4.584695025701763793e-01
-5.457273814986962623e-01
-6.946711046881028917e-01
-6.435956740385100350e-01
6.479287048927462322e-01
9.865238464954162456e-01
-2.920043146381550159e-01
-4.816894554603876610e-01
6.460432823755626330e-01
6.989038029331027246e-01
-2.727203310510528667e-02
-8.498395065009352045e-01
-1.475171070868781520e-01
2.567635395497525064e-01
4.235502683034475524e-01
2.019440317409197938e-01
5.547341984286913164e-01
2.481636240827584938e-01
-9.814249089154782890e-01
8.080253866837538990e-01
3.379798702367649010e-01
9.444221212169892077e-01
8.985476758939061614e-01
1.634611195607633682e-01
-5.283756982554663750e-01
-1.969178331703071994e-01
-5.438286982946076709e-01
9.836703981397496577e-01
-9.985393783930056610e-01
-2.264568928278241078e-01
1.701471582432476648e-01
2.090853476385123866e-01
-6.489212864618272292e-01
-5.697260045633210090e-01
1.429484188042700055e-01
-5.226160673225841435e-01
1.896326016359717315e-02
3.129113665858413995e-01
4.563916268816781141e-02
-3.504007483762361375e-01
-2.984783473984644608e-01
1.301445235552767254e-01
6.362706015411587757e-01
-5.762901810870135755e-02
6.377500016099892921e-01
-2.982492046240126093e-01
4.135957389425135577e-01
-1.342375093796024377e-01
-3.244359783680126341e-01
-3.683783543921130832e-01
5.996784334760780766e-01
