7.516034618133913270e-01
-7.746294294513655920e-01
8.355819982863259554e-01
5.719986855304082241e-01
-5.222551421492367396e-01
-6.142276540478806002e-01
-5.794006360041878967e-01
2.647008134886676967e-01
4.362414055571650628e-02
2.085760187136433963e-01
-1.328692222840768267e-01
9.753870263099166937e-01
1.396828930749518527e-01
-5.403860248994534210e-01
6.037157635778103160e-01
-3.101222001498546987e-01
8.603795118857235913e-01
-7.506997697857051843e-01
3.454502177864198220e-01
1.693598225032100224e-02
-2.847019943797794994e-01
-1.340471526061381979e-02
4.993943901067734448e-01
6.485932613007856506e-01
-2.830625757717064594e-02
9.543691928214670384e-02
-8.500896229830976480e-01
-4.599433573139253273e-01
-1.728962422687645439e-01
4.166074020160246416e-01
8.381083378332099265e-01
2.562999212872987265e-01
5.119304761605449894e-01
-7.633135706694673672e-01
-6.152527815077717399e-01
-2.725152047448391457e-01
6.276122573428630780e-01
-5.707432228100461913e-01
-8.385302918652828286e-01
9.305711338124766918e-01
-8.444835452424057642e-01
-3.804108458629693601e-01
2.856634036430993895e-01
-2.399461851717563654e-01
3.231521002554260669e-02
-6.757252828629929375e-01
1.132161084163816334e-01
-2.121898186946031828e-01
-7.211605591103680268e-01
2.389454448585115465e-01
-2.331961442255641170e-01
-8.169774287679278935e-01
2.899936203431108250e-01
2.034493553258869269e-01
1.690904433741069468e-02
-9.930221849391009936e-01
-7.961326224225440118e-01
5.734086798171347255e-01
-5.444372247561506395e-01
-9.729541205536087478e-01
-7.224847636887554714e-02
-2.385639938999273291e-02
-5.519221065374206869e-01
-4.543460815622988314e-01
7.534084959099007772e-01
-9.185619385456524899e-01
7.165770186156672494e-01
-8.559312553185587369e-01
5.649600893438766480e-01
8.426320067047843310e-01
1.863775735980337522e-01
-2.811435674543749652e-01
-4.715492779375647370e-01
5.598900436272782333e-01
9.061486192509793369e-01
9.124898907249259228e-01
4.453590141661263324e-01
-4.181902807476618467e-01
-4.375306467441297809e-01
4.260430316946239859e-01
-2.270514753211352321e-01
-7.954627568840084706e-01
-8.447446457141045695e-01
-4.227523829458081916e-01
7.245228986856886433e-01
3.182496589883556659e-01
-5.021452652215911971e-01
-1.120622826602613031e-02
8.362559323345071238e-01
-7.287468750288328412e-01
-4.515730135107887122e-02
-5.736572620247224474e-01
8.552774509601548392e-01
5.349688981648981212e-01
2.775650482108311667e-01
2.228660567091034217e-02
-7.743751092336381703e-03
-3.459586430047572048e-01
-4.157786701800005869e-01
5.408120565967557969e-01
-4.099267962023871448e-01
3.262873919884854423e-01
-9.033418606674721296e-01
-1.505797426280484075e-01
6.504978942403205622e-02
3.496625473442700471e-01
-7.185851972057335502e-01
-5.280559545515268738e-01
-8.354067967742118128e-01
1.819086024940912427e-01
6.310937031636454364e-01
-5.117721144353715168e-02
3.953851922076292436e-01
4.131457620130563058e-03
-3.289739040908057355e-02
-5.007143475244502095e-01
-2.373521043294541943e-01
6.679390587094635734e-01
1.013319696800711878e-01
2.429749850838534009e-01
-4.949334461327534740e-01
6.153318469184960726e-01
-4.915988102165727014e-01
-5.770370052601880850e-01
-3.679942711494121887e-02
8.011426482266170712e-01
9.526215826020454358e-01
-9.675311709767142609e-01
-3.822135694098136582e-01
5.292117019361679553e-01
2.582069904562787066e-01
-8.942143567439251317e-01
-3.299604262417377143e-01
8.939495427453654219e-01
2.588099710598792402e-01
-1.080630754249962688e-01
6.339399694163210253e-01
8.921475596691039733e-01
4.912811808442492101e-01
7.347273596172869681e-01
-7.388025206418500357e-01
-6.289820875876093176e-01
-9.964353357630990615e-01
5.918926046382002593e-01
2.379223481420917885e-01
7.487463158120100104e-01
-1.062630190856750367e-01
-8.443294941824153188e-01
-9.369918009876170295e-01
6.123769674357102399e-01
9.859281528966887809e-01
7.859349805400670519e-01
-7.980391782348514873e-01
2.016793343769027747e-01
-2.728376090679314192e-01
-6.382197178354978018e-01
1.712883321281299942e-01
8.485656947923203575e-01
8.944930315613006666e-01
6.311415782342733038e-02
-2.321180003404417214e-01
2.351449937042651150e-01
-4.623956101951480768e-01
6.493627711930094470e-01
2.517563083150688996e-01
9.506341194066361133e-01
-1.431821382167466350e-01
3.787853638986289351e-01
-8.347481537839369636e-01
6.270459613248509090e-01
-1.012536289532195433e-01
-3.303117390054863822e-01
6.913004089511971539e-01
5.393978938924011146e-01
2.839948029481871306e-01
-3.567396226425236794e-01
-6.500673869535875671e-01
2.921735127735771709e-01
-6.139982437999764731e-01
-5.306627838289048604e-01
-6.032435463982013246e-01
-5.386154503540718785e-01
-7.790305316172800865e-01
-5.375371480036914562e-01
9.291434324372407350e-01
6.378457149823859584e-01
-9.749287575692617835e-01
-2.426534108748990004e-01
-2.773696445684930012e-01
5.128340908760800065e-01
2.045398139767280465e-01
-7.288483436928987480e-01
3.887383094964904640e-01
-2.549734321619103738e-01
2.725196757851542362e-01
7.471111113652799673e-01
-3.742551648155671984e-01
5.366249366430331236e-01
-6.405413265640422793e-01
-6.151315356062565520e-01
-6.222178309712573796e-01
-3.308848985507539808e-01
-8.962102459999468085e-01
7.523145826865655916e-01
7.384978661878049966e-01
-7.781862002000479173e-01
-4.770553773439849543e-01
7.569851248445340630e-01
-5.655932510440979666e-01
-7.534248100613414323e-01
2.324182782335797448e-01
-9.863836854683150079e-01
4.402129568719992392e-02
7.032432873872573875e-01
-5.514791201665492082e-01
4.274675196792538934e-01
-3.772611634417761817e-01
-1.646204333405449916e-01
4.384158955558359327e-01
8.791859532267485289e-01
-7.930066402239777101e-01
6.467303625726654737e-01
2.014188986389369163e-01
5.299099834178433444e-01
-2.160672406461716655e-01
-6.090948545323744412e-01
-3.968157240878005254e-01
3.798561361223613542e-01
4.369849106502623481e-01
7.010358311724818048e-01
-7.830568609665180535e-01
-6.654577580973430884e-02
9.967013820119245970e-01
5.489059235648605650e-01
8.961769953685951862e-01
-8.089786726922625348e-01
7.735189042772767642e-01
2.183640692637489611e-01
4.406470610392696496e-01
-3.864181722158721577e-02
-9.690566704100216366e-01
-2.975846511882533907e-01
5.819607180421837445e-01
-5.484334007338020900e-01
-7.429177946534601951e-01
3.807374011266939640e-02
2.576742779855369925e-01
6.843403862452168696e-01
-7.899228342279627224e-01
3.119835300980891013e-01
-3.211340514458300710e-01
-4.610776957308984070e-01
-4.855614669091430358e-01
-3.829330043071370593e-01
-1.222560563562138380e-01
-5.235571501128992722e-01
-1.094673533605443616e-01
-4.208270907086333334e-01
7.698407636798623166e-01
3.897136748244374171e-01
-1.512278885206030932e-01
-8.141465546318928936e-01
8.714606137558282839e-01
7.751160542093802341e-01
-2.800194334263781393e-01
