7.722313433112757419e-01
0.000000000000000000e+00
8.306490684946783443e-01
-8.261170679407612294e-01
-5.034508827213413085e-01
9.393167577888483777e-01
0.000000000000000000e+00
9.804972399447189346e-01
9.230621614490885918e-02
-9.403164525148355324e-01
-4.770829156731748455e-01
0.000000000000000000e+00
-4.964377477085197832e-01
-9.861974762967269381e-01
0.000000000000000000e+00
8.647700625946512787e-01
-1.783328337272276354e-01
7.302367764321811006e-01
-2.518739047241456142e-01
-8.036835687630541347e-01
7.872670428712447155e-02
4.354436867453648219e-01
-4.468058558393119828e-01
3.931798919718298979e-01
-6.701546099224491293e-01
0.000000000000000000e+00
0.000000000000000000e+00
0.000000000000000000e+00
0.000000000000000000e+00
-2.857664149501830675e-01
0.000000000000000000e+00
0.000000000000000000e+00
-4.293249838431947296e-01
-6.045924040774401931e-01
0.000000000000000000e+00
0.000000000000000000e+00
0.000000000000000000e+00
1.808257596372240261e-01
-8.937746997389119930e-01
9.186593175907711295e-01
0.000000000000000000e+00
0.000000000000000000e+00
6.031501095968552217e-01
0.000000000000000000e+00
-2.385434554947885033e-04
-2.453443756776119145e-02
4.262602555008372374e-01
-1.524984952634773627e-01
-4.626997473539642414e-01
5.896585425140576930e-01
0.000000000000000000e+00
4.300471701003540925e-01
0.000000000000000000e+00
-5.211002522688672478e-01
0.000000000000000000e+00
1.283877937208881548e-01
-6.408299290817638383e-01
-7.264761609764007755e-01
1.000000000000000000e+00
1.000000000000000000e+00
-1.314197647079429210e-01
2.406214245805333718e-01
0.000000000000000000e+00
-7.204619970058250278e-01
-4.800475398294989926e-01
2.175123546749215819e-01
0.000000000000000000e+00
-3.920273166888632588e-01
0.000000000000000000e+00
5.588477586639866157e-01
-7.342480673418974035e-01
6.820183346170256566e-01
7.017386892143440136e-02
-2.145842167109757170e-02
0.000000000000000000e+00
2.014613582723079332e-01
3.945243077436351165e-01
-6.148458235464051569e-01
1.583251128685974063e-01
-6.473943900777723304e-01
0.000000000000000000e+00
0.000000000000000000e+00
0.000000000000000000e+00
8.839602073416015227e-01
0.000000000000000000e+00
2.388295403382212356e-02
3.355303134152920475e-01
4.757192968052532667e-01
3.806218397537299847e-01
5.267177045712143624e-01
-6.503158507648110209e-01
8.199865318643950740e-01
-5.720542569762772089e-01
0.000000000000000000e+00
9.903463591662686749e-01
-1.889217332289743201e-01
-9.993617281343141201e-01
0.000000000000000000e+00
-3.046867453842325713e-01
7.747764453365220128e-01
6.926326788054508743e-01
-6.907694495575606997e-01
1.510078029949346590e-01
-6.779425814922455107e-01
-4.613700378448877260e-01
6.007496390976230227e-01
6.934732415576891906e-01
0.000000000000000000e+00
4.698194699332569613e-01
2.093943288547102100e-01
9.277160414762553042e-01
1.000000000000000000e+00
8.435638964801326356e-01
0.000000000000000000e+00
0.000000000000000000e+00
3.438971277249529557e-01
7.033524742768377802e-01
0.000000000000000000e+00
5.719751872414453597e-01
-5.077550622022941607e-01
6.543006741103647439e-01
5.027310253067149848e-01
0.000000000000000000e+00
1.440307823562108069e-01
0.000000000000000000e+00
0.000000000000000000e+00
0.000000000000000000e+00
5.189201501542994865e-01
0.000000000000000000e+00
1.174851041051887535e-01
0.000000000000000000e+00
0.000000000000000000e+00
1.601145199354296889e-01
-7.897065614557490232e-01
0.000000000000000000e+00
2.415644686830269450e-01
-1.957875487320419605e-01
1.000000000000000000e+00
0.000000000000000000e+00
8.498914358972489147e-01
-7.339407119183640749e-01
9.937757352453351345e-01
9.363803871090645714e-01
5.799913100716787007e-01
4.986319026637267005e-01
3.962536286492999160e-01
8.006599648551939730e-01
-7.091786615108290892e-01
8.150947373346328906e-01
-2.588775830120033650e-01
5.188522651164264587e-01
-9.583646540993639995e-01
0.000000000000000000e+00
1.281467032725558397e-01
-4.370357826984587746e-01
0.000000000000000000e+00
-3.170194099368399687e-01
5.496369674881054213e-01
-1.203213786695802590e-01
5.636215224022462777e-01
0.000000000000000000e+00
7.326639871132292203e-01
-5.547826738108283529e-01
1.348831513282173766e-01
0.000000000000000000e+00
1.291167179375876106e-01
8.077374198032802877e-01
2.436024126909777099e-01
2.619532554281656100e-01
2.727020465369534019e-01
5.295918405955457597e-01
6.225143868599571917e-01
-1.577592477983915664e-01
0.000000000000000000e+00
-8.612768447603114108e-01
4.719660796696250049e-01
0.000000000000000000e+00
2.651977927262618717e-01
0.000000000000000000e+00
-2.121355519156939984e-01
-2.171575970126153887e-01
-6.509557759905508778e-01
0.000000000000000000e+00
0.000000000000000000e+00
0.000000000000000000e+00
-9.476666191847837872e-02
-1.435914155891993005e-02
-9.970537931173049095e-01
0.000000000000000000e+00
2.427048990356526215e-01
8.319185494740799491e-01
6.970422957910331618e-01
-1.059640976989366656e-01
0.000000000000000000e+00
-7.484776701046309544e-01
-5.420315740981058727e-01
4.581002417479187461e-01
0.000000000000000000e+00
5.882970377936944661e-01
8.287560455650755387e-02
9.165060208490189986e-01
-7.214588595852662323e-01
-9.871714182203861210e-01
0.000000000000000000e+00
-4.657378259010047650e-01
1.904202211584682392e-01
-1.482487351576506907e-01
6.406822938183545091e-01
0.000000000000000000e+00
7.422389927315491409e-01
-7.317805254554361483e-01
-7.569412287468455514e-01
9.898934869249613744e-01
3.330098428151515577e-01
-3.286742631814445481e-01
-6.867424679858749048e-01
-3.198960725069888156e-02
-8.637139750226974222e-02
0.000000000000000000e+00
0.000000000000000000e+00
8.474110303009707579e-03
-7.914863095713156049e-01
7.178077229545067883e-01
-6.965820220167469046e-01
0.000000000000000000e+00
0.000000000000000000e+00
0.000000000000000000e+00
-9.994048828515444960e-01
0.000000000000000000e+00
2.009527312731185233e-03
0.000000000000000000e+00
1.765238387138194920e-01
1.140132349881712859e-01
-6.947160751054393124e-02
-9.455556721237290407e-01
0.000000000000000000e+00
1.225114288013471331e-01
-4.256628995621212219e-01
-6.279368252046537702e-01
1.000000000000000000e+00
5.018276915743429267e-01
2.057752795958118774e-01
-8.205745887827762264e-01
0.000000000000000000e+00
7.889067551412087820e-01
-9.429036150173020214e-01
-4.033772453807147329e-01
1.000000000000000000e+00
-3.587458412222657156e-01
0.000000000000000000e+00
-2.317652855594483086e-01
0.000000000000000000e+00
2.397259794363215679e-01
0.000000000000000000e+00
0.000000000000000000e+00
-4.098955387389273675e-01
6.649265723505726200e-01
1.000000000000000000e+00
9.000290725112960466e-01
3.066195801653515129e-01
0.000000000000000000e+00
9.509695272052445247e-01
0.000000000000000000e+00
8.670931236063144087e-01
-6.607500977851910040e-01
