-4.886041000099852205e-01
-5.224801065919211229e-01
7.340003975617235277e-01
0.000000000000000000e+00
0.000000000000000000e+00
-1.617124968557284159e-01
-7.802172504262245845e-01
9.443397994190585454e-01
7.712362137074777468e-01
-8.907789861040606993e-01
6.449344183575469458e-01
-2.442256773539179804e-01
-7.077376534171553324e-02
-1.204623247087577287e-01
-4.167466724319393023e-01
6.304956786234476862e-01
-6.922984423989533287e-01
-2.240588035025730118e-01
1.000000000000000000e+00
0.000000000000000000e+00
0.000000000000000000e+00
-7.246910195173044134e-01
-6.646475852544264651e-01
2.560636572618193441e-01
0.000000000000000000e+00
-5.969429566320507696e-01
-8.440359937257888578e-01
-3.340659684571887222e-01
3.240031275532559984e-01
5.373198315035394579e-01
-3.265179516260370285e-01
-2.873675632177992156e-01
-3.319708215156702558e-01
0.000000000000000000e+00
-6.080119436254749488e-01
9.948259394020626534e-01
0.000000000000000000e+00
2.212919275949662978e-01
1.299513079133158833e-01
1.000000000000000000e+00
0.000000000000000000e+00
3.287789611669524881e-01
0.000000000000000000e+00
0.000000000000000000e+00
5.585153000098277420e-01
-4.818340714955238191e-01
1.771008404133296299e-01
1.753010732292512586e-01
9.835967250119184158e-01
-9.073804988232239133e-01
0.000000000000000000e+00
-4.068649460096602777e-01
-6.812714098529288886e-01
6.545633916587720869e-01
-4.886468925939224661e-02
-4.878021866945181362e-01
-6.901532966813335168e-01
-6.180717989577655391e-01
2.407556646191379990e-01
-2.848267499537566749e-01
-9.086535293593942519e-01
-2.469499933727072882e-01
-4.290943708698866654e-01
6.495581419323261940e-01
-6.808436897529024368e-01
0.000000000000000000e+00
7.286971713460743683e-01
-3.271495568547142518e-01
-9.480319125028564553e-01
1.653156732932536954e-02
-3.581062556950163067e-01
0.000000000000000000e+00
-6.907396805936127926e-01
-9.625728447850927516e-01
6.936571306751722066e-01
-5.510424628874452946e-01
4.943290489453728842e-01
-5.444915805904400052e-01
-2.962710704084126068e-01
6.051350714991790003e-01
8.555442040376761703e-01
7.628771066425370506e-01
7.327343668046732983e-01
1.877280361818076670e-01
3.947670320104670338e-01
3.287992865492803674e-01
0.000000000000000000e+00
5.943795787777854667e-01
-1.259369667901477641e-02
0.000000000000000000e+00
-2.037217025553066385e-01
7.103762146367036401e-01
0.000000000000000000e+00
6.853195995798939677e-01
-2.888803332662615020e-01
-2.321541277907233081e-01
-3.456238566842295690e-01
-4.979562181067018756e-01
-5.798936659830724594e-01
8.459687220064044944e-01
7.657203918279895660e-01
-5.324574300074580435e-02
1.000000000000000000e+00
0.000000000000000000e+00
-3.822896891846745415e-01
6.662436901903801001e-01
-8.381935473414203752e-01
4.157148825713434803e-01
-3.135352090911247558e-01
-6.499173338206447603e-01
1.734544691770278924e-02
1.867712947401822809e-01
-8.431614758803405163e-01
2.047092494578588440e-01
-8.910708348449725147e-01
-2.756978506982779020e-01
-9.824543040935644900e-01
9.422213561498193890e-02
0.000000000000000000e+00
-4.566346410021764335e-01
-8.133060335897142057e-01
4.070367778098278322e-01
4.370346333430656927e-01
4.968539537155614028e-02
-8.962275556151784173e-01
0.000000000000000000e+00
0.000000000000000000e+00
0.000000000000000000e+00
-7.884735627239820577e-01
-1.085306989418444168e-01
4.631119103916563340e-01
0.000000000000000000e+00
5.163245549396648926e-01
-6.496125084496131574e-01
-7.636927134677506945e-01
-8.143304688504247046e-01
-9.265131354359144034e-01
3.663583366595755120e-01
0.000000000000000000e+00
0.000000000000000000e+00
0.000000000000000000e+00
-6.142183010477435534e-01
-2.350504746111443666e-01
-7.396646991677495730e-01
0.000000000000000000e+00
-1.930219081760979893e-01
0.000000000000000000e+00
-8.876142262446047315e-01
9.704653547228279109e-01
2.216119672828125164e-01
-6.081788035208011145e-01
-4.171702042975815594e-01
-1.717281663620326970e-01
7.760893897872378489e-04
7.562073578256121031e-01
0.000000000000000000e+00
-1.343986514275379296e-01
7.150666689564657563e-01
1.235137433622996994e-01
-2.872091980003477207e-01
5.411561521579348888e-01
0.000000000000000000e+00
6.634199184756548462e-01
6.433491135986035836e-02
0.000000000000000000e+00
0.000000000000000000e+00
0.000000000000000000e+00
4.495006627141948652e-01
1.831012627644794666e-01
0.000000000000000000e+00
-3.424344827584069328e-02
2.976495004053496540e-01
4.506957351438924952e-01
-7.393609627872390622e-01
-7.328741726030805204e-01
0.000000000000000000e+00
-5.691171933039353981e-01
-7.115214949593982041e-01
1.862195035385649788e-02
0.000000000000000000e+00
7.494018412998708634e-01
-6.192065119844043508e-01
0.000000000000000000e+00
-9.786134933605676878e-01
-7.770309658454990220e-01
-5.138266036115564095e-01
-2.704687221583945700e-01
-3.998734667179297819e-01
7.442809466723578904e-01
-6.745619506411779653e-01
-9.187892111126723105e-01
-7.374957745662569231e-02
3.065282290175403990e-01
-6.532651509995097694e-01
0.000000000000000000e+00
-3.948502637854220954e-01
-8.226285290420527474e-01
-7.033750582440783106e-01
0.000000000000000000e+00
-2.476337340356105088e-01
-6.596742024059698561e-01
0.000000000000000000e+00
7.507814376395145484e-01
-2.137275588932219250e-02
8.276101933358110951e-01
0.000000000000000000e+00
-7.014247023182564877e-01
-5.395807253832596295e-02
0.000000000000000000e+00
-5.359848695365985183e-01
3.490804209899660560e-01
0.000000000000000000e+00
9.950195857602550653e-01
0.000000000000000000e+00
9.186280041038863420e-01
5.856331174294482356e-01
-9.474710063278053429e-01
6.821540817156546144e-01
-2.910904055654046640e-01
-6.878412684293819801e-01
-3.252337971981584808e-01
6.301265975477967629e-01
3.636856130587702296e-01
0.000000000000000000e+00
-3.610317262611724143e-01
-6.108733831921568935e-01
0.000000000000000000e+00
1.502479514190602217e-02
4.512917262589142275e-01
-6.020574883798504029e-01
-9.313547571282236870e-01
-1.511006063900561802e-01
0.000000000000000000e+00
1.000000000000000000e+00
8.335745719489031647e-01
-9.423089317058652714e-01
-8.507846446960021236e-01
-6.068544262406490031e-01
7.210602687594647175e-01
1.356633663065545115e-01
-2.481421747672432065e-01
-6.849786540183648853e-01
0.000000000000000000e+00
0.000000000000000000e+00
-5.394362169437807442e-01
-1.842039586401997830e-01
0.000000000000000000e+00
-5.505832498334761738e-01
8.749616925696344083e-01
-6.076293008371758120e-03
0.000000000000000000e+00
-5.964512981278791148e-01
-9.212480205402340250e-01
8.475083441917523608e-01
4.950947872383126835e-01
-4.140916672407657373e-01
7.295165862439525473e-01
-1.054747434293030750e-01
0.000000000000000000e+00
-1.557743215288893701e-01
-1.507158737297407125e-01
-2.538234425723102650e-01
2.927075174840572114e-01
-9.914137729308065694e-01
-4.275420670514025190e-01
