1.028730989836483811e-01
2.281252581166171023e-01
-6.551052711729110634e-02
-6.342909184318668014e-01
7.624355044646486945e-01
-8.626892340545591065e-01
7.956552380453036921e-01
7.249367147752350249e-02
1.732965200839493569e-01
9.622490478757603771e-01
5.208319104432206359e-01
-4.418118745169157258e-01
-2.654345001576159380e-01
-1.718537994336188923e-02
5.148881914179113117e-01
8.009498547302231763e-01
1.564697675412676237e-01
-8.600320670917123156e-01
-9.341550420009390177e-01
-1.997924599391056599e-01
8.876287407239658034e-01
-8.491807021108543907e-01
9.530494120388330881e-01
-9.723578369121308462e-01
-9.525535940480294173e-01
-5.512274335287936644e-02
-8.585670481014162636e-01
-3.209716130182094229e-01
9.605575294596282454e-01
9.449831127282113385e-01
5.822202589187195354e-01
4.011328004646308454e-01
-7.197393782074825719e-01
2.618355388017541419e-01
-1.229195453060278886e-01
9.687160733508337618e-01
-2.297049209563282179e-01
2.535472621127263793e-01
3.243411753495637484e-01
-7.768883584483223803e-01
3.373961977128034917e-01
-5.454339595710411270e-01
-3.883596622213236760e-01
-8.619735170386200185e-01
2.874155137546854366e-01
8.914139609199260850e-01
-8.710295743523877032e-01
5.177150774341043871e-02
6.380696441092537086e-01
-6.274763854020362075e-01
-5.497364804475721733e-01
-4.007065018345317142e-01
-6.197905453070233772e-01
-6.102755981852865386e-01
9.058228885484929105e-01
9.455103774880613265e-02
-9.640565719675535661e-01
2.029831716131591524e-01
-9.896164170564689666e-01
-4.351710561465615967e-01
-8.005009067622388397e-01
8.512302418957702344e-01
8.819075917028782463e-01
-9.158668139546917164e-01
-3.928805841526439302e-01
-4.084210762598490252e-01
-8.929751366806024659e-01
1.511521185383370991e-01
4.886327533024934500e-01
-8.502745084677223453e-01
8.392076432295709765e-01
5.945297266456377461e-01
2.300231475611997922e-01
1.858304177849827710e-01
-8.133073700116126847e-01
1.610161618492220725e-01
2.274641842482805210e-01
3.658034818781041864e-02
-6.866599751814264074e-01
-9.630351149512152986e-01
9.627309545454745265e-01
-1.452675109077372628e-01
-3.267377795574288868e-03
-4.404794621855760983e-01
8.380651372326952675e-02
-7.022484627034757398e-01
-9.823687375305563130e-01
-4.933447254943221782e-01
9.533388700077574107e-01
-8.342655643346308381e-02
7.116915558297458588e-01
9.329843547199581089e-01
-4.954754123686853085e-01
-2.672825766942199532e-01
-1.048603326737582719e-01
-9.227491635732170128e-01
5.647264392931443666e-01
8.735865520528851569e-01
-3.657479753359078600e-01
4.485762695836319480e-01
-1.668957041407848063e-01
-5.564662313529342708e-01
8.497085815222982230e-01
-1.964408342660626250e-01
9.633856015796751215e-01
-2.746069795786616474e-01
-1.261499225507334287e-02
6.119920007385386551e-01
9.125695101194437608e-01
-2.085969662506721445e-01
9.003888993643871519e-01
8.944503030000305888e-01
1.414564005970706528e-01
-2.638783674209979058e-01
7.317591468822104428e-01
-9.072022823627599042e-01
-9.235730194001010585e-01
1.564556595035559994e-01
-2.320252663160751183e-01
-3.744096963639520492e-01
2.560563097877399663e-01
1.992356923406846114e-02
5.786932370765947020e-01
-1.042741034963763358e-01
5.716924014855124803e-01
-7.768609256578966615e-01
6.471681408867397955e-01
4.411022588271287237e-01
-1.523204438931580196e-01
-9.640405823794542250e-01
6.816298177543760328e-01
-2.567196091813312986e-01
5.515049096905211279e-01
1.628374201273834476e-01
7.641529717618495976e-01
-6.631009952684465691e-01
-1.605253039135543514e-01
8.468949783897152805e-01
-9.968460277288344606e-01
3.010095750628716260e-03
-6.114121952149553785e-01
-3.913440737369577871e-01
-8.210559067455422966e-01
-9.630879102892957455e-01
-9.742669692525152136e-02
-5.693605271355612896e-01
-3.686466874779878999e-01
-2.985518067132422182e-01
-2.259593326714963712e-01
5.563023854052140393e-02
5.990089728807905800e-01
-2.097790779909687320e-01
-2.919332296808718752e-01
-8.201964794448473040e-01
3.266005773638176457e-01
-2.690899394299686165e-01
-2.173750724407754742e-01
8.261117224197835895e-01
9.974554628513241372e-01
-8.293891492784473130e-01
-7.003805623794259194e-01
-9.005240646286960526e-01
3.811957281553621790e-01
9.888668156922726382e-01
-1.468906770282425445e-01
-4.799401030589789396e-01
-5.453162087029579386e-01
6.060894398550291662e-01
2.513545550314972843e-01
1.308671331744366562e-01
5.188563762546083424e-01
-1.236586928928780083e-01
-9.667839778455469268e-01
-4.532273576775009971e-01
2.408728907965331789e-01
3.107439475440527676e-01
1.621809531734996757e-01
3.325255600270675682e-01
-6.008859618351916065e-01
-6.767270085538026336e-01
4.217717181694060624e-01
6.199227424879913961e-01
-1.906109682904078007e-02
9.131671161179901741e-01
2.676128060116043095e-01
7.900784743576021452e-01
7.117512444002587202e-01
9.306800046934595727e-01
-7.213656396189402908e-01
7.706101867759933555e-01
-7.719836658057026568e-01
8.983233463439557198e-01
-6.454107710477110516e-01
7.755126922374633303e-01
-9.221673047057672434e-01
-1.173493134426413231e-01
-6.025498572527536734e-01
5.842621510424295117e-02
-1.927060491878007653e-02
2.395005650924104668e-01
6.750362879491100809e-01
-8.878566634776303701e-01
9.963046767630023837e-01
-8.806470778232862173e-01
8.450089628255192942e-01
-2.994847978960071266e-01
-8.694306464409977675e-01
4.320204497435449209e-01
-2.309326372200748434e-01
2.070677055420000467e-01
-1.962867764596987197e-01
-7.603940476340382837e-01
5.315845216005372631e-01
3.712818053768729420e-01
1.350451580327323153e-01
-5.355183269484162789e-01
-6.607435238639076669e-01
6.912490705943337144e-01
7.809737403547312162e-01
-4.195460785314342189e-02
-4.320072233099525594e-01
-1.742025027671083581e-01
-7.254624310243178442e-01
1.340461698717581029e-01
8.596875477536534138e-01
-6.581428249317744505e-01
-4.506415011800288806e-01
4.104641464997131894e-01
-8.340289700389249550e-01
-8.039738626843151437e-03
2.699344008108068849e-01
9.733096981564672845e-01
6.574385302438112699e-01
-1.735007032946447314e-01
-5.085993268222863684e-01
-1.997233503424546974e-01
3.857063798164688251e-01
-6.188655314368163296e-02
5.004209765594034298e-01
-5.912230621148499843e-01
-6.478998419789130381e-01
-2.232192190028339240e-01
9.523364937731650937e-01
-4.488778548436791471e-01
-2.271093995702322399e-01
-8.551586640670179040e-01
7.901044488621564721e-01
8.833392025034119133e-01
6.780674816874121547e-02
-5.791311716547413724e-01
7.915251722839711235e-02
-7.227891697356558787e-01
9.234943194319091830e-01
1.792012942990361957e-01
1.187758095597259977e-01
-7.061137074098637889e-01
-9.585779271164176496e-01
8.160134445787847746e-01
9.446143264287032437e-02
-3.716813124197850815e-01
6.623749260648015280e-04
-9.740803712271339787e-01
-4.574946162145425710e-01
-1.729260971696293669e-01
8.293920393545708425e-01
