0.000000000000000000e+00
3.110561761871810660e-02
7.010737251516725443e-01
7.520113764184557237e-01
1.596365901933904929e-01
3.049565835472214381e-01
-6.419193559530447235e-01
-2.376834763107835702e-01
1.000000000000000000e+00
-2.905582891507108023e-02
0.000000000000000000e+00
0.000000000000000000e+00
0.000000000000000000e+00
-7.003450249723306431e-01
0.000000000000000000e+00
1.030758140820677848e-01
0.000000000000000000e+00
-8.044849777579639039e-01
-6.111147014259277199e-02
0.000000000000000000e+00
-7.633815752685029210e-01
-3.436849954512832817e-01
-4.299211599705914377e-01
-9.317203508651186183e-01
-7.464377089086124961e-01
6.608711409268519521e-01
5.463825706264020532e-01
0.000000000000000000e+00
-4.815186794538715009e-01
-6.093887130483750525e-01
4.010320686923696254e-01
5.646543979622191678e-01
0.000000000000000000e+00
0.000000000000000000e+00
0.000000000000000000e+00
1.248649986054952699e-01
0.000000000000000000e+00
2.863488300008558696e-01
0.000000000000000000e+00
7.395964929889340400e-01
1.000000000000000000e+00
0.000000000000000000e+00
0.000000000000000000e+00
2.913731671800920964e-01
6.565349029980360740e-01
7.070245896355180637e-01
-5.031265389906791619e-02
-1.807402015072627766e-01
7.087059504551163069e-01
1.276654111546349224e-01
-9.613890630707040419e-01
0.000000000000000000e+00
-2.945610309718547093e-01
0.000000000000000000e+00
-8.672885710547073579e-02
-8.801806947847352625e-01
-1.540157581130283670e-01
-3.503805239175150632e-03
4.594044963250807356e-01
0.000000000000000000e+00
5.133919869776359945e-01
9.716722775110469001e-01
4.431210332110200323e-01
-2.436375393103460407e-01
-3.032431948172715774e-01
0.000000000000000000e+00
7.255502648459333237e-02
2.797370586667446979e-02
0.000000000000000000e+00
2.728206875124519204e-01
0.000000000000000000e+00
0.000000000000000000e+00
-8.661637857628097237e-01
9.469534090762754541e-01
0.000000000000000000e+00
1.000000000000000000e+00
9.171128783407158647e-01
-8.434165365158152738e-02
4.139667999159308831e-01
-2.147920470662711967e-01
0.000000000000000000e+00
-9.620014396227658526e-01
-4.442120498444590559e-01
-4.456215108914052259e-01
0.000000000000000000e+00
0.000000000000000000e+00
-9.187590133854495189e-01
-3.987508135891992822e-01
5.698347323705050815e-01
6.314868185114630439e-01
8.041683217882589219e-02
-2.371875510349887861e-01
6.852482145157168247e-01
5.868091876436947185e-01
-4.603540947067890077e-01
6.539187151664977993e-01
-9.064393503812477881e-01
8.143192528405374109e-01
7.355157385919144364e-01
-1.658843474707631938e-01
-6.751482147516285615e-02
3.063560810163465931e-01
8.289907590871063992e-01
-9.828377892612620848e-01
6.930196159588728477e-01
-3.715564982289292217e-01
-5.415702219932814199e-01
2.504323070983227595e-02
6.749679288953218670e-01
-7.511462172396550230e-01
8.057598587988266114e-01
-2.047445711456561401e-01
-6.731104628967299330e-01
5.068526193664428803e-01
-2.055364366091878559e-01
-6.244422281396744268e-01
6.647868369796945398e-01
-9.623010058542711409e-01
-8.062922106986736281e-02
-4.843207255971972991e-01
-4.344147382231844379e-01
0.000000000000000000e+00
-4.992127123640555109e-01
2.542978011488654655e-01
-1.698276976929864457e-01
-8.197886019587594664e-01
-8.118230903679097832e-01
3.151759319228852885e-01
-8.966492100460297099e-01
0.000000000000000000e+00
3.735983457567553234e-01
0.000000000000000000e+00
0.000000000000000000e+00
-5.096042289185409579e-01
0.000000000000000000e+00
8.713598198058760680e-01
5.678793912572921432e-01
-7.203616076807732860e-01
7.092617001935042076e-02
8.297215505974566696e-01
3.216254774112028425e-01
-6.338876984210519705e-01
1.185628883358309515e-01
0.000000000000000000e+00
-2.981804655901456602e-01
1.708461249329789045e-01
0.000000000000000000e+00
-8.081618229627653971e-01
-3.405781956377604835e-01
-4.029856208691318109e-01
1.509775789799905343e-01
-5.921451437321858524e-01
-2.973374976043781093e-01
0.000000000000000000e+00
6.485889548273868765e-01
0.000000000000000000e+00
0.000000000000000000e+00
0.000000000000000000e+00
-1.479412137893487689e-02
-4.380974534629433759e-01
-7.485480033771618746e-01
8.513793873562731651e-01
-8.311281947567210615e-01
-6.594180644123790458e-01
0.000000000000000000e+00
0.000000000000000000e+00
-9.867239639106004656e-01
-4.069364836405695574e-01
0.000000000000000000e+00
6.690337509841994823e-01
-2.820152755347726803e-02
9.931994812686628649e-02
-7.174693036950563485e-01
-4.517856124487402703e-01
2.968168701461704195e-01
3.769090039801101799e-01
-9.837468571517085092e-01
9.577124865956001543e-01
7.669325298932514468e-01
9.444465507755788192e-01
8.080655703339167939e-01
-3.629742009069345521e-01
-1.299277810140697653e-01
0.000000000000000000e+00
2.145596938925082853e-01
-6.259904397982891666e-01
5.396947989485778585e-01
8.767235357195393153e-01
-9.590518126188407599e-01
6.689133742101243119e-01
0.000000000000000000e+00
3.822575403751549139e-02
4.216653972213471047e-01
4.048939874660997251e-01
-7.961817535539670310e-01
0.000000000000000000e+00
0.000000000000000000e+00
9.557277002658592924e-01
5.138752064650753404e-01
-6.912459980833371986e-01
0.000000000000000000e+00
-6.433252692885764734e-01
0.000000000000000000e+00
0.000000000000000000e+00
9.405295110651554769e-01
-2.114638909603341332e-01
2.421218380058491881e-01
7.108889651855101466e-01
9.544797148575880907e-01
-4.282533082787018941e-01
0.000000000000000000e+00
6.455212980051669991e-01
0.000000000000000000e+00
1.000000000000000000e+00
-1.153246906371214742e-01
1.287947799880655442e-01
1.000000000000000000e+00
0.000000000000000000e+00
5.165659363118075831e-01
-2.760501263740324784e-01
4.908648639137838110e-01
-2.525831949530834564e-01
-2.632589043584727673e-01
-3.292051161026052775e-01
0.000000000000000000e+00
0.000000000000000000e+00
8.700115316284051659e-01
-7.051883743638589497e-01
0.000000000000000000e+00
0.000000000000000000e+00
0.000000000000000000e+00
-1.573450897262742565e-01
5.581911515470292517e-01
6.441090687805861581e-01
6.816088201361860666e-01
0.000000000000000000e+00
0.000000000000000000e+00
0.000000000000000000e+00
1.000000000000000000e+00
0.000000000000000000e+00
0.000000000000000000e+00
4.920385105027169637e-01
0.000000000000000000e+00
0.000000000000000000e+00
0.000000000000000000e+00
8.563332624287440797e-01
0.000000000000000000e+00
1.000000000000000000e+00
8.086081409971386247e-01
-6.067699293478170386e-01
-7.438214156188220905e-01
-6.815058441151837787e-01
-9.840037615368573132e-01
-4.777520673897923675e-01
8.749365917639244650e-01
-1.545064693266648970e-01
1.000000000000000000e+00
0.000000000000000000e+00
9.432039400442966404e-01
5.956883242524204647e-01
0.000000000000000000e+00
-6.681991474463144787e-01
-4.136829437844284918e-01
1.334449405680611100e-01
-4.250390331898024066e-01
