-6.775391521989337917e-01
-2.186923277264531951e-01
-3.421243170992795957e-01
7.829229902293324272e-01
5.128339485365920325e-01
-5.769828161183978565e-01
5.569106340233962449e-01
2.506603721477180802e-01
-7.960341966778456957e-01
-1.387987085300230738e-01
-1.284842130612613431e-01
-6.518093016830981412e-01
-3.528037878812435579e-01
6.927204753156401829e-01
-8.505397155157097266e-01
-6.790757098180846274e-01
3.924927748632514035e-01
5.807584509217345037e-01
8.558315217083387605e-01
8.266593335986847091e-01
-5.934259122290006516e-01
9.181379607663242570e-01
2.641495889381515472e-01
-7.207884882886443911e-01
-1.740052030041372433e-01
7.914506800134684106e-01
6.665180570340842880e-01
-3.024980431344814757e-01
-1.170686117205383958e-01
-9.702420866210836881e-01
-4.905543063722150876e-01
-5.782655425080358569e-01
-5.831530766708294955e-01
4.740733945352684220e-01
-7.197602118955053196e-01
3.885850576979354987e-01
2.795558196113472338e-01
1.671107409722643045e-01
3.884593304932668634e-01
-3.538604190473579880e-01
6.083637945198114849e-01
-8.416782403021860759e-02
8.700079721838331892e-01
-9.923180412711989362e-01
8.277790090269516732e-01
4.608233084431021531e-01
3.678737659599180532e-01
-2.297158548208089179e-01
8.055493645306954775e-02
7.700946644786350603e-01
-8.414802825020735177e-01
-9.650552052479033360e-01
-7.679252813747312612e-01
-9.361702082358274168e-01
6.482160492613209257e-02
-9.323591937563713294e-02
-2.951486883108425108e-01
5.940430816597075392e-01
6.831062164641512613e-01
-3.003141272526326233e-01
2.023707623750599094e-01
7.131308787841021957e-01
3.036971841715472298e-01
3.712961117756288232e-01
-4.462984926287427712e-02
-2.429073714468068523e-01
7.094037867619169546e-01
-3.800191132938199878e-01
8.512035001868389905e-02
-1.796300418748941752e-01
2.042030210987635375e-01
-3.956638405387382651e-01
8.363865424549015160e-01
1.851630892002462669e-01
-2.279370189474505537e-02
9.423414692608809151e-01
-8.867521292958919776e-01
6.842612511783761065e-01
-5.428108329321341685e-01
-4.449633464671589600e-01
8.027667304270462711e-01
9.192054629594621495e-01
-9.785942967615477439e-01
-8.422198836433532065e-01
5.688598211097506407e-01
2.176403369013388822e-01
-5.253962263563896062e-01
-8.268506717466017619e-01
-5.350636483853641323e-01
-7.134790263910208985e-01
-4.611887387639168612e-01
8.887162622723872030e-01
1.412779449788583719e-01
-6.491704221596394930e-03
7.406769514397868459e-01
-3.363745157890787318e-01
-6.159019729352752659e-01
-3.280729814662091126e-01
5.215452695000497574e-01
1.356349294459364696e-01
-4.503153797323544705e-01
-8.639232708781336978e-01
3.166295917549160066e-01
3.707920898843388713e-01
7.777915904226657684e-01
-1.984207761817078364e-01
-5.082370476317532582e-01
-1.324606431999608702e-02
6.290031919007961214e-01
8.079018719564274864e-01
1.410240878767143879e-01
-3.924374843258022771e-01
-2.207618612360358057e-01
5.637504810454674331e-01
1.648122679397563406e-01
1.136749673044090692e-01
1.412812481748135784e-01
-7.210628732623278747e-01
-3.960879112132367208e-01
3.662602072357015182e-01
3.049776053995323366e-01
6.633481989421468050e-01
4.190804038881723592e-01
3.813038933183869883e-01
4.000008374947139345e-01
8.039075886019153572e-03
-4.702475018151899278e-01
8.013194652645998506e-01
-9.437092536079050298e-02
7.390258655127450726e-01
3.042341337074772056e-02
-7.522551889205995046e-01
-3.805125021978490452e-01
-3.796766753734646116e-01
-4.167587083932855485e-01
6.524464484226832894e-01
-9.451998796269551750e-01
-5.297583814862600882e-01
-1.693961639750214410e-01
8.637609713816902790e-01
7.629155739830297822e-01
5.239954264692370245e-03
4.777678607044446579e-01
-4.928097226862604430e-03
1.330672507909225200e-01
7.377408011679620348e-01
-6.221986110397188519e-01
-1.428067190649215945e-01
-5.888523185883021149e-01
4.197670754853954911e-01
4.020319810515824432e-01
-9.501718546675019805e-01
5.606740376281820204e-01
7.106566878685329769e-01
-8.693642313374740915e-01
-8.416830046242356200e-01
5.942271808282568735e-01
-4.632438491025745453e-01
-1.975079811743252201e-02
8.650234940699852437e-01
-5.412911298837617124e-01
8.377027500961267137e-01
-8.340571673825523114e-01
-5.549916797236325028e-01
-6.728497968038806842e-01
-5.920923456974815924e-01
3.306274524894758926e-02
9.505185656489092416e-01
6.700704150081757682e-01
-3.354431590321060863e-01
4.942956993859237702e-01
4.899867204931886988e-01
3.063352918007280490e-01
-5.471374319673527609e-02
8.783491139686339100e-01
-1.092341707495223524e-01
8.398295861141629182e-01
5.509483168584077273e-01
9.356186010172398149e-01
-5.957604433349297235e-01
-7.326954370007250361e-01
8.694336000760143346e-01
-1.343804278181053302e-01
5.629906538440483388e-01
-9.585813016701356659e-01
-8.119610856349104289e-01
4.525508635691346537e-01
-9.669092282728919407e-01
-4.047143440396712144e-01
-5.924435371123175642e-01
9.343676434245264950e-01
6.122854048197541310e-01
1.193273118080420137e-01
8.716038400796382035e-01
2.713732484373787557e-03
7.278387802291486075e-02
-8.813242734329946870e-01
-8.064859517773756981e-01
7.235132495420193433e-01
5.568420189282379251e-01
4.843235116805819640e-01
8.041350512323666155e-01
7.917046502765268112e-01
7.078104554990716224e-01
4.439844928031488891e-01
3.409876496827912717e-02
5.849792483522560094e-01
-6.900673473779110889e-01
-9.000687694044269271e-01
8.902419541824744265e-01
4.849121039757400276e-01
-9.074534150472424177e-01
-3.243186412159397847e-01
3.227937429628671140e-01
-4.153597274884071044e-01
-9.847351327776980856e-01
9.275445256839895958e-01
-9.980930200977891076e-01
8.322322557793357944e-01
-8.160041634465091676e-01
7.493748657936727398e-02
-7.989202584793320128e-02
9.911482326198632897e-01
-8.160376968570643985e-01
-8.345937744254161572e-01
9.268856076178999537e-01
-6.458637449733051206e-01
-3.851153102449078602e-02
3.516234934814597146e-01
-3.815120958636315507e-01
6.161988806143428032e-01
1.888168811720414286e-01
-3.966709662520917501e-01
1.746209441407302609e-01
-4.264585553923705419e-02
-3.259552599519088822e-01
1.209028004223633435e-01
2.077471146163460958e-01
-5.170548474639597991e-01
-6.061840865552807767e-01
-8.649476447249857536e-01
-2.260180121061099445e-01
-2.893067045565973494e-01
7.274506175332984270e-01
8.592023393169485601e-01
3.133585695607163935e-01
9.836102233077406165e-01
6.463934990426190019e-02
4.146977718918614109e-01
-7.298419688654154136e-01
-8.327269479636050242e-01
-3.454541780164575027e-01
3.622147813647356163e-01
-8.216622462285649853e-02
-7.784079112924273680e-01
-9.610674024083640798e-01
-6.997812308165098916e-01
5.901746233307909595e-01
-3.452867966341772732e-01
8.725907771204528540e-01
-9.618448440046463155e-01
-6.947557007204845370e-01
-1.787342749068041581e-01
5.960146981011280598e-01
-2.360802594512196873e-01
