-3.495138900268479620e-01
1.488680425361761372e-01
-2.419288937956498575e-01
-9.686312181953453671e-01
-9.382184189655615736e-01
8.439032170070297489e-01
9.969861065126099930e-01
8.457628158601451229e-01
-2.802079018726433279e-01
8.981609474118876779e-01
3.367519407735453107e-02
7.004793030923839314e-01
8.934634411905457707e-01
6.630057207559238996e-01
-9.974198330246972777e-01
-6.463138260768439558e-01
9.474838378492114188e-01
-6.954728520727715413e-02
-7.766172575309198134e-01
-1.691374948722259575e-01
7.002277975743587124e-01
5.081159058456252708e-02
-1.091821599342108762e-01
-3.015766317782226924e-01
5.228609689406631400e-01
-9.877208688545222603e-01
-3.062788746885882762e-01
-7.207715160357606177e-01
-7.397977058620479607e-01
7.763078395585751856e-01
5.163819760315635499e-01
6.899291724020313321e-01
1.703069969590480515e-01
5.995965857894902662e-02
-7.052629561470578068e-01
9.240523879902262649e-02
-1.554024585304254469e-01
5.762044765478036012e-01
4.318959165128977151e-01
8.693001853170447824e-01
-7.302286718696482382e-02
-4.365083806428406987e-01
2.486367671634093224e-01
-5.802325591796519966e-01
3.340362453238807650e-01
7.473615892158769203e-01
-6.420099825189584664e-01
6.384837768793001356e-01
-6.517000379584354519e-01
8.477925311464946656e-01
-7.272145294847021102e-01
3.672257492708705939e-01
9.921143861889885063e-01
-8.165832722978096925e-01
5.258146944692996261e-01
-4.411143607552623358e-01
-6.498340443803727329e-01
8.801621649312934004e-01
1.630293630995771625e-01
-5.372410212797729123e-01
-7.899062251105948285e-02
-8.047735394076942494e-01
-9.252604370501260611e-01
1.170248747682514079e-01
8.385820519966014075e-01
-9.169413161915702659e-01
7.395983784752058199e-02
4.369385254792772511e-01
8.990834023249913987e-01
-2.422623302662652023e-02
-5.311832760670638365e-01
-9.710149967972891982e-01
8.069401197006600412e-01
3.657199976058369550e-01
-2.232176892864645712e-01
-7.777514784357530964e-02
-7.414252306084121447e-01
-8.247864702338758569e-01
-6.115028341987940319e-01
7.723495792904142565e-01
-2.126184545189142572e-01
4.759774185024667759e-01
2.559363684358175739e-01
-9.983953702113967932e-01
-4.402911704532848081e-01
6.058555408723915736e-01
-9.000867920426647295e-01
7.174085264364349346e-01
-6.088408545938410743e-01
8.284465593581371579e-01
-6.860241722011841681e-01
7.900118534349447330e-01
2.862022865261284466e-01
4.234390374457164263e-02
4.776794541147983963e-01
3.849192828635381591e-01
-8.571967000807123593e-01
7.855523305458247396e-01
-9.822482126516194345e-01
-8.329492626360279761e-01
8.156977383043440000e-01
5.672896090452927975e-01
8.897363187042117705e-01
3.983409477356971706e-01
-6.363123851863716762e-01
-5.871415070399024216e-01
9.667311010538748306e-02
1.611597090117664610e-01
2.638711448413790794e-01
-2.793508944160352225e-01
-2.004502246287749312e-01
-3.980624095648039873e-01
9.990251743161948639e-01
7.130804468830593823e-01
9.743207056366132157e-02
9.730370235562497694e-01
2.131096058240176117e-01
-6.406363634349938607e-01
-6.834773561335942826e-01
-5.753973435201897857e-03
-9.707131148051917346e-01
-7.233831440861409057e-01
3.773087680256839160e-01
3.617428927577013287e-01
8.613894007025726385e-01
-9.641384088997373425e-02
-2.780711880562192206e-01
3.240396868340460479e-01
7.464858190144374461e-02
-4.668261170858682974e-01
3.939750724455293174e-01
-6.177602808508286802e-01
2.624942859749841428e-01
-2.051534326789457019e-01
-7.738069774613176577e-01
-6.340489430442672880e-01
6.924055615173763112e-01
-8.453644540066524993e-01
-4.377127518318864041e-01
-2.653713181050363357e-01
7.713484229706413231e-01
3.526070062709254493e-01
2.449557477758550483e-01
-6.800952835604139324e-01
4.438694714339848080e-01
5.705257912485186544e-01
3.078352413578451241e-01
-3.022996959209927059e-01
-8.093547327791930091e-01
-5.443142698185821082e-02
-1.009820262108296340e-01
6.779390071874040746e-01
1.371921223185679217e-02
-1.852733062033009581e-01
-3.525546318674523949e-01
3.453816421571020978e-01
4.153893857429467040e-01
7.064099068928491043e-01
-4.235560824351569664e-01
8.062399983543786508e-01
-7.022095657127840340e-01
-7.059589539611328401e-01
1.317042956968199618e-01
-6.247823248891772874e-01
5.750270010157609857e-01
-1.417071740254647327e-01
-1.592511608623741193e-01
7.537581889209394870e-01
5.413920330975439121e-01
2.288607657394092776e-02
-8.787349156233583702e-01
-2.287676926726576188e-01
-2.079784819480410274e-01
1.364424427011257102e-01
7.291459967615561144e-01
3.534679372377835804e-01
8.752833018403853860e-01
3.358869999970963693e-01
3.336526192728987983e-01
5.549572175263750573e-02
-7.322601645410971027e-01
8.393634783462817772e-01
5.189181264718432107e-01
1.460486716353015524e-01
2.766931909857386351e-01
6.700612050400935882e-01
-9.714047792163211792e-01
3.676255143803648373e-01
-8.269185945576396080e-01
-5.306764964434906862e-01
-1.046655805956744345e-01
-2.712611556495998499e-01
-9.115580966787713013e-01
-3.413057633899128085e-01
-7.518275951506547816e-01
-2.197104478053224508e-01
9.202545406155424601e-01
5.784538130769367736e-01
-9.995060926430499038e-02
-7.281019963697188402e-02
-4.288344610863177309e-01
-5.313744046897268536e-01
-3.824285868588199744e-01
1.123273881978497091e-01
9.604989521813707132e-01
-3.870736252360018614e-01
4.574864476053319695e-01
6.610936864325378526e-01
-3.512117381591024490e-01
5.432551177467572767e-01
-8.764425717397117399e-01
9.544471190050392018e-01
1.834967757443222158e-01
-4.408059728491524609e-01
1.867749418060560274e-03
-3.951262991166748506e-02
2.205084113504027776e-01
3.845930041812228861e-01
1.763140079820419981e-01
7.001059157046614079e-01
-8.002906260596664989e-01
5.092240824563882828e-01
-9.165420434162125929e-01
8.015217829538550109e-01
-9.144792224780902146e-01
-3.426834386270634081e-01
7.120034297116184518e-02
6.678577277985071614e-01
3.641257308737588794e-02
8.499919661241184254e-01
-5.735151362329313773e-01
-5.502039070694209055e-01
5.634124631216321788e-01
-2.985123126340343269e-01
-4.068722127798845012e-01
4.107971337698306247e-01
-7.897987340888534824e-01
8.972868437069596581e-01
3.527849916978804679e-01
-3.402994229690274874e-01
4.268043468181237365e-02
-3.021461051562723821e-01
2.830132518341694770e-01
5.663105871507492228e-01
-4.929106185297293941e-02
-7.386389380835038931e-01
4.165806282623099044e-01
8.976010604746624821e-01
3.094306681922416313e-01
6.465941262441428083e-01
4.567169813955063162e-02
-8.343228145026337916e-01
2.781255664227608726e-01
-6.969066225124693759e-01
-5.110870992081004704e-01
-2.200061235067676257e-01
-8.248105192301760091e-01
-1.650226954277491664e-01
-1.456554341118920792e-01
1.525901602008874480e-01
-3.559792330514377490e-02
-3.249531259758879909e-01
-1.168030194630398366e-01
8.420747453971670904e-01
-4.233617369613156267e-01
