-7.476960191329264926e-01
8.529187431024973787e-01
-5.716284235539828007e-01
-7.110176080807326660e-01
4.665076834899162250e-01
2.340592272462469481e-01
-7.586118118920699427e-01
-2.915225781890364853e-01
-2.578326392015382051e-01
7.806549665833304452e-01
2.162723046329966259e-01
-3.831846176094679812e-01
-1.330881193026565157e-01
8.517386783665321648e-01
-3.243381107967766575e-01
9.124476055634951344e-01
-3.507920666075061700e-01
5.107192938953732941e-01
-3.856467264311436161e-02
-9.015796721048019435e-03
5.067893977844724063e-01
2.833477279496547929e-01
-8.832448539506931873e-01
7.647424410917722515e-01
4.029243187652411518e-01
6.141698201887466624e-01
3.530837329440359440e-01
-6.164336814441111478e-01
6.427403495507928444e-01
-5.642486309000307454e-01
2.991003440624642185e-01
-9.240677614058747658e-01
-8.742864450054119718e-01
-8.142392138125285062e-01
-8.958116513540888004e-01
-2.849757303366944328e-01
-7.068107865280628399e-01
5.512425355722783138e-01
-2.650163160366314496e-01
-8.130424967282097182e-01
-8.785494227030570258e-01
-9.276629413039658711e-01
-6.271205111226521023e-01
7.003544282300817603e-01
-1.908373457257332984e-01
2.609405658918708681e-01
4.706704965288828202e-01
-3.828056512773048148e-01
-4.691899383598996387e-02
-1.507517368094513088e-01
-1.291571987621487061e-01
-7.700792715255759813e-01
4.850959668347718523e-01
4.751486256681496378e-01
2.311486556298860684e-01
-1.008431665505979957e-01
-1.418421207428117725e-01
7.639450529076758922e-01
-3.178022315842088386e-01
-7.743265361591111784e-02
7.333759294819772734e-01
4.299271650349465457e-01
6.690951170769761092e-01
3.533840458545896013e-01
-9.161029403278442285e-01
6.754620857417676927e-01
1.938541415258472345e-01
8.359625320747525734e-01
1.214863538595278847e-01
1.667303146385890056e-01
5.363864184836872884e-01
4.277305802469690832e-01
-3.712173118880999212e-01
2.067485523095142774e-01
8.424486648364919450e-01
5.999521450869385042e-01
-7.768125151184093191e-01
9.167071198377683139e-01
-2.846173774860851768e-01
2.674308189717704565e-01
-3.986989539251775128e-01
-8.726447544229483100e-01
-9.852989548501873696e-01
5.570435931119379624e-01
-1.592733223190920810e-01
-1.099548735730853100e-01
7.552462833427586730e-03
3.843260586864014616e-01
-5.748364386034274798e-01
7.515167536819500338e-01
-9.629900893404461648e-01
-3.005787031635795969e-01
1.103113003174667206e-01
-9.035372325729134069e-01
-4.451422937403486380e-01
5.884913595444476453e-01
6.069587169928494230e-01
8.331670890036566579e-01
-8.865827487811817065e-02
-6.808060791321970395e-01
-6.309230879628613398e-01
6.282204489626419530e-02
6.684429807460663397e-01
-7.486325403360427622e-02
-4.214946623584274743e-01
7.326680565751919616e-02
6.024199453982979069e-01
-5.854937228444836439e-01
-7.008357842144106176e-01
-2.665383734059112442e-03
-3.184544170391450102e-01
-7.086491936981851314e-01
-5.758210205411644633e-01
7.278663471157598153e-01
-5.958157430826327428e-01
-3.211069319571671077e-01
8.914593524871796681e-01
-2.549155088644070588e-01
8.821922846996459455e-01
6.745237399018702007e-01
-4.193582778132798339e-02
-7.689134269662800669e-02
-9.642624467297338242e-01
-2.246572982083847592e-01
4.886147199655521689e-02
9.743807102895991612e-01
-8.467555600784042458e-01
6.487967851330300739e-01
9.155596910650789511e-01
7.707730085065787051e-01
3.960508066301327013e-02
3.599646762713386572e-01
-2.919864678625365695e-01
-9.420474414845714239e-01
-1.742926355204619249e-01
4.904787687254210660e-01
-8.237866973347456323e-01
-4.216641760324923993e-02
-8.805324440032225031e-01
-7.320717197827804057e-01
6.822063432917371273e-01
-9.197557721668720987e-01
2.514128506403410235e-01
-4.583067761575962962e-01
-4.377517467183598132e-01
8.767952335736508562e-01
-1.142133807243237431e-01
1.280518183061880588e-01
7.881309362363233539e-01
3.132440168293293414e-01
-7.395464085081118188e-01
-3.584129694765656460e-01
6.536588854628830880e-01
-3.862391960059079477e-01
-7.878011343538424693e-01
-3.991773590157381424e-01
-4.367529226354507355e-01
-3.632184683985073548e-02
-7.045030588505101221e-01
6.835196476626277384e-01
9.614484510527721017e-01
-5.955825056710721821e-01
6.355617376797639828e-02
-5.404063776076029058e-01
2.800482089731997082e-01
-4.579221251789886704e-01
-9.973469895875428648e-01
-9.674761306664085847e-01
-9.623736054302243215e-01
-4.148130766632585065e-01
4.387531092116503384e-01
-3.579038073585150137e-02
-2.570876063111928733e-01
-6.778729042794207071e-01
7.233714701368478828e-01
8.678922762157441628e-01
-7.250113886474680580e-01
-2.860001443508524144e-01
-1.091984603612521365e-01
-3.117904706087375466e-01
-8.480290624159265711e-01
4.949859007197296989e-01
1.406141707821970677e-01
-9.671052863919544773e-01
-9.793306458488990618e-01
3.635363260945714270e-01
-1.318653900599009443e-01
-2.559138704442616152e-01
6.966364299284788508e-01
-9.445343988916607980e-01
9.478663720957740679e-01
8.018646569140972513e-01
-2.244222785532334896e-02
-1.531712114195231678e-01
-7.139896459029642095e-01
3.276067902238657403e-01
1.156763423417122016e-01
-2.972980066588151171e-01
3.363291895041959911e-01
-8.182470266658856684e-01
-2.582517523751441946e-01
9.019620204634632987e-01
-6.179784765194635821e-01
9.832992787218426400e-01
-2.919070681195807815e-01
5.221392310486634436e-01
7.009283683107692120e-01
-7.614262984659083688e-01
8.363190106712952154e-01
-6.596622240371625701e-01
-4.563624531681349517e-01
-5.481274072244923801e-02
-6.290810618983067037e-02
9.123615189267582082e-01
-7.111098077397355333e-01
2.247858997571032802e-01
-8.280590025698020273e-01
-8.382914886837782298e-01
-6.128258055453374986e-01
2.874591606171639224e-01
-3.211463022918086274e-01
7.983469806661545043e-01
-3.826849905814877495e-02
6.629202029839096344e-01
-7.673921610062244270e-01
-2.445736864120910958e-01
5.130532001172307677e-01
-7.172569248451055035e-01
-2.145587206006449588e-01
4.144840905338693648e-01
-3.185939607965726506e-01
-7.512559090555710473e-01
8.246871648679285904e-01
-4.946749469239661856e-01
8.743513228813613036e-01
6.171481899937956150e-01
6.267006645355974737e-01
-9.369744732102629481e-01
-6.188199302398573742e-01
-4.111121210017496530e-01
-1.054935020487444142e-01
-9.350038260911017751e-01
8.392932353004756152e-01
5.449571561130819308e-01
9.298771759895887445e-01
-6.573329022365885788e-01
5.553607986105071337e-01
-1.654698360378656918e-01
7.820195180706803750e-01
-5.110721646690716824e-01
-8.280319217233345075e-01
-8.145239975282021483e-01
-4.414470674993722366e-01
-3.441216649838108044e-01
-3.040642561720874326e-01
-5.242877055806340891e-01
-3.415375162847578139e-02
3.349414562794650330e-02
2.591926659663286170e-01
-3.620246244025615567e-02
2.581698298989454354e-01
-6.288504138537545085e-01
-6.212006807718717383e-01
7.941314807807140497e-01
-6.290139255214939329e-01
