6.008158736928745913e-01
4.186939814111536595e-01
-3.114416426384332137e-01
8.064000119350169804e-01
8.089404443725829452e-01
-5.896932923936515358e-01
-9.217258119569990971e-01
2.161067791714275099e-01
-6.004713074646461646e-01
-5.166173630147588014e-01
-3.910036418986617690e-01
-4.298240836764244399e-02
9.349986534014773643e-01
1.052030055225590122e-01
-8.052040807210503193e-01
4.511327479885844927e-01
-4.753248588550627041e-01
2.943651843875807472e-01
3.894691429244714342e-01
1.343092156464087417e-01
9.507334082000802322e-01
9.986213871980709200e-02
-3.834863101281260622e-01
3.401636338816134142e-01
-6.613226793139281856e-01
-7.066344982591425961e-01
9.162284475814419515e-02
3.569481295267402654e-01
1.144112603329354716e-01
-7.221988467589417482e-01
-8.898284578155688518e-01
5.868793528356306410e-01
3.617053013460329591e-01
-8.514659317890873602e-01
-7.381720533369950932e-01
-6.782170737921644488e-03
1.589509607949923797e-01
-2.426521718604790490e-01
5.858746196838793274e-02
3.841710328265763863e-01
9.493375618769916979e-01
3.007736877169535639e-01
3.339255548644535221e-01
-2.976934905471453341e-01
-2.446127274780729444e-02
4.338695701601444910e-01
9.129423575077300068e-01
7.966365211686696757e-01
4.327899984432708180e-01
-3.240836807335163439e-01
5.332213559640448519e-01
7.513231302827483304e-02
-4.807129132005190097e-01
-8.855887844565115685e-01
-8.987182507828062050e-01
-9.874141857452776172e-01
-8.627951097886212839e-01
-3.191186289545910881e-02
-1.548555276040137763e-01
4.877588019848766443e-02
4.522443682888617200e-01
-1.564631925278556768e-01
-5.199309985738875817e-02
-6.715096748888171874e-01
-7.771829925951585505e-01
7.266059148096848386e-01
-9.029050715871720367e-01
9.768443170811420551e-01
-4.881993523704155624e-01
-9.645737919212504785e-01
-8.948296714239867278e-01
-4.402873399002231736e-01
1.935886262892214660e-01
-5.307444937947474184e-01
-4.416356984894724835e-01
9.636118114425276104e-01
-8.055153331900377633e-01
1.375077671415121383e-01
1.274904898028479394e-01
-6.500566430306837784e-01
-8.529009563819944795e-01
-5.013330842744512239e-01
-6.454062771413104915e-01
5.579388818859036814e-01
-9.391905790581795976e-01
6.256463649345633815e-01
-9.146782719595172306e-01
-1.894414969440580965e-01
-5.339196437539055484e-01
-5.559288171930045763e-01
-7.121542138670178268e-02
-4.632979830277723643e-01
-9.750388112408305830e-01
1.763492875696486273e-01
-4.092134530421036587e-01
9.406740552027395008e-01
-6.385422620815506267e-01
-8.933603648947503473e-01
5.258977470780714647e-01
7.296561565820183226e-01
8.163394250397699725e-01
7.957223885516313544e-01
-7.180542724119121090e-02
6.504290266921088914e-01
-3.891587623179011413e-01
-5.541106216778497462e-01
-3.147891828058251296e-01
9.691219643143915707e-01
1.405572557614591656e-01
-3.826273698008439972e-01
-7.040518897404182130e-01
3.079113488007472199e-01
-6.523700881635177140e-01
-3.947049867822882696e-02
-3.249213341927659204e-01
8.809368821776581981e-01
5.221318250887052592e-01
-1.621467387542132599e-01
-6.390916966314295067e-01
2.556702239646417851e-01
-9.317708422964752213e-01
2.038569678349189118e-02
3.581454111209065871e-01
8.872002481527392348e-01
-1.210181290793448383e-01
9.910232964576759507e-02
5.834106807978680642e-01
-3.199387715259018883e-01
6.207039997339509618e-01
-3.674973888318100457e-01
3.215199219317668167e-01
2.606503479166493165e-01
5.370202278393401141e-01
3.053959396036589613e-01
3.590549244282037478e-01
-1.236829002665009725e-01
-7.820836089638460997e-01
9.715785560543344079e-01
5.187254648508792254e-01
4.698651554280905973e-01
9.255067560346452726e-01
4.764563270482260471e-01
-8.782411595202146426e-01
-2.282219037870381051e-02
-1.061787218415541911e-01
1.227826577304298450e-01
1.005008522942418825e-01
-2.268212383129006859e-01
-2.114710627863993775e-01
7.448474766432648941e-01
-3.698517566298533676e-01
-1.145023345336035892e-01
3.336226146343124199e-01
4.436681573258682842e-01
-1.510313474080673402e-01
5.754583857751618403e-01
-1.355192231050426077e-01
3.047475342215286709e-01
6.082720875315321685e-01
2.009327236463676059e-02
1.134808352871186088e-02
-8.563177841815372560e-03
-4.623034586174266103e-01
-4.334715704443952156e-01
7.448830022541297335e-01
-1.973223283549385698e-02
-3.486037658741281131e-01
8.839916802410796581e-01
1.900271745706814119e-01
6.726043969991071236e-01
7.318994486257568433e-01
-9.650585449827893125e-01
-8.668522021710411973e-01
5.762524206975467855e-01
-6.612118774668425125e-01
-6.127716155589333358e-01
1.013629344802624566e-02
5.534134511715336213e-01
-2.810444195804453482e-01
-6.219657968668044212e-01
-3.855026256173532673e-02
5.996266517507127247e-01
-5.320171093342396240e-01
8.030322888672474235e-01
8.963504299225308891e-01
-5.218410316174468822e-01
5.263839258359934714e-01
-5.866635712599526098e-01
2.154935128309565240e-01
-7.395903695601306893e-01
-4.463579949535552149e-01
-7.563382853056532795e-02
4.051212078297399266e-01
-1.862243530350558007e-01
-3.018182932286688214e-01
1.747816175075858069e-01
-5.532405467868464211e-01
-4.011906485228970975e-01
9.930768681317854174e-01
-7.472077408814565835e-01
2.894048721875048802e-01
2.769978142949880429e-02
-9.968605238001733149e-01
8.733569007463004574e-02
1.395834999093092943e-01
5.119724152603764011e-01
3.629585958377643529e-01
-9.138934427311873332e-01
-6.581602529561187964e-01
4.964607058363952330e-01
-7.193531109935751289e-01
-7.055173946757078429e-01
-4.553561951756208703e-01
-6.234238436469037303e-01
-8.784240804477261300e-02
-5.464614195722730106e-01
-3.762750420792904116e-02
-1.496972431097116640e-01
6.229539055454367258e-01
-4.481355724363593751e-01
4.857899762448623093e-01
-9.480292002071477597e-02
-3.359234228254139865e-01
9.585227001596139385e-01
-5.181661417046545814e-01
7.443611914844949773e-02
7.680417658091123201e-01
-3.228438261266624032e-01
-6.772419721339675291e-01
8.845092957799027822e-01
-5.470322664161320070e-02
2.031738048164011268e-02
5.384150054039531508e-01
-7.852952972227318362e-01
-8.615104147918872801e-01
-7.609353135585819050e-01
-5.937101882541910847e-01
7.937066062877884409e-01
7.268192734754033157e-01
7.157245315698930188e-01
-3.893104933706867943e-01
-1.089700185452895376e-01
2.909953032935239658e-01
1.631873422451945999e-02
3.000381504148283973e-01
-7.779667077802931985e-01
4.857389553491084921e-01
4.828432976925673970e-01
4.572936813076631246e-01
-4.050841664312760937e-01
-6.545732630343061853e-01
1.925114612418858950e-01
4.274187439181378334e-01
9.284439281420575618e-01
-2.750895813568225989e-01
-7.016290712622859083e-01
-6.381123607661380870e-01
-8.204799920032768146e-01
-1.334953226916191227e-02
3.684628749850558105e-01
4.054515451949900484e-01
-9.542248726625197630e-01
8.281992243090150474e-01
8.924467980120136534e-01
-5.756966568789863015e-01
