-3.604280364279452975e-01
-5.616009409627031879e-01
5.011107466389814746e-01
-6.708383691383956737e-01
3.118369237307105912e-02
7.090074500567933313e-02
-9.799999312967602183e-01
-5.826447664693266137e-01
-9.264572380788806960e-01
-7.430800441154690184e-01
3.419895031757609338e-01
2.670189327321677020e-01
6.111650791947724759e-01
-8.324150064885738054e-02
-8.318191864510253719e-01
1.060341434972831287e-01
2.794297009956641098e-01
-2.886045197635513926e-01
2.348398613845779082e-01
6.482824491673018219e-01
8.954573745798786177e-01
1.469775010231828549e-01
8.288852526909125107e-01
4.880603452519456376e-01
5.466218702444878286e-01
-9.313694980350326613e-01
-5.139775567184892147e-01
4.127980621621103463e-01
-8.130969883098602136e-01
-6.468815218614458740e-01
8.857244386809219883e-01
8.499566443472064137e-01
2.144448808053087685e-01
-4.680785991979548033e-01
-2.233957160986705937e-01
-6.112485309409658729e-01
6.517885777032779160e-01
7.236863924376057966e-03
-8.711818994466868915e-01
2.696226782742245920e-01
5.150921979205762558e-01
-9.495046896014793791e-01
-5.308364223319170794e-01
9.387494538875120753e-01
-9.894784368887954429e-02
-1.460221801204091285e-01
9.520390842310721968e-01
6.553407630031067299e-01
-2.708553002448925717e-01
5.726879487988056905e-01
-3.087898514015308127e-01
7.394889137571898363e-01
1.268484875704332104e-01
-2.398358641649700473e-01
5.694946936940592508e-01
-3.129491532631909489e-01
-5.054885001765294650e-01
-9.768201161438909708e-01
2.555076207493660601e-01
6.193353412338094000e-01
9.854290343966702892e-01
-8.130032925480930039e-01
-7.945497987410718999e-01
-2.021874294827543661e-01
6.993651693850200246e-02
-2.773328611451275627e-02
-8.241824955999077496e-02
-3.366817990152293216e-01
-3.577705846329923833e-01
-5.014943967378959755e-01
-5.163042649785727356e-01
2.996603296359623414e-01
-2.122176107779973897e-01
-2.080575848973398312e-01
-7.785838798219826273e-01
-4.797140336374516867e-01
5.395686050979247028e-01
-2.900543462003213335e-02
5.375308995222463082e-01
-2.265766163199298688e-01
6.704898204297411457e-01
-3.304875880042492664e-01
-8.657249191067113436e-01
-6.349728024145411265e-01
-7.617600406173050676e-01
-8.548484739642279173e-01
-3.800851907262485785e-01
9.454287250277202403e-01
7.527429424675857739e-01
-1.721317902993027005e-01
-6.952454284504971938e-02
7.806071159724674580e-01
-4.371756846101659821e-01
1.148376684260148384e-01
-3.768140257781948943e-01
-5.993136942639851750e-01
-2.817603477049590577e-01
2.937250448218153842e-01
5.714346255999123159e-01
9.142535730193410703e-01
-7.509940125250302856e-02
-6.828658757519781020e-01
-9.744715634885434685e-01
-1.517068634780174285e-01
9.811573374846460638e-02
9.455183832677092060e-01
9.087994085208632722e-01
5.289194774321082093e-02
-5.168738438871440799e-01
3.203000255237480332e-01
9.602037748382907800e-02
-9.106833171722699127e-01
5.342747345516973834e-01
1.358892576380776873e-03
3.149288222016766170e-03
-4.137742992680486509e-01
-5.314342117020198764e-01
-5.672075160163467800e-01
-2.268171413689505922e-01
-2.770803329537365745e-01
2.118853802850515500e-01
-6.844319384237671500e-01
6.429892999698907374e-01
-2.837816681254823337e-03
-9.118813151650073667e-01
8.188961637303224794e-01
1.902236459787063350e-01
5.320590154039022135e-01
8.758173262187085584e-02
-3.793077764215737613e-01
-7.399437775951456242e-01
-4.856487136934228843e-02
-1.066527375656101118e-01
-7.296893607268049031e-01
2.109397026115478191e-02
8.694653995300214433e-01
-6.079494987244893345e-01
8.018936791678694664e-01
-4.881282108989695168e-01
6.126861518184263389e-01
8.368785536731424557e-01
-7.205330577826574157e-03
8.466194470200916200e-01
4.392878802077864187e-01
-2.624589848418339422e-01
-7.118303431493286926e-01
3.645706195051963139e-01
2.063748829102596272e-01
-9.589573606311281306e-01
-3.059855848888517471e-01
3.113882339519413733e-01
-1.525092649538397627e-01
-1.450112721367451396e-01
7.537390827130570070e-01
1.772691264647361375e-01
-5.813920323567867143e-03
6.557854162670282427e-01
9.028876538412189401e-01
-6.652120437177297951e-01
-3.676721889004010979e-01
8.325241595495960212e-01
6.055548332352687080e-01
2.851841045260135044e-01
1.619314586351208174e-01
9.970209813526569320e-01
-5.403838306582184892e-01
-6.786056560771722701e-01
1.313406564451446989e-02
2.754124373151429772e-01
-4.156918509150719920e-02
3.365572322419279061e-01
4.678302621420504792e-02
-7.193148920554319758e-01
-5.329826283186778202e-01
-6.821572464240721612e-01
9.879311238874706191e-01
-3.872136448186931368e-01
-2.575872408557120519e-01
-9.884193513724583990e-01
1.173090939536014510e-01
7.159151030482162614e-01
-8.885587367591678554e-01
-6.695222420931863372e-01
4.531062335988014222e-01
5.090229731946545044e-01
-5.201852321207165453e-01
-1.225534557931577950e-01
5.845813237896535508e-01
-4.994073527244013988e-01
-9.269864700475038966e-02
5.014020990415093415e-01
-7.280851381943731493e-01
-8.924711879254652036e-01
-8.281532637246320494e-01
4.622963908556552148e-01
9.896773918667727266e-01
4.848822702772050963e-01
6.839789208504623019e-01
-9.368017884380803739e-01
9.007045812611607083e-01
8.270576662011310809e-01
-3.919119799187569253e-01
2.464076976681297548e-01
3.835161109401665769e-01
-5.119675406598012124e-01
1.650805398856343142e-01
-2.035648269754450901e-01
5.930469925260863917e-01
-4.340077447821293344e-01
8.177162082231450579e-01
3.929422002694364924e-01
-2.273159185726338904e-01
2.844071092275750612e-01
-1.611267653163821478e-01
7.242800435404015413e-01
-9.477479059820852481e-01
-9.358130094986394365e-01
-2.946100890148581897e-01
-1.488651647950300916e-01
-7.518319080110389407e-01
5.542951508573910058e-01
-2.291553778681796327e-01
4.619415878323309688e-01
8.809383239069443761e-01
9.456921567653735483e-01
3.769198412551206800e-01
5.747027095622949666e-01
-7.261364169064861152e-01
-9.989395076949314500e-01
-7.826335269864734823e-01
-1.183393849897187433e-01
7.810133501912610576e-01
5.382469544228032365e-01
7.561690553127200509e-01
-6.276647058856179573e-01
-7.363422674414636937e-01
2.055660051188492599e-01
5.796764864740324708e-01
-8.800310354121139156e-01
3.430637658428230541e-01
8.948167722208284491e-01
-8.293688301941637420e-02
9.711213937800162732e-01
7.329951701738455228e-01
4.265663892026256843e-01
-4.352880264681777689e-01
7.551306785804154931e-01
-5.654384666703982099e-01
-4.578238692997118608e-01
9.419870137588051140e-01
-9.368924182622611063e-01
-2.993248777044370534e-01
6.075154504179680615e-01
7.006728296895201602e-01
-7.448201656506927559e-01
2.512761225504744900e-01
7.598795866980785352e-01
8.696574607426514891e-01
-8.423323135902203163e-01
2.825519740262232293e-01
2.929109883197049680e-01
1.749773979568400861e-01
-3.786903885833308170e-01
-6.128080427707027766e-02
-1.997613547974750325e-01
