-8.602433757896394972e-01
-4.097317588157218804e-01
1.982369029366526370e-02
-7.174700546845518279e-01
-4.627823431872051252e-01
-3.450473854532021267e-01
6.409251688873820463e-01
-2.210657257273347387e-01
-5.586168983362571616e-01
-6.498611175263557804e-01
-9.112297051430142680e-01
4.666021130396482697e-01
-3.889672862126356545e-01
4.792807858848138203e-01
-2.207075997881431384e-01
7.473912151917441182e-01
2.473738533910556647e-01
5.337278842357457975e-01
4.575558195484059620e-01
3.092555462542145861e-01
3.924045588892122183e-01
6.975750396926037045e-01
4.201239883244538564e-01
9.916745406889542203e-01
9.386117134291540598e-01
5.079869725639190037e-01
-3.725077733527508705e-01
2.099148835947322045e-01
-7.771782643825868586e-01
-1.592737763716134403e-01
-9.076342199531455268e-01
1.783173840366190088e-01
8.081841592508758332e-01
1.133194563359933849e-01
-1.838808827645181943e-01
-1.596345880561882424e-01
-5.557011115902286136e-01
8.824014242660194185e-01
9.271536348046405251e-01
2.595162874318668322e-02
-2.154073714766666647e-01
-3.645587724633128079e-01
8.790567449821802271e-01
-8.458013758872260368e-01
8.707485696311569878e-01
6.112781023986704199e-01
7.258903389888076152e-01
3.630809864151234301e-01
4.511267448774995970e-01
-6.991146572055761954e-01
-4.003121130642928183e-01
-8.381412304453581541e-01
-5.520485878145853231e-01
3.119848747508635611e-02
9.243758547683742499e-01
7.838594547139872137e-01
6.154828551901476708e-01
-2.155375831018875310e-01
-1.394080059987616860e-01
-3.616129403212242632e-01
-2.501501035068365297e-02
3.671688870124230064e-01
8.177654853745264241e-01
-8.681981313321223137e-01
4.784486581498046398e-01
8.151440166828811673e-01
1.274612335276474884e-01
-4.641521228556655387e-03
-2.978997787556478816e-01
2.379041530571357477e-01
-2.462937354484795449e-01
4.486607516712481925e-01
-6.822238386694412515e-01
2.330574359929802331e-01
-7.181118435984930048e-01
2.877184923029640906e-02
3.406030265310779903e-01
3.878869958155879427e-01
-8.549532512606172752e-02
3.858618776973228304e-01
-8.235131040808030267e-01
-6.202364396810802205e-01
3.151579141686764451e-01
-9.436760368469307991e-01
3.863246098345378687e-01
3.373955070868670525e-01
9.334455581243314981e-01
-9.681842169419281330e-01
-5.149282352495008208e-01
3.154198608748284283e-01
3.145818857458997364e-01
-5.634262052360778927e-01
-4.658775611162369046e-02
-2.991645658209871605e-01
9.565058171798439535e-01
-8.105681158768756056e-01
-1.081831963854804624e-01
-1.424948069459295308e-01
6.015131053910329761e-01
8.360990333886948456e-01
4.136174690684473187e-01
5.715829423246103769e-01
-4.861030146683187336e-01
3.474970629347771123e-01
-6.592331527165189442e-01
-7.296553235767169188e-01
-3.559545663222130063e-01
-2.433381252265029993e-01
7.281637894534664923e-02
2.916592246536773292e-01
-7.359918876262787624e-01
1.787714799113568898e-01
8.161968623168891490e-02
-3.064436631144376033e-01
8.232502489652073763e-01
4.112108453822331811e-01
9.032817168519915452e-01
-5.459140985924704204e-01
3.024767107469641392e-01
5.461542779725980790e-01
7.597025909076273731e-01
-6.663761994280292811e-01
5.928177079178416076e-01
3.714392982759839867e-01
8.682650915625875765e-01
8.157583833247172844e-01
4.308044466273086570e-02
2.808697151577053130e-01
1.031551239218668758e-01
-1.786762886812691686e-01
-6.838782406378269840e-01
-7.238213445919332578e-01
8.598819485573119259e-01
-2.573205215791378730e-01
-5.543760446042258483e-01
7.500236455894038201e-03
7.343253082689749078e-01
-7.869009700157150178e-01
6.632752808231887620e-01
7.514847610953589996e-01
-3.398423668740309100e-01
2.016379356413064983e-01
-2.716346785419299081e-02
7.607618852541997434e-01
7.128488775814312284e-02
2.319177881417002762e-01
-8.978928940262942415e-01
4.269157703345758392e-01
9.758813946015094665e-01
8.887415487619843013e-02
7.043433975437101147e-01
3.644386746033898561e-01
-1.356903113917016235e-01
-2.628384483675181293e-01
9.372505515676843313e-01
5.122589717622383354e-01
-6.814068094760039607e-01
1.220735955317353572e-02
-3.167424276768124880e-01
6.465548167503891719e-01
3.759415263937844198e-01
-7.517726098204629004e-01
9.490152104269653499e-01
-2.536346327219032304e-01
1.057071196419903103e-01
1.525733019532315993e-02
9.842797766066382348e-01
-9.176029499987046201e-01
5.737339325175305760e-02
-3.660681790829944937e-01
3.654120214020586399e-01
8.696107115786304576e-01
2.551804353661890623e-02
-6.882189263694522552e-01
-8.833734463235567436e-01
7.074344345251741828e-01
9.318272627116970241e-01
-7.161816040172475084e-02
-7.146668771162754119e-01
-7.073619735516256668e-01
8.086193613873398078e-01
-1.118034355047174966e-01
-9.277907096188571234e-01
1.336258952257725063e-01
-6.697417584724258965e-01
4.042509845820112524e-01
8.979677287921459250e-01
8.326872512689902361e-01
7.841963203936190840e-01
-4.520491699381508077e-01
-5.686053358788629719e-01
-5.490681030699673393e-01
-3.083150309313211768e-01
-9.990399338824900166e-01
2.823788115305922997e-01
2.700248425383868778e-01
2.009712954113105354e-01
9.418763606783733255e-01
3.981388255301130386e-01
4.305968659557710687e-01
-9.932890294461222958e-01
-9.848483665868650316e-01
6.766635874628101899e-01
2.161841129052906041e-01
-9.224105424216091365e-01
-6.527179878018896098e-01
-6.186267560267373344e-01
9.740271441402021946e-01
-5.825894300937288772e-01
-2.495203868973929762e-01
-5.934236488710942226e-01
-7.698965553246672755e-03
7.484372721747896140e-01
6.449933153786702178e-01
9.117365742867373779e-01
6.781361399459018280e-02
9.273660288783736050e-02
9.031880080152618895e-01
-3.465272802180585643e-01
-1.438140095253903628e-01
-4.099014807015795014e-01
-9.714055660458642549e-02
3.702132489659617498e-01
-9.563661864217636310e-01
-4.936808836953912039e-01
-5.140612975199514434e-01
2.853011572600687717e-01
-7.085966417638067671e-01
2.448188667747763780e-01
9.275848902641634641e-01
4.120013649857077187e-01
-8.983964675924247523e-01
3.462887306915716223e-01
6.990248492322344021e-01
8.274718021357085895e-01
-9.951349914439950872e-01
-3.354983564598268408e-01
-2.927379233891249655e-01
-8.329802522695741729e-01
1.923096523484222331e-01
-8.549554038361595332e-02
2.628396204671155090e-01
-5.319431180374185608e-01
5.570085729236229355e-03
-1.014770107851343806e-01
9.519317844930514916e-01
6.974795667059379145e-01
7.412527639966604021e-02
2.196545149191495572e-01
-4.390094320468980182e-01
2.758883036649129039e-02
-8.795715240850787708e-02
-4.740431029934693008e-01
5.348860624589162338e-01
-5.317521248471765993e-01
-9.378959621888429687e-01
-3.638057910907179782e-01
5.364415675205893574e-01
6.589604077954229755e-01
-8.344330951615774872e-02
3.923949638168089393e-02
-7.477888577371010204e-01
7.503863618705981509e-01
8.050217728424908792e-01
7.595358509310035089e-02
