-4.450423813344417390e-01
6.061745420087492064e-01
7.155014218568098716e-01
4.387453422936187231e-01
-6.573285518719331755e-01
9.625051924213965382e-01
6.580899312106298638e-01
-6.222179680784458711e-01
-9.050340720503087244e-01
-8.615911549546995118e-03
-5.453545765468452711e-01
-1.992853810687766902e-02
-5.749512607785407514e-01
5.413055751599511467e-01
-3.840730967600554102e-01
3.794849765498344851e-01
2.197788250235395147e-01
6.935030835650193293e-01
9.963965446150873095e-01
5.587840510321671061e-01
3.164065522223693527e-01
-6.060527891567557557e-01
6.091359821348802939e-01
9.304866630680397321e-02
5.619934170905753756e-01
4.507794292268010317e-01
2.682439166007006826e-01
-5.873347561179542708e-02
-3.100138530845704121e-01
9.559356324517176429e-01
9.660574803094510443e-01
-2.361774036955504030e-01
9.728754556124572517e-01
9.929638208479960593e-01
-3.894966271757149823e-01
-8.341558048977415485e-01
-1.153690157865630006e-01
-7.277356103111298768e-01
-4.250144183818069799e-01
4.016553104132942753e-01
4.000427314311512106e-01
-9.372350858475342328e-02
-9.302149488119495491e-01
3.498402497800980893e-01
-4.930050699002308523e-01
8.671935483884907203e-01
2.819431746764977653e-02
3.911456027489448317e-01
-4.038726244344030825e-01
4.430030133528213288e-01
6.445744518290656977e-01
9.283274314151477302e-01
8.727607190050055141e-01
-4.174705657330548547e-01
-9.087156125801529871e-01
5.750779358280488918e-01
4.568610931977481471e-01
-1.286793061900461943e-01
-3.598741408482628579e-01
1.210996396238845918e-01
5.382852476714763412e-01
-4.271571741244100107e-01
-2.220662875054832952e-01
-9.317867493612539409e-01
5.135376505905875355e-01
5.647852420880581370e-01
-7.534059272720698974e-01
-1.559370299478728406e-01
-8.491952542708545160e-01
-7.669373087378434928e-01
3.065369972210396643e-01
2.120548817832983435e-01
5.247373131891777120e-01
8.758268595043761096e-02
-8.283927508046451393e-01
8.458778836161708892e-01
-3.875162482618699222e-02
-3.707212928671230756e-01
7.723351456757343581e-01
-9.148622580476482025e-01
9.712414354741356615e-01
9.974573923040841450e-02
-9.560375564175846996e-01
2.154066160096030913e-01
8.267128408596489120e-01
9.001004406744870234e-01
-9.873824537594730888e-01
-8.897896638987194962e-01
-7.372382707218450015e-02
-8.921597434156551820e-01
1.975093342590181766e-01
9.385418872079811514e-01
-7.342903609872051263e-01
1.381230298234792375e-01
-1.201957418193417837e-01
1.182555621465988249e-01
-3.062756123367760264e-01
3.976213928398333319e-01
2.084390768513337822e-01
-4.462259469983442806e-01
-2.165453085867794503e-01
1.930944973127977082e-01
1.253582281148359900e-01
7.860244667317362044e-02
6.329567655374388480e-01
7.629330007708425843e-01
3.036745289321691743e-01
7.633635917257899361e-01
-1.385770367844283424e-01
-2.562473595326864029e-01
6.756266189372577280e-01
-3.270510472535397284e-01
-4.222488317429120563e-01
9.033290061996397391e-01
2.782302209905149759e-01
-4.316916607223377778e-01
-6.544842919809883419e-01
-1.695860861763045513e-01
-2.649227160393996527e-01
-2.962000746526312067e-01
1.457070896646268654e-01
4.409319702759075810e-01
-9.684055169370353600e-01
-1.700912867015251795e-01
6.661406404507965728e-01
7.922383428959034468e-02
-6.922573035849215461e-01
5.436291605414877992e-02
-4.670493471680907671e-01
1.607037695394866184e-01
-6.048790125196656930e-01
9.761762873440043009e-01
-2.428914552248788716e-01
-1.547199009995914309e-01
-9.795443996678399046e-02
-2.228940548050701853e-01
2.423334948333883965e-01
9.883068536074517407e-01
-7.265127309036212289e-01
-2.090711387894865769e-01
-4.781131629168995367e-01
5.650640290975519342e-01
-2.565070525714086003e-03
-4.037016294678594797e-01
-1.505973942453011638e-01
2.863136537747315025e-01
4.431421251615648149e-01
5.669712448192827381e-01
-1.022749668526770073e-01
-6.128193022009220670e-01
-3.376829314309293117e-01
4.429242973565972186e-02
-5.205599596617120906e-01
9.261589521553681426e-01
5.192529713457429974e-01
5.531951589479808806e-01
4.408761436716803761e-01
3.742970108543919316e-02
-3.158057376209928435e-01
-8.276332060847195748e-01
-9.420412958364177136e-01
-5.111876580866041575e-01
9.036533188488176105e-01
-5.124548407685143303e-01
-8.461204876689027987e-01
-8.362698752429842397e-01
5.960678108823549426e-01
1.907577707262309019e-01
7.468746899706932840e-01
3.562817723497024858e-02
9.388693456566525875e-01
-4.519680008275057670e-01
9.989161557259733648e-01
-3.503761953005188889e-01
2.511890722584699809e-01
8.361250071422996477e-01
-1.570793853441962984e-01
-8.251607123276454292e-01
-9.433937608445859269e-01
-6.303836927969013182e-01
3.956717767932897978e-01
2.472861343521048916e-01
4.924106887421459966e-01
1.946290630445317582e-01
7.065997384779911794e-01
6.928190113909438175e-01
-7.863463347864412256e-01
6.034021522350709876e-01
-9.040575318910295533e-01
1.538000739047342691e-01
5.862077819968432024e-01
4.418596335776845407e-01
-6.467318757022952891e-01
8.911344756987424898e-01
-4.556431416666033574e-01
4.662622979749824204e-01
8.172042905082432807e-01
-3.569431375982952126e-01
4.465617603589182583e-01
8.066131526157769294e-01
-2.738809127937358312e-01
3.432378550995325295e-01
5.205556046663473158e-01
-9.535132244153596837e-01
1.606158084653739326e-01
3.988158456963322163e-01
-8.316819700941859850e-01
-6.307330459344764328e-01
6.624983394037764484e-02
2.388269756648229158e-01
-8.836383555236748677e-03
-9.993708227549198408e-01
5.352996755385526217e-01
-2.647483825938785618e-01
-8.726689547379884448e-01
9.170961205092942325e-01
-9.808012560743792907e-01
1.470583298125240912e-01
-2.226312411067230546e-01
-8.112792647672519841e-01
-4.468015386998214211e-01
9.227357508438445155e-01
7.242614566369760531e-01
-7.230959006569561698e-01
5.345876422713149445e-01
-6.238707232339006925e-01
2.506800631739456442e-01
9.905841379413147241e-01
5.757244227300495343e-01
8.087546643001930491e-02
-6.701483876551328489e-01
5.103993579705878858e-01
-4.372384825359088012e-01
-3.846847487535018928e-01
3.309240352307403210e-01
2.837055219191220168e-02
-8.378084926468989391e-01
-8.775689225659872861e-01
9.846498246544703736e-01
-1.432523265916141320e-01
2.769549249365197419e-01
-7.267321983134820140e-01
-8.639294248592399583e-01
6.490698461172201839e-01
-5.737886523866118083e-01
-4.202441788697881542e-01
-8.815224457319277285e-01
-1.306460609554580543e-01
7.139982537915803285e-01
5.123829098890566591e-01
-4.010458788604138736e-01
-3.652293935632338062e-01
-9.186817280477417302e-01
2.742898246235438986e-01
8.867381035351868945e-01
6.571893387839249367e-01
-7.044877356377938771e-01
9.436877594138974867e-01
2.537660238514263256e-01
-7.986579571477507855e-01
7.374994363335116709e-01
1.988365951510293606e-01
-5.581821431382862908e-01
2.976038170334123212e-01
1.808739356201627402e-02
