6.931654567460168170e-01
0.000000000000000000e+00
-7.664574063468427845e-01
-1.760317657955405846e-01
1.959109033042083503e-01
0.000000000000000000e+00
-3.821399800485703047e-02
-9.168624074784010869e-01
5.695176795314864648e-01
0.000000000000000000e+00
7.115752367519059263e-01
1.466678234094342947e-01
0.000000000000000000e+00
6.142279329112712016e-01
5.675044011834917690e-01
1.317557221657228439e-01
-9.339899297806737444e-01
2.096226073427396308e-01
6.576712147443419809e-01
3.390050498034802295e-01
9.042050212580003965e-01
8.221301666073879133e-01
-2.115254887463269284e-02
4.093721316168612567e-01
0.000000000000000000e+00
1.548852746668194502e-01
9.531842965688701597e-01
-6.563351508416055413e-01
-2.601515879194986613e-01
5.101793756574011240e-01
0.000000000000000000e+00
-2.256788561664981874e-01
7.445133688360061619e-02
-8.214660479829563045e-01
0.000000000000000000e+00
-7.399434154450597045e-01
-3.097734589410516826e-02
0.000000000000000000e+00
6.320777259128615988e-01
-9.415516392723120020e-01
9.457212473250471430e-01
0.000000000000000000e+00
0.000000000000000000e+00
-8.038399979695984854e-01
-8.741556428017749347e-01
3.804022697109858964e-01
0.000000000000000000e+00
0.000000000000000000e+00
0.000000000000000000e+00
9.424572408345375241e-01
-2.918070013146907282e-01
0.000000000000000000e+00
-7.362921836652824847e-01
0.000000000000000000e+00
-4.995864942902608075e-01
-7.848769564508053520e-01
0.000000000000000000e+00
-3.112220374137215639e-01
1.299895558778050297e-01
4.891482462857235092e-01
0.000000000000000000e+00
-6.551410240038599841e-01
-4.983434638759380864e-01
2.094538764686757482e-01
0.000000000000000000e+00
0.000000000000000000e+00
-9.133422015251944082e-01
8.825297526177462437e-01
0.000000000000000000e+00
-2.947778422882203486e-01
0.000000000000000000e+00
8.762620038934203492e-01
0.000000000000000000e+00
0.000000000000000000e+00
2.037835297153327563e-01
5.606903136778647045e-01
0.000000000000000000e+00
3.970764184383779316e-01
9.086590781619685586e-01
-2.520298372130558295e-01
0.000000000000000000e+00
-7.195976276847741993e-01
1.869480987408442818e-01
6.665251735659349919e-01
-1.899929386527776654e-01
-4.332439116101727272e-01
0.000000000000000000e+00
-2.717439717078911077e-01
-2.192497688474894790e-01
-1.721221666799239713e-01
0.000000000000000000e+00
1.902494912730907650e-01
-5.557270981179174285e-01
-4.745324388542502270e-01
-6.942301851062948614e-02
8.206736438470076944e-01
-4.494062197014871973e-01
-6.366829290368005712e-01
5.495472098413070050e-01
1.680313122541516879e-01
-7.591115104429280169e-01
9.458169424686404536e-01
-5.989707724522597143e-01
2.658412269854921739e-01
0.000000000000000000e+00
0.000000000000000000e+00
-2.601090807226962287e-01
2.580051094257771460e-01
5.910174436114363772e-01
4.073494525593717164e-01
0.000000000000000000e+00
-3.972121466487088526e-01
1.657577512940846542e-01
5.098553585417620049e-02
4.283377365080522914e-01
0.000000000000000000e+00
-8.712313149758004194e-01
-9.942364703150277094e-01
0.000000000000000000e+00
1.000000000000000000e+00
9.276578836423170493e-01
-8.651198062971543479e-02
9.089143425144405875e-01
0.000000000000000000e+00
6.917637234504598887e-01
-7.993425598943173505e-01
7.873441198351147641e-01
-2.366101727946998690e-01
-9.153057874489505252e-01
7.164265933150302246e-01
-5.324775066236724363e-01
0.000000000000000000e+00
-9.658299809479078402e-01
-1.214148790668871936e-01
-6.947302312645842193e-02
0.000000000000000000e+00
0.000000000000000000e+00
-4.244082374835764782e-01
0.000000000000000000e+00
-6.796436151842280005e-01
0.000000000000000000e+00
-4.280843706782848646e-01
3.565174967881450385e-01
8.614697889334186343e-01
0.000000000000000000e+00
7.063212821985205281e-01
-8.254188171981380329e-01
9.337847818677509348e-01
-9.182438330989202147e-01
3.522071692250592356e-01
6.482926294713198256e-01
5.331902770783398804e-01
4.547595502438863679e-01
0.000000000000000000e+00
9.743455260983999722e-01
0.000000000000000000e+00
0.000000000000000000e+00
6.124328951491686546e-01
-6.167515067331683642e-01
-7.327580224457896918e-02
-2.121816492549646327e-01
-6.804510996473478457e-01
0.000000000000000000e+00
7.110078079685611119e-01
5.016767388256417881e-01
-9.307683418835510647e-01
4.597201703900000158e-01
8.559450229320810788e-01
4.362771788140507034e-01
0.000000000000000000e+00
9.201855473572619903e-01
0.000000000000000000e+00
4.843985911363564156e-01
0.000000000000000000e+00
5.441311534767570013e-01
-3.736735270502504758e-01
-4.684427482110218310e-01
-3.408956698369469684e-01
-3.821090988881692407e-01
0.000000000000000000e+00
-6.998747774141900191e-01
-4.467110373221079289e-01
0.000000000000000000e+00
0.000000000000000000e+00
4.715100376912255697e-01
6.508524551572092420e-01
0.000000000000000000e+00
0.000000000000000000e+00
7.376800838066333021e-01
0.000000000000000000e+00
0.000000000000000000e+00
1.792861089662862728e-01
-6.555456041020562008e-01
8.024972957607927615e-01
6.098649106774127748e-01
7.212079868120024884e-02
0.000000000000000000e+00
6.654390127444513858e-01
-9.740270640494002041e-01
-7.323893529622766962e-01
-1.343759055339053265e-01
-5.416620942630949731e-01
-8.796061470643301572e-01
6.378402522517909734e-01
5.307811854859745271e-01
0.000000000000000000e+00
-9.138044605306587798e-01
-5.212683366751027503e-01
-1.991231968788826912e-01
3.695560573236413848e-01
0.000000000000000000e+00
-5.556682652778455189e-01
-3.430415742251275990e-01
0.000000000000000000e+00
-1.355501038851292250e-01
-9.809482352446539100e-01
-7.961820384463376143e-01
1.000000000000000000e+00
4.588881109875531106e-01
0.000000000000000000e+00
4.289428053196120416e-02
-7.556008018442383900e-02
0.000000000000000000e+00
-4.074973997437001394e-01
8.017834544906041749e-01
0.000000000000000000e+00
0.000000000000000000e+00
4.624657561110854243e-01
0.000000000000000000e+00
3.563355071909350968e-01
4.669704057770744932e-01
3.555868181922161586e-01
2.520843764506648377e-01
-3.468179352337044108e-01
-8.240592986396431119e-01
3.688152029411442268e-01
-1.826216137799041572e-01
2.432756042449146783e-01
0.000000000000000000e+00
0.000000000000000000e+00
-1.204453953106703334e-01
-1.648382374773837977e-01
0.000000000000000000e+00
0.000000000000000000e+00
2.547286895846343491e-01
0.000000000000000000e+00
5.183866883539489656e-01
0.000000000000000000e+00
0.000000000000000000e+00
0.000000000000000000e+00
4.558718865029351974e-01
3.148014595084125400e-01
-4.277098972681732114e-01
5.372011591790157858e-01
0.000000000000000000e+00
2.258398922203284087e-01
-1.796047435662571079e-01
7.478875915560800891e-01
2.509716809275313043e-01
5.969833087650222581e-02
-4.489732081658308616e-01
0.000000000000000000e+00
3.340103720527440867e-01
1.911885089717890729e-02
-9.613407431539673365e-01
