-7.793969349486409293e-01
6.308653108978521384e-01
-9.876512656398659384e-01
-6.639822125386733997e-01
-2.612376988532827404e-02
7.818624493297474665e-01
9.558190351964221954e-01
-8.107263300386318150e-01
-4.687721018298374176e-02
7.509946436693637484e-01
2.420414652428375391e-01
-4.613524707600260566e-01
2.312332985744767200e-01
3.192045304690376284e-01
-3.459245524355636370e-02
7.140418048086112357e-01
-6.154979451841766647e-01
4.075072804446300268e-02
9.893771314317061361e-01
-7.405645741144217808e-03
8.212137696312782342e-01
-7.549570012799295959e-01
5.513689461901403188e-01
6.917718208497143362e-01
-5.479047254258355704e-01
9.895835274233519829e-01
7.929490797953520076e-01
-9.819292821221017320e-01
6.206087456567435101e-01
-3.043951631640342548e-01
7.069256801736814033e-01
-2.965430445116798985e-01
1.675529994650482024e-02
-7.510053180997375843e-01
-3.013269771806525998e-01
7.702488407673424575e-01
-4.137274291807722104e-01
-7.276774222523609836e-01
6.197669498468219018e-01
-4.525060714143436247e-01
9.033235714821397089e-02
-4.729919334545584775e-01
-7.497023358967855877e-01
7.826057637660612798e-01
-6.103283812346589343e-01
-6.298513786837878214e-02
5.555952486363422427e-01
-4.524719455647685518e-01
1.487392866404257941e-01
-2.779825921956502466e-01
4.141303774275439942e-01
-4.475003156051604591e-01
7.077506314487225225e-02
-8.215189881426452345e-01
4.769804390752301337e-01
7.482452290718319965e-01
7.671410323601046688e-01
-9.867227223543177939e-01
-2.483969056941250919e-01
3.827315359878775691e-01
-4.738221847911183726e-01
-1.007983879041955966e-01
8.995511607859891789e-01
-4.669832381652823106e-01
-2.876422221436436555e-01
-6.200004914086290064e-01
-4.162083228021362658e-02
-1.944652171095064830e-01
-6.836804376453660126e-01
3.243571201395600845e-01
1.352383961346013130e-01
5.300826736554691276e-01
6.272671335098611856e-02
4.003392147694351255e-01
9.731646151208384055e-01
1.942835048777771245e-01
8.383804697276433515e-01
-6.689497479875188279e-01
-1.150609041440864289e-02
4.584094732625496604e-01
4.009022204088208419e-02
1.743678250350797487e-01
4.723235355291575122e-01
-9.884199038774765800e-01
1.441449639333005628e-01
-6.926095760556612024e-01
-1.198329304758027902e-01
8.583219899938323572e-01
3.302496308848705819e-01
-6.941414397378125045e-01
3.932564225255164025e-01
-8.785796296103640657e-01
-5.581767510287252154e-01
-9.770300112555292404e-01
-4.080722098229256911e-01
9.635406776019439512e-01
8.115217048723255555e-01
-4.797203171007493605e-01
9.645929883907649049e-01
9.733568905888929645e-01
1.249396046138573357e-01
-6.532293562413693522e-01
6.914924950737217912e-01
1.892347937004823510e-01
3.917786075612750274e-02
-8.412230863368606038e-01
-3.704921285315341262e-01
5.759508891288116494e-01
7.753900319214246384e-01
-8.966450678562281063e-01
-2.862439353012247167e-01
-6.179632378310835339e-01
8.677588790321146828e-01
-8.379137310624262813e-01
4.259609819048983947e-01
-9.104718831461955375e-01
3.215040031496472217e-01
-1.802137537403458722e-02
-2.354347599220587561e-01
-5.213465605575666739e-01
1.975573210381476041e-01
-1.863332101845180944e-01
2.077267233532384960e-01
-9.953052166151779012e-01
-6.667744848407848313e-01
-9.809767567935079313e-02
-1.989165011163596120e-02
5.608782457276519917e-01
3.663861548737825657e-01
-7.719095518903364983e-01
5.361796441880777309e-01
7.579339666246243112e-03
-1.244329198654585689e-01
-5.725202586153352868e-01
-9.067566138400597886e-01
6.263743239171599697e-01
-7.584687747818308345e-01
-5.302703895245897137e-01
-2.203952796691024396e-01
-6.869039556324059159e-01
9.028225710111261737e-01
-1.066139192649515621e-01
-5.935567796516423300e-01
-9.608806266279663610e-01
-6.476258463099431317e-01
3.331739274037581744e-02
-1.991396656052986103e-01
-1.744870694710189962e-01
5.740384979244848029e-01
-6.186792524816115968e-01
-3.559866170141485764e-01
-9.697581943857038755e-01
9.360187466542222445e-01
-7.885732944385892562e-01
4.915420722614123328e-01
-3.401526388659288358e-01
-9.261526218657196718e-01
1.551672462339497294e-01
2.418723397287496635e-01
8.422277529127761841e-01
1.489292713104521937e-01
-8.186771496728901809e-01
-3.691661106628152389e-02
-3.743194669005707187e-01
6.470931439367626492e-01
-2.778912917097693391e-01
7.584927491103803376e-01
-5.010948930421073033e-01
-6.229211540700940741e-01
3.716366575252783022e-01
6.402908649773306760e-01
-8.667856335370527354e-02
-8.793810538068818072e-01
9.054648855803730800e-01
-7.008719843655706327e-01
8.580482686239390144e-01
-8.000505627211333959e-01
9.862126399156536660e-01
2.154237554553610767e-01
-8.035987292317681163e-01
3.940571777792298835e-01
-9.322330817395618752e-01
-8.328801878918712376e-01
4.620049270429729127e-01
-4.582277455311070113e-01
2.429786956250719054e-01
-3.953046697304751778e-01
7.723143953123479122e-02
-1.656739920754102258e-01
-6.739613652448674941e-01
4.117935170028084180e-01
3.256264151486853997e-01
1.277070042060970412e-01
4.297379561388066094e-01
8.550315430339570089e-01
7.452826481232279754e-01
-6.660592735178916257e-02
1.011899873152311002e-02
-4.277152610692498413e-01
3.714167426113061943e-01
8.101617638002356347e-01
5.716877511973406101e-01
-1.413986362391042029e-01
-1.196392799832153298e-01
8.166827404742744712e-01
9.225872088951825312e-01
-7.623721297549881371e-01
-7.943924551292702585e-01
7.310264878256789167e-01
8.649467093140645879e-01
-8.884460780795340185e-01
-9.152887787973562617e-02
6.447403334504755446e-01
3.545865893740116626e-01
9.378814756147471066e-01
-9.488822100721587827e-01
3.392289959903731500e-01
4.379538752763465492e-01
7.811132838398244793e-01
5.852920955611213838e-01
9.132091542976088494e-01
-2.466167066270523733e-01
-3.086739245407705834e-01
-2.626666256931098342e-01
-8.135925281080613747e-01
-9.117477275692187355e-01
2.474518418740510040e-01
4.993198404592134043e-01
1.650175249246483844e-01
5.305293500003740448e-01
-3.811458168884975795e-01
2.363873815821542212e-01
5.215340006358859526e-01
6.067560777298115493e-01
8.892056107223325068e-01
5.886719354051384023e-01
-6.026129351834978998e-01
8.566993224709462673e-01
-2.307710612959084084e-01
8.536744566868483819e-01
1.081280519949614494e-01
3.840910189744457526e-01
4.354327105654256513e-01
-9.080329479285340621e-01
4.404614467132195177e-01
-5.486325053748484226e-01
-5.018927813929838777e-01
-2.777124253802534248e-01
-2.374017479092391802e-01
5.091346707780164405e-01
8.106306850673183906e-01
8.642384997267815727e-02
9.915696679603480668e-01
9.040955351191370948e-01
6.286940092104733591e-01
5.251269570313497059e-01
-1.553133316981931689e-01
5.772725161854670439e-01
1.019530546365428059e-01
-4.136279842863352929e-01
2.675165152038669891e-01
6.651078586579184382e-02
4.966221577616281024e-02
5.841373373233245125e-01
4.617083704160125368e-01
