6.345667685027371885e-01
-5.155053385532526455e-01
-7.610649146532935116e-01
-1.340811041523508607e-01
7.950757508606516311e-01
8.606947918959362287e-01
4.482043863591356203e-01
1.675919213188441503e-01
7.890919744086513088e-01
-5.107033091753805376e-01
4.066416353221335989e-02
-5.551400567675353059e-01
-2.390766782959927728e-01
-9.771102926089345608e-01
5.658593559866200717e-01
-1.874731697736544689e-01
-5.109912503190183752e-01
7.551691076272302183e-01
-2.764295366691400524e-01
2.881222511499312855e-01
3.014160288171598978e-01
-4.320014927168203123e-02
-9.313512861012731570e-01
4.485789777968984815e-01
-9.446945164182480870e-01
9.607313269782182807e-01
-7.955912045765010099e-01
2.434820450294159500e-01
6.203645828204911172e-01
8.879657220444094889e-01
-6.484861022883485759e-01
-8.118190231420541192e-01
-4.391426161470735057e-01
2.741483493318264131e-02
9.385064623054173438e-02
-8.811162244566530521e-01
3.815693598177780643e-01
8.764848640593614348e-01
-6.046905403499516218e-01
2.547676142015198320e-01
-1.217197250710966294e-01
-4.934393791589748446e-01
-7.132738416525041814e-02
-1.333504333932116204e-01
-6.912743259244449323e-01
2.889097456863609636e-03
-3.815780631303444803e-01
-7.836379404833224704e-01
1.460884046165999983e-02
-4.006643639866247497e-01
5.128795859122299294e-01
4.088887112992511952e-01
-6.398619156613163383e-01
-9.937201834659712407e-01
8.638661242631509030e-01
7.300806662942880276e-01
-9.406801197780110257e-01
6.445814490801751173e-01
6.426253687568637130e-01
7.330127103423140777e-01
-8.298392589095426874e-01
4.789090259969461805e-01
-3.694795709302445275e-01
1.675655277617174033e-01
-6.830165935126559784e-01
-2.561453971959739562e-01
6.944580732040890325e-01
-4.765526859080893018e-02
8.928670601022243858e-01
-8.998213157955587960e-01
-7.553396559042402369e-01
-8.162333273030519809e-01
-9.358864143811764791e-01
5.041508179356632979e-01
-2.384552083463271632e-01
-9.207288276509639768e-01
-8.645606194192030358e-01
5.292934293662703293e-01
-7.071919853693575675e-01
-5.422984047566801191e-01
-7.849609255173304323e-01
-9.971073001665569091e-01
-5.571531109596421505e-01
-1.231368739559508541e-01
5.183502361165137629e-01
8.507589243147191116e-01
1.808824071978105685e-01
5.349162733400805170e-01
-4.452816575643097075e-01
8.889350585869761900e-01
-5.788245038653827557e-02
8.253045764623423430e-02
9.691872517235411433e-01
9.086086244522617594e-01
-6.844435465325431345e-01
-7.291086400888970864e-01
-9.801015488804389886e-01
-5.243634168011328534e-01
-4.038848174708828953e-01
6.128099824531545448e-01
-8.148781824796222928e-01
2.485575356982772099e-01
3.509448841491638049e-01
6.154894359060070208e-02
-8.239157239356380558e-01
-3.263776456960176819e-01
8.129961462120509630e-01
9.751759071224399555e-01
-1.576539214708458925e-01
9.796390473064029436e-01
3.925062714953080345e-01
8.858038827065968235e-01
7.195236303474739081e-01
-7.826554316422960067e-01
-7.400410851516845412e-01
-7.336998096991198537e-02
-6.972883426842042542e-01
8.162872060066872493e-02
-8.067955205668322360e-01
-8.808323115109215617e-01
4.007034348130102952e-01
3.357969929744661908e-01
-8.736223520699588629e-01
5.705617703878211877e-01
2.083835297900571426e-02
-6.014625339549730665e-01
6.836773355537077990e-01
5.552923438404695489e-01
8.232147735933199595e-01
-9.450848637689130971e-01
-9.537757787953071720e-01
7.993146023867732097e-01
-8.321032327849233745e-01
6.782091452890821603e-01
3.140270779641076704e-01
-1.111756331842428391e-01
-3.522118878773738970e-02
7.673425577308079504e-01
-5.214358626577937361e-01
3.200707527550150644e-02
8.407917138823992609e-01
-1.711591157207210667e-01
-1.216542136867462265e-01
-3.094545008888176518e-01
-3.379127311176077786e-01
7.103554945798395970e-02
1.852789136233952139e-01
-8.010317088245930695e-01
-5.995784221796520708e-01
9.479164576603837933e-01
-3.977373864801214687e-01
-4.762642329493671500e-01
9.769109355251655025e-01
5.941481472600835811e-01
-1.631848568043106074e-01
4.390560571374693133e-01
-8.545626189693440455e-01
9.118512810839762839e-01
1.153273265899203981e-01
5.236064755989151553e-01
8.892184460597807316e-02
-2.199175678824982771e-01
-3.450670402386839530e-01
3.091051165363567499e-01
-6.270459223812503424e-01
8.784672807577218467e-01
-3.269125450975991498e-01
8.643348101572068121e-01
-2.806320687193779584e-01
-7.596190179796804554e-01
3.123992588557111816e-03
8.394695066772102088e-01
8.348287269831167201e-02
4.291642235716885967e-01
-3.648138060199010990e-01
-9.579560067867711748e-01
-1.218804162472177932e-01
-7.888196691015454398e-01
-5.964822923035875135e-01
-5.924694479861787322e-01
6.190765856017708124e-01
5.723948208215627886e-01
-5.748217358293179480e-01
4.873074388184672756e-01
-3.376114969373367192e-01
8.613829157093262356e-01
-4.828938423146631465e-01
-1.367149120006183605e-01
9.156312601039253707e-01
-9.354715809605136378e-01
7.047290738468292570e-01
-6.239186330687778170e-01
3.890639743286421481e-01
2.927066565259539566e-01
-6.968251965640357426e-01
-7.922275864818417723e-01
1.081206538678580742e-01
-6.434270665278452039e-01
8.056109195105476406e-01
6.856503606141770568e-01
5.987439859756409355e-01
9.018444578447071258e-01
9.824076851184733172e-01
-3.784466573235143461e-01
-7.347827114887039990e-01
2.079634287355927036e-01
7.262287797487572139e-01
-1.076657427882394824e-01
-1.122015592070870760e-01
7.101640855746269576e-01
-7.392609431557346511e-01
-4.369010396090078352e-01
-1.820087014352234078e-02
3.303496015964113575e-01
2.930617839155511550e-01
-7.519843132597008317e-01
-2.895534181450878375e-01
-8.575624022935872670e-01
6.444078554404528703e-01
1.068792036663892553e-01
-4.064657174040209320e-01
4.616390367921794358e-01
3.447800948819639277e-01
6.508154584670624576e-01
6.897128791535434011e-01
-4.653673427385927042e-01
-9.849289344621037223e-02
5.803438704674466209e-01
4.623832183343172808e-01
-1.289259206324138152e-01
-6.167751062007620355e-02
5.728043451525315355e-01
-8.305626829101075970e-03
9.876582224496188722e-01
7.217552515363578891e-02
4.486067812446865588e-01
-7.773893710772541432e-01
6.426845813528583307e-01
3.676456910972307757e-01
-1.865013423160819528e-01
9.789637589544897267e-02
-3.297653749573443704e-01
3.908182934182375945e-01
9.448406410849299331e-01
-4.062909877911247136e-03
-7.361494751769703804e-01
5.743680785829821112e-01
-1.643915653839562729e-01
-5.214883227997122450e-01
-9.595054788187247219e-01
-3.031859996771157917e-01
-2.345737462607691004e-01
-4.624476225147475805e-01
8.567370840463290893e-01
8.175606386939571202e-02
-7.808176831810831331e-01
7.498425005215998418e-01
6.205196861852531054e-01
4.046995660998344846e-01
9.632650443719967814e-01
2.374182447356720793e-02
2.919124114357238842e-01
-5.741829720794582315e-01
2.655434114367578591e-01
-4.505708280967191115e-02
