2.559584512092751840e-01
-7.197447171289756973e-01
5.383096508303071293e-01
9.274807753353049300e-01
3.939597102461849243e-01
5.999960043047252167e-01
4.404912616648546386e-01
4.878628746254960458e-01
4.689768123220552365e-01
5.630223140348653565e-01
-9.809541743404077696e-01
5.145965290691802974e-01
-8.365344580895199833e-01
4.210364739088108266e-01
6.885136549767687519e-01
-7.895189447914165992e-01
-2.641989916722271570e-01
-8.677216732677406341e-02
-4.016525024216996975e-01
-3.056760690603508301e-01
-5.113583871329925312e-01
3.852357915827391288e-01
3.331629113940843823e-01
9.923730700984645381e-02
-8.642739356457187494e-01
2.589835605590167233e-01
-3.649594753397746860e-01
9.740737376218469024e-01
-3.047658547341622892e-01
7.841676961489945086e-01
-8.928312286362827255e-01
9.729532636278694913e-01
7.267501741734112564e-01
1.922102622658528048e-01
-1.957454829011353592e-01
7.153670424116005400e-01
-6.141331695208607222e-01
8.979764169958588393e-01
4.649667409299633736e-01
-5.732178442149693520e-01
3.279281727123197765e-01
9.653081032703414444e-01
-3.054326330417296287e-01
-1.709207912617551894e-01
-7.728993398933208248e-01
6.020874597419751950e-01
4.934021203697791513e-02
3.590213681563363401e-01
7.280338922340241492e-01
-7.707412025427462510e-01
-4.112747987455194210e-01
-1.550753471530217364e-01
-4.728372425199196538e-01
-4.968283814524434572e-01
-5.677263665974843221e-01
8.321689985336968576e-01
-1.301761521613911121e-01
-7.417025385287836503e-01
-1.876972886349779213e-01
-4.211191434313357185e-01
6.230182236974444177e-01
-4.209114509763758338e-01
-8.613051704528564834e-01
3.176372592293308372e-03
4.416832907445145118e-02
-5.565704602547749680e-02
7.136930994072419043e-01
-4.537153088417320568e-01
3.180372725048852267e-01
9.465873932649562228e-01
-6.663479319137963763e-01
-2.850816364009907122e-01
-5.031281609505784402e-01
-4.081138976235432203e-02
4.389709456916701669e-02
-4.607708090377724552e-01
-2.932961854461895168e-01
8.772121408853594815e-01
2.089189706313101524e-01
2.386285161660386400e-01
3.600519368870986892e-01
-1.967391993260794170e-01
4.866252207838517307e-02
-7.577442593325998121e-01
9.342557996515297170e-01
-1.879762144969443494e-01
-8.041738545613745792e-01
-9.204615869370282866e-01
-8.190274575245328759e-01
-5.798666010735102905e-01
4.613764986996167217e-01
1.642773437479849719e-01
7.546115551314869219e-01
9.750209775871354623e-02
8.799410535658920285e-01
6.245424984142786684e-01
-8.438649739404413541e-01
4.528431900899223539e-01
5.745700181781103755e-01
-6.607900475297319165e-01
7.666301897514091745e-01
-1.645350967934529063e-01
-2.366304173317823611e-02
-7.052949057767177177e-01
-4.118907112634233592e-01
-4.579069643366979747e-01
-7.439284262428760286e-01
-4.269265615927715363e-01
-5.595537958741747531e-02
-3.424910296761576323e-01
-8.702493390527721306e-01
-7.382220727291908258e-01
-1.048868038038270889e-01
-3.352144988555079141e-01
1.043071777597364136e-01
6.600155571172880986e-01
-4.811431366423140066e-01
9.094676261374412540e-02
3.444874273529650033e-01
-9.460651951316405572e-01
5.042098992104653288e-01
-6.928269967161353460e-01
5.714565623774041647e-01
3.375709037387051303e-01
-8.839719053020917983e-01
4.418773093351999748e-01
4.159671336808909992e-01
-7.718688842601661992e-01
6.831304695891580181e-01
1.007441880540649315e-02
-3.318283012404290577e-01
3.901302613780255335e-02
1.646329315386800829e-01
1.529746984740629756e-01
-2.751928165650701086e-01
-2.782668063486462007e-01
-7.442730516123357010e-01
-5.239931721296566813e-01
-8.982805221903993331e-01
-1.966606829590853422e-01
9.065306005893349894e-01
-8.220154569825255386e-02
-7.754336313950060955e-02
4.323706033545204885e-01
-2.251549102059040575e-01
1.922994291299295888e-02
-2.683449016317431823e-01
-6.585487900859214871e-01
3.381462484436781324e-01
9.992780123806082049e-01
1.754989037073984015e-01
-6.852295767233884671e-01
8.977049813747279838e-01
2.399974263591422297e-01
-2.813321539783497638e-01
6.043479180429678355e-01
-1.143131163261237315e-01
2.410472981364262246e-01
-4.558942235236935758e-01
1.829350948000674215e-02
-9.202413071729256266e-01
-5.923456236594741853e-01
-2.060882403377224392e-01
7.452239246389986693e-01
-9.701560660634489519e-01
1.834507485542808958e-01
-2.629909393600766698e-01
-4.525977877835964946e-01
-7.557728829004419779e-01
-2.932082576972239174e-02
-9.937861017580069678e-01
6.184804548367863752e-01
-3.521512520709357830e-02
9.228036548119262772e-01
-9.762511479851361251e-01
4.120492256000352072e-02
7.462105978392676864e-01
8.603266911645495174e-01
-1.140130105411067962e-01
-2.760761450007420681e-01
-2.065164241728176808e-01
-7.417698550843794258e-01
-3.893428959795917077e-01
-1.469705527185622973e-01
1.140225641070391482e-01
4.595693585714637486e-01
7.911696371986298715e-02
4.311496603689042306e-01
8.162017018706588800e-01
-6.690545652108068619e-01
6.206284485123318984e-01
-5.134055726473942816e-01
-3.699378021283283857e-01
9.060269544666175179e-01
-6.389667510719136967e-01
-2.810514248706530438e-02
-4.775658001226807947e-01
9.661218501001487269e-01
-6.234897806764954087e-01
-7.203756138879817694e-01
8.313785349374658296e-03
-4.263691073653543828e-01
-2.856092134699399487e-01
5.825905673805880092e-01
-9.948127801628530165e-01
3.634693177571723943e-02
-3.342240883197966639e-01
-1.188933283716908651e-01
3.420730953564987686e-04
-3.175274718935725549e-01
1.961809191738517200e-01
-4.676528438532479015e-02
-4.829799008931667803e-01
6.225948841277539891e-02
6.519361590647836380e-01
8.415746926000888806e-03
9.723225486371678272e-02
6.135404819638088370e-01
-8.204059078779968317e-02
5.990154680203774173e-01
5.265272677255896649e-01
-7.892058310574501245e-01
-1.625350137474315115e-01
-9.729833360172388534e-01
7.831172187178423449e-01
-3.706213729492171538e-01
4.421916934359115814e-02
5.505207750655036758e-01
-6.993208984067813550e-01
2.936756033750520523e-02
2.070099128556450729e-01
-5.452539961790798806e-01
5.448685965057258329e-01
6.403270014962854084e-01
2.939815585690759292e-01
6.924311160475082882e-01
-8.292990599189289380e-01
1.315697019870332163e-02
9.103088434968877873e-01
1.429864070280284505e-01
-5.236893153677328883e-01
2.981719004520739791e-01
-6.585618633529859434e-01
-8.793493453980187891e-01
3.895401095054977780e-01
6.856514418323078619e-01
5.578331676971322040e-01
2.659394223877731278e-03
-6.600553976424288205e-01
-3.426446252528678738e-01
3.227236512658109291e-01
7.183332192738487443e-01
4.443584189038927157e-01
6.764625639692904979e-01
6.893863013323042743e-02
-9.469471995711022938e-01
1.517224057545034643e-01
-8.578800305664679993e-01
8.480762893728710505e-01
-4.291364287659860111e-03
-8.926315971484384271e-01
-2.526159285079208061e-01
-9.696906972962147098e-01
-2.724739051871145623e-01
8.665010136944792940e-01
