9.986626063785914997e-01
-4.381328606324641495e-01
5.420625845712858659e-01
-1.489006851610146231e-01
7.891675154594079977e-01
-8.370608926995393162e-02
0.000000000000000000e+00
-9.862564577332195714e-01
8.109471863724495577e-01
5.300039692996263430e-01
2.818728858790560121e-01
-6.664649380737870388e-01
7.925691439085429391e-01
7.826717476632136794e-01
8.637542910799655971e-01
3.119246408515052860e-01
1.736296895809859020e-01
-2.306587351088114080e-01
7.930360728255703151e-03
-8.102856577266417393e-01
7.879108972162645053e-01
-3.730934076652998588e-01
5.867079843839184683e-01
5.821034994473603952e-01
9.349845167189929640e-01
7.232733924655798674e-01
0.000000000000000000e+00
0.000000000000000000e+00
-1.576728398730729008e-01
9.498134771432380496e-01
-6.681450868107610130e-01
7.095857197136008487e-01
-8.309922136208243160e-01
5.252651821741645133e-01
0.000000000000000000e+00
6.290499769015993614e-01
-7.102244812772919857e-01
4.981775382500845950e-01
1.140169789109337639e-01
-8.245290746548386007e-01
-7.297253916616974756e-01
8.373171594472585966e-01
1.287576463133095483e-01
5.754029180264879084e-01
5.451477272602789359e-01
0.000000000000000000e+00
-7.372688170270464969e-01
-6.016248153086320993e-01
0.000000000000000000e+00
9.865639647988073690e-01
-5.010758752698483143e-01
-5.991529201916401259e-01
0.000000000000000000e+00
-3.514884161927123163e-01
8.824424112694322364e-01
9.954791222800649653e-01
-2.862162501580538532e-01
-9.526162199724885760e-01
1.614206216647384728e-01
0.000000000000000000e+00
-2.036137657393657374e-01
-8.550874166816226918e-01
-1.308822910534632733e-01
6.658308013230169742e-01
0.000000000000000000e+00
5.013708858476630947e-01
0.000000000000000000e+00
-7.749684507697331970e-01
3.940611140070771068e-01
-1.248084851746575907e-01
7.736018528471282352e-01
-2.839131107075398841e-01
2.488197329451957707e-02
-8.520975489829363259e-01
5.580000333491710318e-01
0.000000000000000000e+00
-4.118731938318169750e-01
4.083364281799466422e-01
1.000000000000000000e+00
4.810815127919834122e-01
0.000000000000000000e+00
-3.519420157196446741e-01
0.000000000000000000e+00
-2.541490385350984038e-01
6.068997775275142281e-02
0.000000000000000000e+00
-8.723496803283399270e-01
0.000000000000000000e+00
4.582524022980458689e-01
-5.630202706240283739e-01
-5.286443303829899687e-01
0.000000000000000000e+00
-4.254489358351776218e-02
-3.239591848293541521e-01
3.389444991039352040e-01
-6.123999045855241796e-01
1.000000000000000000e+00
3.482819411086437444e-01
0.000000000000000000e+00
1.260677607317355342e-01
-3.973250569440118785e-01
0.000000000000000000e+00
0.000000000000000000e+00
0.000000000000000000e+00
0.000000000000000000e+00
-2.593457691544112098e-01
7.172456698433693489e-02
-6.946946992612201832e-02
-7.946853092503052274e-01
-6.603097427646498208e-01
0.000000000000000000e+00
-1.440865828969444262e-01
0.000000000000000000e+00
8.226655518423564573e-02
-8.954033762613176073e-01
-4.243949044144808003e-01
-8.480343474834646234e-01
-5.104379239184320127e-01
2.609606307771965561e-01
-8.193935937885765686e-01
-2.746726497381926091e-01
-4.372792263046338945e-01
0.000000000000000000e+00
5.494241243687862930e-01
0.000000000000000000e+00
5.830957248019161820e-01
-1.893462924221767096e-02
0.000000000000000000e+00
0.000000000000000000e+00
1.000000000000000000e+00
-1.904227844276487058e-01
6.949903354747744011e-01
-3.614109880578819656e-02
-4.539494741426925994e-01
0.000000000000000000e+00
8.634887651049583113e-02
-1.094441636171041843e-01
-1.740738220985098561e-01
0.000000000000000000e+00
0.000000000000000000e+00
4.915785406676986824e-02
-8.390783442803861902e-02
-9.672754429797081333e-01
0.000000000000000000e+00
2.090970437269716875e-01
5.033015075291458196e-01
0.000000000000000000e+00
-8.570781368181439319e-01
5.403368670670654073e-01
-2.335073079405602936e-01
0.000000000000000000e+00
-5.319243943529627927e-02
0.000000000000000000e+00
5.938014403169566968e-02
0.000000000000000000e+00
-6.157462445958401531e-01
0.000000000000000000e+00
-9.108656149229961141e-01
1.000000000000000000e+00
-4.287448372607034486e-01
-5.190306929418682103e-01
0.000000000000000000e+00
-9.629029678864498010e-01
-9.728885082964819908e-01
0.000000000000000000e+00
0.000000000000000000e+00
0.000000000000000000e+00
9.587943814805686138e-01
0.000000000000000000e+00
1.296105740739201817e-01
5.325947098384666845e-01
8.053790347085199031e-03
3.653530640041753319e-01
0.000000000000000000e+00
0.000000000000000000e+00
0.000000000000000000e+00
-5.430855629963020625e-01
-4.172751364271738428e-01
1.000000000000000000e+00
2.361780247403886257e-01
-5.223432324751604572e-01
0.000000000000000000e+00
1.000000000000000000e+00
-4.046740467779845751e-01
6.921920623505455339e-01
0.000000000000000000e+00
0.000000000000000000e+00
-9.954186715579018685e-01
-1.539756193302732612e-02
-7.382109253894624246e-01
-6.213811340226149671e-01
-5.897137861407746318e-01
0.000000000000000000e+00
7.371751485887074740e-01
-9.325386362592462675e-01
4.341900142935166684e-01
0.000000000000000000e+00
-5.082919729895563066e-01
0.000000000000000000e+00
-5.459984165762423736e-01
-5.268127911034676814e-01
-7.362521654826716944e-01
-5.583393852880977892e-01
0.000000000000000000e+00
-5.542845445317463593e-01
-8.408737971522701748e-01
0.000000000000000000e+00
9.202169086330294068e-01
2.903399759284297499e-01
0.000000000000000000e+00
-8.106489043817994844e-01
-6.899884256579613684e-02
4.980923988288048498e-01
3.315784297172894579e-01
-5.844204755863320333e-01
2.320924498135987779e-01
6.768267387280499925e-01
8.601064331785441830e-01
5.971134736956125177e-01
5.047482603629460662e-01
7.485088707075977510e-01
-6.562002969842206657e-01
9.102508197362573217e-01
-7.991152173096562894e-01
-2.085843133092213364e-02
0.000000000000000000e+00
-7.043907490472145483e-02
0.000000000000000000e+00
-3.075084574549757921e-01
-8.320711996669802879e-01
-6.550860046997692976e-01
-6.562850765547796339e-01
4.256015495813390004e-01
0.000000000000000000e+00
8.196133107698770903e-01
-7.927032328212519907e-01
8.663243690614954584e-01
-6.865700753333396911e-01
0.000000000000000000e+00
-6.017852984162259666e-01
2.635032565015487105e-01
0.000000000000000000e+00
6.567134604061617420e-01
0.000000000000000000e+00
-1.573643232645740575e-01
6.755320411881968745e-01
6.847208258329868791e-01
8.666057617353839504e-03
-5.270776494190565487e-01
2.659395616658137840e-01
1.361382001748741022e-01
2.450642308298875971e-01
-7.131108069285962969e-01
-8.486471190166211542e-02
-1.054285741512763774e-01
-8.339184236823311558e-01
-7.191098458379268088e-01
0.000000000000000000e+00
7.533573561411803787e-01
1.578719926694875930e-01
-3.653453723875268455e-01
3.192163771463507604e-01
-2.438498221400495769e-01
1.000000000000000000e+00
0.000000000000000000e+00
