2.270848167936416750e-01
-7.232920311744623909e-01
-6.366758402421914820e-01
8.964580874305954072e-01
8.382811958184892553e-01
6.377854055385201448e-01
-5.408862537097203216e-01
1.624676205868433865e-01
-1.391525621494882348e-01
6.962942329974857181e-01
3.201461470892033034e-01
-8.379006416838810090e-01
7.795103193237913342e-01
4.800368209244936235e-01
7.379002238133502978e-01
3.710848572721907601e-01
3.819178155660112317e-01
9.970703435953982563e-01
6.029727457592417572e-01
1.808416777265486886e-01
-6.623435527003709300e-01
9.538221360966780971e-02
4.231857801453320356e-01
-2.304615119015689384e-01
-5.417728469049842843e-02
-5.421653015237271056e-02
4.168341224843266080e-01
-1.610218743430369415e-01
-1.214292758260402394e-01
4.444222742163386197e-01
1.581665155990805705e-01
4.412194242207623240e-01
-5.197858953077454380e-01
-8.786382267032426530e-01
3.723788542393458023e-01
-1.171733521689548585e-01
-7.846676666010026224e-01
4.701617817453418446e-01
-7.754824520954508582e-01
-7.627355821315116025e-01
-2.154476641392371050e-01
-8.630182117885194515e-01
-9.499394216340155683e-01
-8.755810797172098869e-01
8.421329386263429750e-01
6.958380951984575180e-01
4.435458836773209512e-01
-3.796677136504837957e-01
4.513266108598847914e-01
7.202451066655386480e-01
6.193690779028770965e-01
-9.521819636419952548e-01
1.767464653140482511e-03
-8.311728949822456691e-01
-1.308480706462111787e-01
-9.866524305352413204e-01
-8.016345383327279084e-01
3.615774710715620177e-01
6.603966958914757601e-01
1.142442115704866978e-01
-6.329268483722767513e-01
8.957415285265279969e-01
-7.680798190460436103e-02
-3.182714701908817556e-01
3.661241430900650240e-01
-7.543766640328157802e-01
-3.708989200760557381e-01
2.382806810579727319e-01
-1.736578762577201118e-02
8.290843856273542034e-01
-4.087492347023382600e-01
5.764917529399506968e-01
4.169326451684072232e-01
5.982103261431257479e-01
-6.146697312464728391e-01
-2.058704529976544961e-01
2.286661320957941168e-01
-2.132266198162624526e-02
2.513835417834615615e-01
3.590779722457724255e-01
1.547867040796246929e-01
-7.501360931497136342e-02
6.301918579779495211e-01
1.931789019769234450e-01
6.455911676760934803e-01
-1.345110022389170989e-01
-9.653574909395874482e-01
9.181099081273087492e-01
1.894861672545236075e-01
3.506922872767375132e-01
4.500878494334299429e-01
5.571488562893602836e-01
-5.165085745129898154e-01
1.435417270623171593e-01
8.529755972706773992e-01
2.153525645880358663e-01
-6.552835559769536466e-01
-4.114219061274253519e-01
-7.719308600115915020e-01
8.495911829310911489e-01
-6.714027573513359215e-04
-5.877739616326174144e-01
-3.532233540959721640e-01
-8.097881431877387293e-01
-1.309448559354911001e-01
-7.938684675977369931e-01
3.468192278209805135e-01
6.589791672667335565e-01
2.388244506453842675e-01
-2.539458170082333766e-01
-4.092653601743672098e-01
-6.634406496954192711e-01
-6.791890761247560970e-01
-1.356245545634418015e-01
-2.117906098503512524e-01
-9.371084344539644118e-01
-9.244754809055759637e-01
3.058358995812358039e-01
3.158453090971677923e-01
8.125124445078264479e-01
-5.922696100163673538e-01
6.563095761396082750e-01
-5.664154627755106919e-01
-8.451748380599377608e-01
-8.093373556589213980e-01
6.362935595831542557e-02
-3.368516936241265913e-01
8.493572890765177519e-01
5.286773445268260208e-01
-4.099694453308113662e-01
8.686017822235811980e-01
-5.947573350212911336e-01
-5.428142038054724061e-01
6.908702630205856288e-01
7.298785410714248023e-01
5.416341932061417008e-01
-1.708987949374816129e-01
-1.104584505952335149e-01
-6.636415356448217562e-01
-8.915608252490700991e-01
5.698282781771832894e-01
2.815021672514461670e-03
-8.766018177521919252e-01
-6.421643691034304435e-01
6.006402535473907012e-01
-9.468183692404319451e-01
8.237913110846295517e-01
-6.754754651801009313e-01
-5.030936244381134514e-01
3.223326926445730933e-01
-8.660420469179432867e-01
9.094364836653103801e-01
2.348158807985705199e-01
7.723477934637175135e-01
1.000845203286555574e-01
5.606658129503709898e-01
-1.181090364034973472e-01
4.253713736713431448e-01
-5.020887468945351984e-01
-3.233573694056914860e-01
-2.304675162689808765e-01
-9.490471911827307316e-01
6.875161507560845209e-03
5.832663994331999113e-02
-7.080114277886733198e-01
-6.390556078242985993e-01
8.776775896364759078e-01
-9.438558853771770174e-01
8.280292165653735381e-02
-7.980164927214732362e-01
-6.264247116240690971e-01
-5.417796936131891172e-02
-3.076719883772782715e-02
-8.089890225432658788e-01
6.576024373161923897e-01
8.147608912316735008e-01
-8.813242152526898909e-01
4.882750092629919436e-01
7.092294962950134174e-01
-3.828072622376521572e-01
3.078153187711318850e-02
-7.120960034682166651e-02
-3.030032769760544475e-01
-7.054179788923624628e-01
7.645353999355353203e-02
-2.712208464402343644e-01
6.676423360503260795e-01
8.866306498837064343e-01
1.284256516574204809e-01
-1.167020927975994660e-01
-3.032669418065905287e-01
-8.798460951072812897e-01
3.596533782100646004e-01
2.751967153923433607e-01
-9.067065566004028909e-01
3.536543830697083113e-01
5.038153280846859872e-01
-6.917087292531820530e-01
-9.025414201173154183e-01
-8.937230306406060976e-01
-5.865052181955123789e-01
-9.406002723878423843e-01
8.373675874268433628e-01
-2.148973224992845044e-01
-7.300771268704873140e-01
8.768338924845466842e-01
3.130871778348356393e-01
-4.146645295334616677e-02
8.358696132401322032e-02
-3.819696606269324946e-01
-5.124017526525910249e-01
-9.353068983430397054e-01
-4.403220015063498138e-01
-8.003058929001938271e-01
-2.752904675791809641e-01
9.605343085655180246e-01
5.783835786770759047e-01
6.632287128122891229e-01
2.744003169483921756e-01
-1.523679648712168433e-01
-8.625646271933458120e-01
-9.630805404049813667e-02
4.648177114237350693e-01
-7.776618660914238479e-01
5.497784241581018527e-01
4.720158695322513864e-01
-5.087415968447832615e-01
9.649662024716512132e-01
9.369060398986150950e-01
-1.012768921380180487e-01
9.674425342946333384e-01
4.117456593248938201e-01
5.083320764706238393e-01
-6.733888770389671041e-01
4.904207930537731741e-01
2.021345004251455801e-01
5.003815549079511094e-01
4.894929437056827481e-01
2.947802228325688834e-01
3.374761051511385723e-01
-2.536307228274989889e-01
-2.442974960722881228e-01
-1.799451618226775018e-01
-4.025992562740379199e-01
-1.494915537680094886e-01
2.876152421209832166e-01
-9.300236826449315153e-01
1.872467397433725811e-01
7.921211203836788783e-01
7.957600211486428599e-01
-9.847172177098777457e-01
3.093596154403568388e-01
1.619596783981980259e-01
7.057805099514495861e-01
-6.867694398574559767e-01
7.503893253063176338e-01
4.624115917596005598e-01
1.101647176362281488e-01
9.978139010751077009e-01
-5.593800124428749410e-01
7.228073978636480046e-01
2.528360201043953204e-01
9.794827730496971085e-01
-1.398713688400183841e-01
6.135503792217027463e-01
