0.000000000000000000e+00
-6.748252289983969199e-02
9.722135368408864053e-01
-4.766521434004415969e-01
-8.136395901200390579e-01
-2.637820262909709168e-01
-1.560668772755910982e-01
0.000000000000000000e+00
4.084542864982749766e-01
0.000000000000000000e+00
-6.165132213935839989e-01
-5.176879496630744093e-01
-8.997265050649425611e-01
1.000000000000000000e+00
-6.862628913696051658e-01
-3.663948594425632255e-01
7.398666628810297574e-01
-6.778232187665023112e-01
0.000000000000000000e+00
6.980681018016512418e-01
-7.611819640343600035e-01
-8.843239707882684097e-01
0.000000000000000000e+00
1.756786045081297765e-01
-3.393333037086754267e-01
4.612428319107324537e-01
-9.773668637592873853e-01
9.911584253982153037e-02
-3.796524850734919188e-01
0.000000000000000000e+00
-6.134888496472046260e-01
-1.324978915033485638e-01
-7.362415963542532360e-01
0.000000000000000000e+00
-5.041042382539959732e-01
-7.135247239078579273e-01
7.430565389871652826e-01
2.985576296857954670e-01
-8.218241768765552901e-01
6.937152109746522743e-01
9.365539907934230524e-01
-5.567665156287551209e-01
-1.921309629643797035e-01
-7.524357348483794450e-01
-5.571720364492949162e-01
-8.194209476074005849e-01
5.668483704877254059e-01
0.000000000000000000e+00
-9.651710741245835834e-01
4.197714138189789779e-01
-6.055858256985897636e-01
-2.233179130703344395e-01
8.665150367108551688e-01
-1.994772092131338326e-01
-3.091826193024875824e-01
-3.911932005203548890e-01
0.000000000000000000e+00
0.000000000000000000e+00
6.457432444875466082e-02
3.245690161036101085e-01
-5.536475141575227799e-01
1.703815497882776864e-01
-1.556865144154218061e-01
3.025246909962049369e-01
2.046074012975760414e-01
-1.638079368460563234e-01
6.609090883772688052e-01
-3.863629280067919503e-01
-7.885160949424729893e-01
-8.257882132193750113e-01
8.192641854819471270e-02
6.410016962878206659e-01
1.196829218767136993e-02
4.750175170890198473e-01
0.000000000000000000e+00
4.941370400204068147e-01
-8.886460837265099943e-01
-1.993777431545704637e-01
-6.397528123359204066e-01
0.000000000000000000e+00
-1.685738328158083998e-01
-5.631407463865101271e-02
-3.278047370921775006e-01
6.936942275918902556e-01
3.389064512347308433e-01
-6.321019702395132001e-01
-8.703926745148962141e-01
9.052452527134571270e-01
-2.747139665804549935e-01
0.000000000000000000e+00
6.149141168002130176e-01
0.000000000000000000e+00
-5.822917298420349219e-01
-3.475662949495166298e-01
2.084768517972239721e-01
8.008584858319389710e-02
0.000000000000000000e+00
0.000000000000000000e+00
1.017200928494883527e-01
-3.927282421738746976e-01
0.000000000000000000e+00
0.000000000000000000e+00
9.751616795135236160e-01
-5.498774328519400179e-01
2.231841565921823811e-01
-2.391241414213596261e-01
0.000000000000000000e+00
7.739091101119122129e-02
7.362290360800101130e-01
-9.059183848514658077e-01
1.227180673665537736e-01
0.000000000000000000e+00
9.901605398048942686e-01
3.318371376023465658e-02
0.000000000000000000e+00
2.547376438090709350e-01
-7.425468802812025260e-01
-1.733388287852748455e-01
8.577614660851291539e-01
0.000000000000000000e+00
-7.900257706786897316e-01
-2.989505912111312114e-02
9.948240732571254075e-01
1.862332461667699501e-01
9.031571277243068963e-01
-3.379599085843250084e-01
-3.547376770127681489e-01
-6.305632955428983610e-01
-1.327704385627017647e-01
-9.729456257621773574e-01
0.000000000000000000e+00
0.000000000000000000e+00
5.390370032637255004e-01
3.292232914615171868e-01
0.000000000000000000e+00
5.026622885019533804e-01
-8.049352543812173799e-01
9.320209607161615839e-01
0.000000000000000000e+00
0.000000000000000000e+00
4.172370587895812832e-01
2.703946984362897155e-01
1.348678486267780308e-01
1.000000000000000000e+00
-5.169465010048872600e-01
-7.809797120949579785e-01
5.279942182646730764e-01
9.210085612605689587e-01
-9.759743865746106639e-01
-6.045850953594849031e-01
-2.234033966829904738e-01
-3.327130956028794273e-01
7.631859215975200783e-02
0.000000000000000000e+00
0.000000000000000000e+00
0.000000000000000000e+00
-6.216382075869442136e-01
1.000000000000000000e+00
0.000000000000000000e+00
8.869919762585287693e-01
0.000000000000000000e+00
-1.041771513368949797e-01
0.000000000000000000e+00
-1.089529512880109685e-01
-8.704588573778770932e-01
-6.583479943039074467e-01
0.000000000000000000e+00
4.037207148078010288e-01
-1.707606152279581568e-01
-6.488321429216497016e-01
-5.094860521155175626e-02
-1.583560569596362821e-01
0.000000000000000000e+00
5.034980570262317379e-01
0.000000000000000000e+00
0.000000000000000000e+00
0.000000000000000000e+00
-9.531648895144297917e-01
0.000000000000000000e+00
0.000000000000000000e+00
3.958222262232347077e-01
0.000000000000000000e+00
-6.136882959573355389e-01
0.000000000000000000e+00
-4.912891398750260930e-01
-4.998518339525868104e-01
0.000000000000000000e+00
3.662663359619189318e-01
9.548871786043742205e-01
-8.203807090710135697e-02
0.000000000000000000e+00
4.694813302510245645e-01
-2.205580134572640016e-01
2.583564128689914696e-01
0.000000000000000000e+00
-2.221444463906496747e-01
1.000000000000000000e+00
-9.979943835365867599e-02
0.000000000000000000e+00
-7.827747760990204640e-01
5.331430277310684751e-01
8.393370299786202526e-01
-7.372431419017335674e-01
9.871248358018611668e-01
4.867868653800517809e-01
-8.430158576237198886e-01
-2.250350787441548484e-01
2.713929453703887162e-01
-5.333158076780426526e-01
8.389058361681929199e-01
-6.110437660914214142e-01
-7.077865477633786817e-01
8.619286857013261915e-01
-8.693063552421971263e-01
-4.063038889908325846e-01
2.873399239057983223e-01
-8.752132666110499226e-01
7.482551627289868446e-01
0.000000000000000000e+00
0.000000000000000000e+00
0.000000000000000000e+00
0.000000000000000000e+00
-9.092443614035783384e-01
-3.370505666577601200e-01
8.404118746385755845e-01
3.481751161659334404e-01
-8.012123394254930808e-01
3.113528462372603389e-01
7.131036538114572387e-01
-4.367680790584915762e-01
3.241867381640914925e-01
-8.499015644702685446e-01
8.883561965564272800e-01
4.619298015915951350e-01
2.344157084910400979e-01
-4.494373524042138968e-01
-6.590499410004562186e-01
8.670097570387902408e-01
-2.185299426230919995e-01
5.705321070585966936e-02
-7.792525988498757439e-01
0.000000000000000000e+00
8.396162888533020840e-02
-4.822953384283623635e-03
0.000000000000000000e+00
3.736979180227035791e-01
-8.634523881090316877e-01
7.813537949757356493e-01
-3.486966549568193408e-02
6.973697199448933848e-01
-3.801295899578416293e-01
5.382479879450641214e-02
-3.638590280636617713e-01
4.304200750558455635e-01
1.160104552491447727e-02
-5.166325979616170905e-02
9.328415747928722190e-01
-1.366923158426966989e-01
8.266051145492974150e-01
-4.565400242272328324e-01
-4.616838620909919921e-01
9.618943906512951170e-01
0.000000000000000000e+00
-9.062817800577780414e-01
5.665528309164415965e-01
