6.473768018504044708e-01
9.622663952305929858e-01
-9.823926074099251782e-01
3.378769359887732193e-01
-1.086655074306150937e-01
8.089929169753842242e-01
2.274021941215886855e-01
2.422633952472679209e-01
9.177936321478670223e-01
3.651027215370559187e-01
1.000000000000000000e+00
8.318648605973508747e-01
8.899753408636752461e-01
-2.282481304319121662e-01
0.000000000000000000e+00
-4.343420114412051003e-01
8.226718532572361298e-01
6.442181284799324281e-01
-2.500839156760417126e-01
6.056334750165877079e-01
-1.088862048565639729e-01
-9.122966781789965118e-01
0.000000000000000000e+00
-6.149752241326458257e-01
2.778940025486709153e-02
0.000000000000000000e+00
-6.652103815730101566e-01
9.125524129467981194e-01
7.594966192850205466e-02
-9.853388275663097495e-01
-8.690563557925601312e-01
3.406702522861133620e-01
5.471645327385532553e-01
7.299017114252623895e-01
0.000000000000000000e+00
-7.921463816526597146e-01
7.550842804832247346e-02
4.054857325350824659e-01
9.524478426780556006e-01
5.504134809261225225e-01
0.000000000000000000e+00
8.795022230166269495e-01
4.937816513485242531e-01
-6.924908455647089678e-01
-8.154952947991667145e-02
-3.365692490654244029e-01
0.000000000000000000e+00
-8.914638582171179326e-01
5.884295739517806378e-01
1.161684106356215551e-01
0.000000000000000000e+00
1.000000000000000000e+00
0.000000000000000000e+00
-2.239347927104584635e-01
2.604345292515757304e-01
-1.339499307214582213e-01
-9.662180633917174521e-01
3.465974646554255134e-01
6.966874012200419131e-02
2.828454929632793213e-01
2.366987178212043297e-01
5.119211933903549117e-01
1.712160266267783726e-01
0.000000000000000000e+00
-8.548211104020457807e-01
8.560955003326675694e-01
-7.877289162600549233e-01
5.737837953251399004e-01
-3.972985803102577762e-01
0.000000000000000000e+00
0.000000000000000000e+00
-1.246477010635500537e-01
0.000000000000000000e+00
3.214463298144809578e-01
-5.202464526409711354e-02
6.693552762069887585e-02
0.000000000000000000e+00
-2.180148691420193963e-01
5.949692256669316670e-01
9.144893728164515956e-02
9.202685301608690693e-01
-7.118489250830337678e-01
3.545780910101250516e-01
8.283378327692356713e-01
5.900342444649184781e-01
4.586491532316894215e-01
-2.537389701993519875e-01
8.989302070610254436e-01
0.000000000000000000e+00
1.101394912805238047e-01
-7.535296821330019768e-01
0.000000000000000000e+00
1.933097749066605697e-01
7.430409710892194042e-02
8.939587784577436302e-01
-3.906176953009832253e-01
4.965931734655868457e-01
8.070927519490918023e-01
-3.122967003027061761e-01
-1.746910079475041400e-01
1.000000000000000000e+00
2.510538909517401329e-02
-6.780912848712099539e-01
-5.584240612851840702e-01
6.694967337361241722e-01
-6.113475693073491257e-01
-6.372840304526998789e-01
5.993201072110627692e-01
0.000000000000000000e+00
7.027754448509484497e-01
0.000000000000000000e+00
9.886261008508667736e-01
0.000000000000000000e+00
9.932921935833349814e-02
-4.186946649598293213e-01
1.000000000000000000e+00
0.000000000000000000e+00
4.511785146682805170e-01
0.000000000000000000e+00
-3.382981366345532148e-01
-7.435697068080968641e-01
3.109459613939054012e-01
-7.999098854491542010e-01
2.390315543086658501e-01
8.002371816858435682e-01
-3.644281255325492186e-01
-9.870804357012996633e-02
2.326848605189062447e-01
-3.886490211865585298e-01
1.683398656903944968e-01
8.016341161811548766e-01
-6.959662115088591783e-01
-1.696282607549359778e-01
6.461036071526238267e-02
2.365777851593477976e-01
-6.834391569843283332e-01
1.000000000000000000e+00
-6.086464673485458832e-02
9.666060400193126068e-01
3.799274243115589034e-01
8.073032237498429797e-01
0.000000000000000000e+00
7.557716590159231362e-01
-7.430324784877950783e-02
-2.825167957728065282e-01
0.000000000000000000e+00
1.033436523203943302e-01
-6.484596782095493062e-01
2.132553321417225423e-01
6.835859906765211491e-01
7.174273107415984896e-01
-7.199966625676001986e-01
7.723607415604472060e-02
0.000000000000000000e+00
7.726716641577910938e-01
-8.470752428855692351e-01
-8.492000864132467353e-01
-9.627394102575292933e-01
1.435662257114778129e-02
-9.376115379833818153e-01
1.637809809878585376e-01
-1.897310648977719172e-01
1.800726236814360615e-01
0.000000000000000000e+00
1.031879970523166268e-01
0.000000000000000000e+00
9.974563500237034752e-01
-5.579209843414822956e-02
5.503944776748563861e-01
-2.683627397939809534e-01
-5.533867047512899262e-01
5.442896871209255139e-01
4.664536544258020001e-01
-4.180016795712522271e-01
-7.059771565909445101e-02
2.082398668757101667e-02
0.000000000000000000e+00
4.334539332861764294e-03
3.253569787573933336e-01
0.000000000000000000e+00
6.130801138557968599e-01
2.280719531202561878e-01
-6.683128959356834375e-01
2.827336103276434365e-02
-1.075591123219965528e-01
-6.417096321827584493e-01
8.974236632259566804e-01
3.188266139059534598e-01
9.354711196750260527e-01
0.000000000000000000e+00
0.000000000000000000e+00
-2.824089223083880995e-01
-5.623617654819432765e-01
-2.471570325270433521e-02
0.000000000000000000e+00
-2.611296291050513307e-01
-9.143831183227062454e-01
-5.864518505649980451e-01
8.154521851459213266e-01
-2.774972708807423860e-01
3.157950242350480163e-01
-4.619036206439983694e-01
-8.958930650816614438e-01
-8.625048980963980760e-01
8.979676506623035515e-01
1.766085178257441601e-01
-7.863426075666790638e-01
-4.604582425169878590e-02
-6.155376420169211826e-02
-2.777436017097729692e-01
8.392882506386833974e-02
-4.714354998051086820e-01
0.000000000000000000e+00
1.223809405419902241e-01
0.000000000000000000e+00
-8.359822432091410516e-01
0.000000000000000000e+00
2.969715136015882440e-01
1.380304500564553116e-01
7.333843872528342800e-01
0.000000000000000000e+00
-9.663090188754250853e-01
-5.631642382033370531e-01
0.000000000000000000e+00
-6.612608322819819584e-01
0.000000000000000000e+00
7.276505929596441824e-01
0.000000000000000000e+00
9.792936952100765868e-01
-9.894270199326993254e-01
4.595024697590965879e-02
-4.533711734907217572e-01
5.893220265187510964e-01
0.000000000000000000e+00
-6.249000952742576054e-01
0.000000000000000000e+00
-8.812566782575381730e-01
-5.779849646500059279e-01
3.337645737594534534e-01
-6.150564130391871220e-01
5.556229193070971739e-02
0.000000000000000000e+00
-1.909588132244126601e-01
1.815402569106669972e-01
0.000000000000000000e+00
-4.246744920408691559e-01
-6.777417192649239919e-01
2.590808497763099627e-01
-9.216182695210328735e-01
1.445385984609290908e-01
0.000000000000000000e+00
-4.834807079665830454e-01
-6.399249208474058204e-01
9.164766729691073976e-01
1.987150455898594181e-01
0.000000000000000000e+00
-9.627599287255261817e-01
4.390945990081773775e-01
0.000000000000000000e+00
-4.330907471887190940e-01
0.000000000000000000e+00
-1.015932767610865373e-01
9.855516474159575768e-01
0.000000000000000000e+00
-6.588664320206074621e-01
