
game 0 mutation rate 0
gen, best, mean, std, median, q1, q3
0, 21.174, -0.75065, 9.142278, -5.826, -5.834811, 3.291043
1, 38.864435, 3.011509, 11.023533, -4.682131, -5.831882, 6.328813
2, 38.864435, 7.869327, 12.056873, 4.317869, -4.839578, 21.174
3, 74.769519, 15.226153, 14.238208, 21.174, 4.317869, 21.174
4, 74.769519, 19.746646, 13.009257, 21.174, 19.209967, 21.174
5, 74.769519, 25.747384, 13.883832, 21.174, 21.174, 32.660429
6, 74.769519, 32.275634, 13.557837, 25.710222, 21.174, 38.864435
7, 74.769519, 38.066545, 14.331576, 38.864435, 21.529775, 38.864435
8, 74.769519, 46.094072, 14.849192, 38.864435, 38.864435, 56.773463
9, 74.769519, 52.628426, 14.427881, 47.821325, 38.864435, 65.866602
10, 74.769519, 60.113683, 14.194414, 65.866602, 45.511451, 74.769519
game 1 mutation rate 0
gen, best, mean, std, median, q1, q3
0, 56.773463, -1.919876, 10.160847, -5.827473, -5.834811, -4.695893
1, 56.773463, 2.14456, 14.154027, -4.70953, -5.831882, 3.340501
2, 56.773463, 8.886951, 17.330495, 3.95566, -5.630257, 21.174
3, 56.773463, 17.259691, 18.427057, 21.174, 3.539305, 21.379599
4, 56.773463, 28.114125, 18.189626, 21.379599, 21.174, 41.342175
5, 74.746171, 37.832668, 19.05166, 39.165189, 21.303728, 56.773463
6, 74.746171, 44.263007, 16.875555, 56.773463, 22.030187, 56.773463
7, 85.838793, 52.581313, 12.63295, 56.773463, 48.092721, 56.773463
8, 85.838793, 57.303618, 10.501025, 56.773463, 56.773463, 56.773463
9, 87.011736, 59.781575, 11.004337, 56.773463, 56.773463, 65.770505
10, 87.011736, 62.312289, 12.446308, 56.773463, 56.773463, 68.083248
game 2 mutation rate 0
gen, best, mean, std, median, q1, q3
0, 65.783394, 0.725714, 14.474984, -5.831882, -5.834811, -4.677458
1, 65.783394, 7.16535, 16.305046, 3.022475, -5.831882, 21.174
2, 65.783394, 14.82389, 18.016075, 20.973732, 1.095303, 21.345282
3, 65.783394, 23.589305, 19.73986, 21.420641, 4.317869, 30.246146
4, 74.74425, 36.285052, 20.06776, 30.428027, 21.174, 56.773463
5, 74.74425, 45.770603, 18.535535, 56.773463, 21.67699, 56.890752
6, 74.74425, 56.318045, 14.848951, 56.890752, 56.773463, 65.783394
7, 74.74425, 64.433052, 5.626864, 65.783394, 56.886893, 65.783394
8, 74.74425, 67.425488, 5.035635, 65.783394, 65.783394, 74.74425
9, 74.74425, 70.41317, 4.477938, 74.74425, 65.783394, 74.74425
10, 74.74425, 72.504036, 3.880164, 74.74425, 72.504036, 74.74425
game 3 mutation rate 0
gen, best, mean, std, median, q1, q3
0, 56.851532, 0.014077, 13.223105, -5.833347, -5.834811, 2.828635
1, 56.851532, 4.060716, 15.650169, -4.68674, -5.834811, 4.317869
2, 56.851532, 8.57419, 17.242605, 4.317869, -5.82968, 12.9493
3, 56.851532, 14.610056, 17.932582, 12.165189, 4.15691, 21.174
4, 56.851532, 22.441585, 18.921413, 21.174, 4.317869, 30.540414
5, 56.851532, 29.591277, 19.064152, 29.975209, 12.280557, 47.937059
6, 74.746171, 39.4036, 18.531171, 38.881903, 21.263167, 56.773463
7, 87.593424, 45.182716, 18.719211, 56.773463, 21.224929, 56.773463
8, 87.593424, 50.868156, 17.284302, 56.773463, 38.881903, 56.773463
9, 87.593424, 61.880707, 12.050174, 56.773463, 56.773463, 68.084869
10, 87.593424, 66.606157, 11.549354, 61.316789, 56.773463, 74.746171
game 4 mutation rate 0
gen, best, mean, std, median, q1, q3
0, 56.773463, 2.493805, 15.840344, -5.831882, -5.834811, 3.361054
1, 56.773463, 10.46841, 18.786424, 4.272612, -5.831882, 21.174
2, 56.773463, 18.892653, 19.640537, 21.174, 1.080265, 30.839537
3, 56.773463, 30.913755, 19.197204, 34.811012, 21.174, 48.174
4, 56.773463, 40.165941, 14.117076, 39.386872, 27.819241, 56.741544
5, 56.773463, 46.055752, 13.340809, 48.174, 39.07067, 56.773463
6, 56.773463, 52.673664, 6.7544, 56.773463, 48.174, 56.773463
7, 56.773463, 56.200166, 2.145083, 56.773463, 56.773463, 56.773463
8, 56.773463, 56.773463, 3e-06, 56.773463, 56.773463, 56.773463
9, 56.773463, 56.773463, 3e-06, 56.773463, 56.773463, 56.773463
10, 56.773463, 56.773463, 3e-06, 56.773463, 56.773463, 56.773463
game 5 mutation rate 0
gen, best, mean, std, median, q1, q3
0, 56.773463, -0.951315, 13.144731, -5.831882, -5.834811, -4.727388
1, 56.773463, 5.235091, 17.334788, -4.727388, -5.831882, 6.404017
2, 65.773463, 15.656975, 21.30869, 12.416758, -4.727388, 21.178438
3, 65.773463, 25.342939, 24.139449, 21.174, 3.320409, 56.767552
4, 65.773463, 38.789072, 21.949105, 56.767552, 21.174, 56.773463
5, 65.773463, 49.119247, 15.546839, 56.773463, 30.174, 56.773463
6, 74.855814, 56.95713, 9.12561, 56.773463, 56.767552, 59.023463
7, 74.855814, 60.523687, 4.736597, 56.773463, 56.773463, 65.773463
8, 74.855814, 61.724509, 5.049199, 65.773463, 56.773463, 65.773463
9, 85.253671, 63.701408, 5.872549, 65.773463, 56.773463, 65.773463
10, 85.253671, 66.154089, 7.165419, 65.773463, 65.773463, 65.77941
game 6 mutation rate 0
gen, best, mean, std, median, q1, q3
0, 48.386872, -1.237607, 9.765043, -5.831882, -5.834811, 3.002307
1, 48.386872, 4.190912, 12.761313, 2.944798, -5.826, 6.061686
2, 56.773463, 10.500627, 16.705058, 4.317869, -5.358934, 21.204554
3, 74.76363, 16.080229, 18.69192, 21.174, 3.001063, 21.840945
4, 74.76363, 24.372984, 17.682106, 21.738829, 12.301506, 39.324063
5, 74.76363, 33.638155, 17.813995, 30.413453, 21.196457, 48.386872
6, 74.76363, 43.246178, 14.735431, 48.386872, 21.840945, 48.386872
7, 74.76363, 51.98469, 10.061579, 48.386872, 48.386872, 56.773463
8, 74.76363, 57.531315, 9.919835, 56.773463, 48.386872, 65.866602
9, 74.76363, 62.947742, 9.861221, 65.866602, 54.676815, 74.76363
10, 74.76363, 68.972569, 7.213957, 74.76363, 65.866602, 74.76363
game 7 mutation rate 0
gen, best, mean, std, median, q1, q3
0, 56.877507, -2.698281, 9.981796, -5.834811, -5.853807, -5.826
1, 56.877507, 2.129017, 14.735672, -5.826, -5.831882, 4.29952
2, 65.773463, 8.523886, 16.913557, 4.286066, -5.826, 21.174
3, 65.773463, 14.206663, 18.442946, 4.317869, 0.848651, 21.176954
4, 65.773463, 26.092684, 19.259493, 21.176954, 10.209967, 41.323372
5, 65.773463, 36.392871, 17.873378, 35.051297, 21.174, 56.773463
6, 74.77941, 46.138226, 17.259642, 56.773463, 21.176954, 56.877507
7, 74.77941, 50.748946, 16.210686, 56.773463, 47.773463, 65.773463
8, 74.77941, 60.096179, 6.752809, 56.877507, 56.773463, 65.773463
9, 74.77941, 63.090903, 4.415351, 65.773463, 56.877507, 65.773463
10, 74.77941, 65.033967, 2.95275, 65.773463, 65.773463, 65.773463
game 8 mutation rate 0
gen, best, mean, std, median, q1, q3
0, 56.773463, 1.195558, 13.305463, -5.831882, -5.834811, 3.367136
1, 56.773463, 7.19296, 15.643366, 3.507303, -5.831882, 13.29047
2, 56.773463, 13.320576, 18.443098, 12.169595, -4.874568, 21.234626
3, 65.777424, 22.57706, 20.701413, 21.174, 4.272612, 30.685754
4, 65.777424, 31.138705, 21.783559, 30.120877, 4.317869, 56.773463
5, 74.7814, 41.758814, 19.884169, 56.773463, 21.174, 56.773463
6, 74.7814, 50.573538, 13.676972, 56.773463, 56.773463, 56.773463
7, 74.7814, 57.223662, 2.559936, 56.773463, 56.773463, 56.773463
8, 74.783394, 57.527497, 3.405019, 56.773463, 56.773463, 56.773463
9, 87.011736, 58.485369, 5.588316, 56.773463, 56.773463, 56.773463
10, 87.011736, 60.081063, 7.786474, 56.773463, 56.773463, 56.828509
game 9 mutation rate 0
gen, best, mean, std, median, q1, q3
0, 21.174, -0.75065, 9.142278, -5.826, -5.834811, 3.291043
1, 38.864435, 3.011509, 11.023533, -4.682131, -5.831882, 6.328813
2, 38.864435, 7.869327, 12.056873, 4.317869, -4.839578, 21.174
3, 74.769519, 15.226153, 14.238208, 21.174, 4.317869, 21.174
4, 74.769519, 19.746646, 13.009257, 21.174, 19.209967, 21.174
5, 74.769519, 25.747384, 13.883832, 21.174, 21.174, 32.660429
6, 74.769519, 32.275634, 13.557837, 25.710222, 21.174, 38.864435
7, 74.769519, 38.066545, 14.331576, 38.864435, 21.529775, 38.864435
8, 74.769519, 46.094072, 14.849192, 38.864435, 38.864435, 56.773463
9, 74.769519, 52.628426, 14.427881, 47.821325, 38.864435, 65.866602
10, 74.769519, 60.113683, 14.194414, 65.866602, 45.511451, 74.769519