-8.541449558208080717e-01
3.373509396017859707e-01
-8.029906983761296857e-01
5.094897758374314911e-01
-6.019660164590319162e-01
-7.517094265474326686e-01
-3.590230390202082678e-01
-8.276760281534867314e-01
-6.333324755321985133e-01
9.175000301698874594e-01
-1.763270616628909160e-02
0.000000000000000000e+00
4.740141568960964946e-02
9.429381833687160430e-01
8.751272798644027517e-01
-6.378822617512776016e-01
8.237045898009769385e-01
5.436459947227108014e-01
1.669025632023475314e-01
0.000000000000000000e+00
3.045924538876443322e-02
5.233417843890728616e-01
7.211052048093531397e-01
-2.513214511187924494e-01
-5.858912624455245854e-01
3.502281781620981693e-01
-3.904399320688933805e-01
-6.358091352883687986e-01
6.855914322727725274e-01
8.919771833969378783e-01
-9.302760151888742612e-01
5.055478986071444414e-01
-7.732532366843769545e-02
4.075368259034266583e-01
7.600510992056173087e-01
0.000000000000000000e+00
4.257029150967048814e-01
0.000000000000000000e+00
1.467659297587786682e-02
0.000000000000000000e+00
-5.521048157463805950e-01
-3.342734374597893243e-01
-7.398695071380747557e-01
-5.006374233425505693e-01
2.391729997018798848e-02
-1.659459893787391671e-01
2.728820236277729183e-01
1.927255466288404495e-01
1.902892419302419924e-01
1.963389455556947549e-01
-7.175476677056853436e-01
-7.516715319400535389e-01
-6.125385306280699549e-01
7.394161225829209982e-01
0.000000000000000000e+00
-9.722447632514661375e-01
-3.540441691656837087e-01
3.019890140255354627e-01
-7.700562751717308085e-01
-4.997401805255230478e-01
1.042500786837332605e-01
-6.121938137022220339e-02
-2.011587959430407579e-01
-8.185022567658037929e-01
3.743228075610725014e-01
7.583063185474367973e-01
-1.635965908400500712e-01
0.000000000000000000e+00
0.000000000000000000e+00
4.171003704717373139e-01
0.000000000000000000e+00
-3.204236578254044954e-01
3.395858234541251353e-01
0.000000000000000000e+00
3.791610596866439309e-01
4.165326613547171153e-01
-3.837253169245296025e-01
4.956160085101453117e-01
7.632747685093710377e-01
0.000000000000000000e+00
-3.366777429250733533e-03
3.207092925298531405e-01
1.671776863616403208e-01
-2.858410211762048014e-01
-2.127372670538278943e-01
-2.318945502749685250e-01
9.361452814535191624e-01
8.020458399405394623e-01
3.206656770463101047e-02
-8.725415480282294745e-01
0.000000000000000000e+00
6.023531016703922436e-01
0.000000000000000000e+00
0.000000000000000000e+00
8.005966217408162500e-01
3.593113894348620718e-02
6.150653420009308814e-01
0.000000000000000000e+00
7.868402478527602995e-03
0.000000000000000000e+00
5.121543626469211574e-01
0.000000000000000000e+00
6.698110837333217660e-01
-9.504679095296029168e-01
-8.778659821333767432e-01
-6.421336210603709738e-01
-4.957152524220005407e-01
-9.609043678083730722e-01
9.933996693458084781e-01
4.743888689337520947e-01
6.249921123337385254e-01
-4.565882779962933125e-01
-1.485971805875203611e-01
-5.261437855723085644e-01
4.529465329807871310e-01
-4.242744414271872877e-01
-2.174762113019390597e-01
-8.744034459538418957e-02
-9.549105776000723633e-01
8.489612764411975654e-01
4.590807211797733878e-01
-5.635223536686735368e-01
-5.623601085962404156e-02
-5.682203368681426614e-01
9.352915735278202192e-01
-6.050670447310204647e-01
4.020695254447541611e-01
-6.649663001013212948e-01
-2.915476594928545495e-01
7.478337106763404130e-01
4.413130288872968432e-01
6.343161805731467595e-02
5.941912021926554210e-02
-3.172060394667770566e-01
2.061374680364502776e-01
9.935269878575863078e-01
2.159895241758196249e-01
4.927043774436805634e-01
-7.230898512687811142e-01
5.785839168394517618e-01
-9.532293406536034297e-01
-9.133721826920735420e-01
9.708541242489294731e-01
0.000000000000000000e+00
5.242783004184834450e-01
9.485705164665698685e-01
1.434486428812247194e-01
8.229976039523032583e-01
0.000000000000000000e+00
-1.397065800995891394e-01
4.196267972070031327e-01
3.798059460191365311e-01
-5.032734908102711735e-01
0.000000000000000000e+00
0.000000000000000000e+00
6.466757954310251577e-01
8.019112779766834898e-02
-8.032699339765505542e-01
9.513844702159433009e-01
0.000000000000000000e+00
7.205713887354789904e-01
-9.994570198915777581e-01
-5.280353691439880759e-01
-1.477052903868991685e-02
0.000000000000000000e+00
5.247692129615826317e-01
2.502339744116870435e-01
7.985870030238442219e-01
-6.258256774695860614e-01
-1.164908366208901036e-01
9.634104311433779877e-01
4.374252095848589761e-01
3.532498430733665984e-01
-3.050980844161939043e-01
3.088149791427861057e-01
-3.821231052339768564e-01
-9.027151947880207583e-01
-6.183338778193201435e-01
-3.181041638937975868e-02
4.428443767799130626e-01
3.846885291529529294e-01
7.796522203559559383e-01
-7.110902609039473354e-01
-3.033435441270482258e-02
-2.882469888631222776e-01
4.814282180847446746e-01
-4.345993640014793602e-01
-5.512497596763767937e-01
2.947151197838755454e-01
6.012948955906423087e-01
8.533146982620798404e-01
2.276436890966919702e-01
0.000000000000000000e+00
-6.694470456021464067e-01
-2.004105441987229508e-01
6.269732169429254043e-01
0.000000000000000000e+00
-3.518478208523942996e-01
0.000000000000000000e+00
-3.605395948634575465e-01
-8.754916755375978799e-01
-5.195560372519774095e-01
-7.187537610432281898e-01
0.000000000000000000e+00
-8.930059728352515158e-01
5.876690949644827189e-01
-9.993191874860154478e-01
1.837459987945933015e-02
9.201801261665514264e-01
4.531576824467626885e-01
0.000000000000000000e+00
-7.604310782290024662e-01
6.360488808768927083e-01
0.000000000000000000e+00
4.774405852591223631e-01
-6.257677525998170953e-01
2.988895961820532410e-01
5.368473324120375256e-01
0.000000000000000000e+00
5.298891391932993855e-01
7.414103954040500710e-01
-5.882677389365187359e-01
-2.042008984647547543e-02
-6.046682187639362827e-01
7.684014175665569990e-01
-8.264418534029231989e-01
-2.599289813290772688e-01
7.320933752136704609e-01
9.148786687351575520e-01
0.000000000000000000e+00
3.415442874888514613e-01
8.899328453947787931e-01
5.275529387020783112e-01
2.378908878689367512e-02
5.175864041042110841e-02
-7.385889602926483111e-01
-1.234450356483054456e-01
0.000000000000000000e+00
2.582492948133545685e-01
-6.728552532139087106e-02
-6.473417878450331564e-01
4.248654238192621779e-01
0.000000000000000000e+00
-6.010217991974637908e-01
4.849307365746227116e-01
0.000000000000000000e+00
-9.721973600633684320e-01
-9.552824986209467184e-01
9.479561227009269953e-01
3.712027150967789346e-02
0.000000000000000000e+00
-6.963186189766601419e-01
-6.567355967212611390e-01
-5.056542229382410270e-02
8.816043090693181927e-01
1.341052533300146621e-01
4.546544100933664900e-01
-1.130057103780042205e-01
9.831731552046385492e-01
0.000000000000000000e+00
-3.712231540354409276e-01
6.059613381091999429e-01
-7.118411517394576116e-01
6.797095021407451032e-01
-3.192545878195840459e-01
