-6.062781571246551593e-01
2.986472315268624486e-02
-1.154109709525871219e-01
5.138534182803152772e-01
-5.742515955689282414e-01
8.655854069391043237e-02
-1.082477635904568469e-01
3.985375494922294703e-01
1.499630972936814022e-01
8.735255225428264492e-01
-3.480178787046451783e-01
-6.875859461693905050e-01
3.716248189444896349e-02
-7.346244940975047433e-01
5.147330379406471756e-01
-5.908508698498908807e-01
-4.593860852880915502e-01
3.215650867196593321e-01
2.972448465765087366e-02
-5.392779208378928324e-01
-6.391031723080843330e-01
6.031491976895497764e-01
2.131770475002099097e-01
6.713351365423432249e-01
1.978449023219183145e-01
3.973444730044065620e-01
-2.641228735674795991e-01
-3.132888346325819473e-01
-7.611288098490898157e-01
1.259034960618289345e-01
-2.991208486319457335e-02
1.112545629603946956e-01
0.000000000000000000e+00
1.281152186543401961e-01
0.000000000000000000e+00
-1.693832826322162755e-01
-2.450508843329805564e-01
-7.389735552840458466e-01
4.252596240387934018e-02
-9.188991733195740752e-02
-2.583000591367018428e-02
-7.406042503866968607e-01
8.681395127026373393e-01
-8.588615348749485678e-02
0.000000000000000000e+00
-8.368233159031419899e-02
-8.606047881360487928e-01
9.125390686218769476e-01
5.350000071053626627e-01
0.000000000000000000e+00
-9.940919966087644610e-01
-4.954634488144986082e-01
-6.964463589438352198e-01
-3.276962523997339893e-02
2.501284472111426904e-01
-4.552723564201693190e-02
-8.550497316106920875e-01
-2.818553904479296213e-01
6.107420992063989917e-01
2.508245581876238361e-01
4.343685291526471204e-01
5.846824270885504493e-01
1.420370246943244985e-02
0.000000000000000000e+00
8.368923624818144225e-01
2.020990100055263250e-01
-6.564385682267830369e-01
9.962633699561945777e-01
7.026830919255939722e-01
-5.196440573605975999e-01
-2.197696592740251142e-01
-4.025353854108740942e-02
-2.422217562766326715e-01
-7.135936839042125168e-01
6.770363868078069780e-01
4.660984653707683778e-02
5.868211772405153015e-01
9.987309998670809708e-02
-4.175214967302159907e-01
8.738125588757768292e-02
3.363036085120281737e-01
-3.438948438102489846e-01
-8.569998469392944296e-01
2.793096928314596772e-01
1.682515065566074219e-01
-1.474266570854074754e-01
-4.180140278028979806e-01
3.378843263750050396e-01
-2.761179825559283429e-01
7.148607480810547088e-01
3.594872518446278198e-01
-1.560875035721310811e-01
5.257365988520958933e-01
-4.089366350866001643e-01
0.000000000000000000e+00
0.000000000000000000e+00
-1.903451337541383903e-01
5.217350227018888731e-01
0.000000000000000000e+00
1.056152875448430478e-01
1.989983744976077662e-01
5.056931534947627371e-01
-5.291947692185257068e-01
2.986014159705384086e-01
4.251717633845178979e-01
9.194179823956809550e-01
8.985932521830078956e-01
9.044307140520002619e-01
2.168395392555133028e-01
3.015019386469156015e-01
-6.852600154415871003e-01
7.804743573862228390e-01
9.227572739740598495e-02
-5.580956746841625460e-01
-3.518059131466595435e-01
-1.774730181854873579e-01
2.473674233188418170e-01
7.150341768220880301e-01
5.611108461245064571e-01
-8.513291859747125212e-01
4.063009469737171586e-01
-4.134070771318251736e-01
3.825505154683320197e-01
-4.097404816079576739e-01
-1.932995945569860319e-01
4.334257963846451789e-01
-8.150976400278084899e-01
5.924463766090435346e-01
3.420226439606504631e-01
-1.771875384593670222e-01
2.892263005160313205e-01
-4.796600901108447612e-01
2.901801135611559862e-02
5.586305992458604486e-01
4.870588862455085821e-01
-4.570652949617869942e-01
-8.651930590980374536e-01
-7.919150614303857028e-01
-1.320959508501056145e-01
-6.784532943325306542e-01
3.005567431579174720e-01
-2.732169227859113092e-01
-6.815660990337812919e-01
-8.448169456254339682e-01
-4.684648009715559613e-01
8.605623082208808672e-01
-1.600340665757301467e-02
2.722951017664097806e-02
-1.100619606678393814e-01
-8.166066209135701692e-01
-7.501380804266040148e-01
-1.050471665801491206e-01
3.690547727205388262e-01
8.652880771151947314e-01
3.162399130050587703e-01
8.358781505452327343e-01
1.560779443570691205e-01
-5.859801090962163395e-01
3.743779176113287699e-01
1.842414999741480430e-01
-6.239410635942019834e-01
4.447888123304769015e-02
7.565881802611592599e-01
-5.256471574808702085e-02
7.433003077013257132e-01
-2.916531536707098193e-01
-2.724520334166422586e-01
7.717188155694934548e-02
-4.850909327019843897e-01
-7.775831502904084758e-01
-1.199790653880084823e-01
9.548784823813667444e-01
2.853672253415249771e-01
0.000000000000000000e+00
6.216771592127873225e-02
2.316850709795050256e-01
-5.861179936035388893e-01
-5.787538464831594176e-01
-2.074924642131613026e-02
-3.013048197703380726e-01
-3.243125314586496888e-01
-6.572936956354605287e-02
6.170342618381584598e-01
3.974234763031963547e-01
1.405620696878232545e-01
5.315008110076999692e-01
5.224536736149461014e-01
-7.722160439624963235e-01
-6.079429958205297968e-01
-3.083507075127290831e-01
1.958184934743748551e-01
5.364620533762283205e-01
5.457985418425838064e-01
-5.824861391823918932e-01
6.244206275228544323e-01
-3.859142804168567142e-01
2.680618526587499328e-01
6.681717798872447434e-01
3.916548665996351652e-01
5.303752680233861927e-01
-7.796940548097562595e-03
-2.738899022564195707e-01
-9.518452108435829784e-01
3.708948238010071341e-01
6.681137555834992803e-01
0.000000000000000000e+00
-2.254523659510445088e-01
3.145822243794582640e-01
-1.157428752907909697e-01
-6.776322024511780562e-01
-8.897104659284597872e-02
3.372536872423785304e-01
4.623680632121492939e-01
3.281355044665271170e-01
3.084947367201978374e-01
-6.805286906115129986e-01
-1.745396690336627754e-01
8.466837901705329128e-02
3.306289259498798594e-02
5.054398480754010992e-01
-4.023629577480158925e-01
2.351981772582303898e-01
5.631193492457817751e-01
9.967344353290066850e-02
8.396437098804042654e-01
-5.306914881885465007e-01
-5.297447995676030086e-02
-4.762011434998760229e-01
-4.029370688660848798e-01
-8.004186432226687575e-01
-2.439408575438390958e-01
-2.909860321656969617e-01
5.418028166835084924e-01
-4.114970085323079729e-01
-9.416191257829381600e-02
-2.344872547101445326e-01
-1.066219068747743803e-01
8.729322552578813177e-01
8.562905593307419405e-01
-7.488434909927946803e-01
-4.351804203916564105e-03
2.473988826367367611e-01
-7.212822254991271276e-01
3.807080502559542778e-01
5.502852735424152986e-01
-7.380096569556161556e-01
3.171652280370708121e-01
-4.729386731856748405e-01
-3.763073665598926643e-01
-8.103125626580003349e-01
-6.567213373869741355e-01
0.000000000000000000e+00
9.625457955430956059e-01
4.799851820186501472e-02
1.645411510277607348e-01
-1.599992625247673717e-01
-3.086418408054305007e-01
-4.643911649309944156e-01
1.980453248743411776e-01
4.406862583371406461e-01
1.169330655748839626e-01
-7.944130138711902323e-01
4.091702455163452323e-01
1.303460164839050917e-01
1.510357471462475676e-01
