-5.969898897914107661e-01
2.152422567870329595e-01
-1.423863704415780362e-01
5.251233357395648227e-01
0.000000000000000000e+00
8.425860925717293393e-02
-1.910668379548760010e-01
4.390464216860671121e-01
1.597720367324314550e-01
8.768980409727755720e-01
-3.271033858165108277e-01
-7.425232694159200619e-01
-5.837285931385876453e-02
-7.316139100596633638e-01
0.000000000000000000e+00
-6.277890109246897499e-01
-4.590806177826499690e-01
1.879336730846959402e-01
1.224391072281586779e-01
-5.401470128463664588e-01
-6.378064684342616975e-01
0.000000000000000000e+00
5.745037556086468600e-02
6.915721470320151942e-01
1.926741727344086219e-01
4.070580912674678364e-01
-1.461830707773816573e-01
0.000000000000000000e+00
-7.625526613291068179e-01
1.259251814661142277e-01
-3.581231499768104676e-02
1.110410142388434107e-01
-4.169020733222820185e-01
8.201805053913061028e-02
-1.035322803844059419e-01
-1.752122434443423860e-01
-3.931317893910184491e-01
-7.609206275410325127e-01
1.217474452781519556e-01
-1.102887332059811487e-01
-2.059308792246169750e-01
-1.882363384764956238e-01
8.920914197007596691e-01
-5.595851959437682099e-01
-8.668821889417879234e-01
0.000000000000000000e+00
-8.737688035117255891e-01
4.120721998169520894e-01
5.330687140881892327e-01
-1.236270699220065050e-01
-9.680500205479822817e-01
-4.778558236441716733e-01
-7.197203194916427238e-01
-3.678709782927325894e-02
2.742400024144092674e-01
-4.972824133359902282e-02
-8.565165956693460148e-01
-2.820113286240839567e-01
6.859301133279158691e-01
2.511272288149148935e-01
6.009527016003226585e-01
7.254223724132471407e-01
3.202346203655038331e-02
1.997572391430312011e-01
8.368934399469794005e-01
2.080767283839781157e-01
-6.564389827367418384e-01
9.965426037145880267e-01
7.000525034213997966e-01
-5.204199823255705182e-01
-2.229309325636136818e-01
8.510646158089352209e-02
-5.139862809079108752e-01
-8.448320786675600491e-01
6.845209832340426459e-01
4.479911058383607286e-02
4.935700539602638215e-01
9.714108136115141845e-02
-4.187012826159371426e-01
0.000000000000000000e+00
3.410130575604256031e-01
-3.728745741086142429e-01
-8.585497231083435432e-01
6.604969246258939330e-01
-2.956576163213171793e-02
-1.368122387616777513e-01
-4.434640441492147533e-01
0.000000000000000000e+00
-8.690453703173253719e-02
7.678296313641056470e-01
3.341539211652325703e-01
-1.634943065968416931e-01
5.269896794910973181e-01
-2.887764010322017016e-01
-1.304024003679816190e-01
6.928787947781991918e-02
-1.334985848080439130e-01
5.432200750012026180e-01
1.723826260070317473e-01
1.313890767282710481e-01
2.116315959089794252e-01
5.045343428216783055e-01
-5.279458376137770026e-01
3.305540854293641528e-01
3.906448024725739931e-01
9.157456609946649229e-01
0.000000000000000000e+00
3.533368927388889080e-01
3.333961945701434115e-01
3.423831746500083373e-01
-7.140294670337352656e-01
7.956516637527155655e-01
1.193395889528419962e-01
-5.584369116752145867e-01
-3.785294443258342412e-01
-7.381761467208169947e-02
2.450520654534495413e-01
7.160718076433368884e-01
7.107070451246294551e-01
-8.246017380829022692e-01
4.082910435610793698e-01
-4.323881834297305105e-01
3.830832323422525554e-01
-4.518427462155489849e-01
7.048423072860064975e-01
5.044864428227533448e-01
-8.582027388240611732e-01
5.945498148805329341e-01
3.383845411881821752e-01
1.948585916512153571e-03
3.888513209541191173e-01
-4.826465491799548646e-01
3.311333508576811552e-02
5.652740014325539075e-01
4.869026110094476500e-01
-4.569989889734384914e-01
-9.528734955911282167e-01
-7.883067413889884856e-01
-1.812785970358976317e-01
-6.782788869130148557e-01
2.475964424169030953e-01
-4.145283438461400127e-02
-5.497280260679611175e-01
-8.539799354128351228e-01
-1.552332881828538402e-01
8.701773589362900019e-01
0.000000000000000000e+00
3.382021614306349871e-02
-7.809881582569754011e-03
-8.165524390312751679e-01
-8.113784718107690530e-01
-1.883099576157541422e-01
3.704554069734484201e-01
8.477466002174806059e-01
3.225674361843100524e-01
8.267883790010970291e-01
0.000000000000000000e+00
-6.543323039000663588e-01
1.188032300627187288e-01
2.374408147567299010e-01
-6.413695899441105297e-01
4.005271468971483700e-02
7.701789190513596006e-01
-1.944488044296269758e-01
7.492578069632153115e-01
-2.925797987535546651e-01
-3.457630825791248586e-01
-1.004505547212655170e-01
-4.900700137358836028e-01
-7.770707126081353167e-01
-1.199856741930826753e-01
9.665882057964287899e-01
-9.592108350198647049e-01
0.000000000000000000e+00
7.918120134619349715e-02
2.028142822242106069e-01
-4.784322941193945855e-01
-4.446763024077484139e-01
-2.509444631110149121e-02
-3.143838188249520882e-01
-3.765411913212877160e-01
-6.572847639162330280e-01
7.752144984037590003e-01
3.659932889677242063e-01
2.807914488062913105e-01
5.364710245453383486e-01
6.994398103259307220e-01
-7.838104848009165293e-01
-8.509778311057363265e-01
-3.405661921296220807e-01
3.001076107323044084e-01
5.334429049456151928e-01
5.496201796892906666e-01
-6.560382035894792851e-01
6.968224850235023027e-01
-4.009707043166679252e-01
4.042099804189256407e-01
6.893734606681848343e-01
3.805118273118620054e-01
5.303114795305327034e-01
-1.496901949760114647e-01
-2.881288583868439890e-01
-9.838855671281835358e-01
4.911481329119136152e-01
6.908475784550152099e-01
2.810570274229104992e-01
-2.410163581303026159e-01
3.145917815149074093e-01
-8.664714224645010676e-02
-7.007060449592160678e-01
0.000000000000000000e+00
3.372261644629289679e-01
5.777412733337613515e-01
1.679904064960921761e-01
2.731383815430317719e-01
-6.922899315622839111e-01
-1.698162264285004441e-01
2.684279216354850117e-01
1.222618184989611168e-01
7.291761162577756750e-01
-4.718829212201531842e-01
8.723938320196747420e-02
5.634471766326628606e-01
-1.025136809279947048e-01
8.411180300588910752e-01
-5.920519203120494511e-01
-6.815939246604285628e-01
-4.749749388025410468e-01
-4.037828365695083077e-01
-8.196692673376824168e-01
0.000000000000000000e+00
-1.950764379287145966e-01
5.419416499808921150e-01
-5.579964607192292592e-01
-8.231350811362436737e-02
-2.371072877410546342e-01
-2.723663127086088376e-01
8.855614908467319690e-01
9.127288733154330647e-01
-7.894974578185602887e-01
-2.192570488045813420e-02
5.044111642021820163e-01
-7.506116402916946928e-01
6.768765545629210623e-01
5.518356879710020202e-01
-8.018937558724985593e-01
3.152129817804654177e-01
-4.729333508706388134e-01
-4.293395138905872210e-01
-8.408656345585360237e-01
-6.580533703534682255e-01
4.532372746106538841e-01
9.659844146764613448e-01
4.573504415745588414e-01
2.545765177503140353e-01
-1.635917465682216743e-01
-3.362071427309263894e-01
-4.709463572001824638e-01
2.847322362384088756e-01
0.000000000000000000e+00
1.469534151346973960e-01
-7.983077184747662258e-01
4.090443117676641482e-01
-3.713307974309097426e-01
2.071765386489436978e-01
