-6.828470755360318556e-01
-6.249345957485783476e-01
-5.399937518907561851e-02
-7.583751183641399551e-01
7.954799077638148586e-02
8.144252682840441571e-02
1.806355587390083561e-01
-5.115714852005392999e-01
1.165569511153195237e-01
7.064421600978630922e-01
2.250520201132815423e-01
2.802217316781837608e-01
2.984861178575132223e-01
7.900943539660603143e-01
3.086783653876257749e-01
-3.289447769350339890e-01
6.895949829819495447e-01
-4.808301284983008128e-01
2.004925778519713597e-01
-4.980573622004467738e-01
-3.070888498597641458e-01
-5.689235451340557415e-01
5.715345081379048509e-01
5.362935602156032600e-01
2.494858849147796320e-02
-3.944223988064851638e-02
8.740578382971752047e-01
6.050202741121640804e-02
-7.511161872852198385e-02
9.762895449728081765e-03
1.050258331061067196e-01
-6.990733143108504577e-02
6.445338096202473110e-01
-4.298197735782678941e-01
9.644526845755448941e-01
8.651589134287209770e-01
2.919931811392567633e-01
2.551620479696774524e-01
-3.447443897326486484e-01
2.247429013081703730e-01
-1.646128259994252274e-01
-3.945013810756046735e-01
-4.709282881534614384e-01
-1.088937150928028230e-01
5.506012737398663370e-01
5.163352161001258933e-01
9.527223051140350230e-02
2.032560583584856750e-01
1.988241093504318768e-01
-1.206262637355947770e-01
-7.003566169062070967e-01
-2.310531606871648602e-01
-2.353814619431709443e-01
7.598165053990652007e-01
-5.431186100697645014e-02
-5.864586216448902656e-01
2.358413261837180031e-01
-1.863269848751515634e-01
-1.829879959064547035e-01
6.431557434470864809e-01
8.207892903862494816e-01
-5.461703929029503302e-01
-1.304186991621875402e-01
-6.585491151459861303e-01
-2.049121043803402986e-01
-5.515687925430444727e-01
-5.429849452982070668e-01
-5.122252550856088993e-01
-1.063652491097338559e-01
7.329315048404562438e-02
-3.326343534451997042e-01
4.802331198212607122e-01
-2.015048119399278637e-01
9.449753221097176858e-01
1.554661094290143986e-01
-1.255788729481896460e-01
8.160382259751433609e-02
-3.285274542632156125e-01
-3.458996067233417460e-01
-6.936237217970764313e-02
-2.697827114385696889e-01
1.883009295292382146e-01
-7.126263924358244850e-01
-8.869558319250582246e-01
9.032839476269580725e-01
2.596453063784021076e-01
3.796401837945306834e-01
-3.534590603318796820e-01
6.976570031757520773e-01
5.973103004523010462e-01
-1.288674129955000303e-01
-3.779768067124418263e-01
1.713327047959167793e-01
-1.665269508907324669e-01
4.567520112897283102e-02
-4.410932481544635464e-01
1.083801905667031162e-02
7.120180481932907035e-02
1.488859001126466297e-02
5.525340271787065882e-01
-8.282449358151936503e-01
-2.289904465568212144e-01
-7.504048826881208889e-01
2.423736347425586024e-01
4.896888534804133553e-04
3.062353975191813293e-01
-7.409229601099887041e-01
-5.491749250025622642e-01
3.799501183597228104e-01
-4.543247320640442233e-02
5.435301579723975651e-01
-3.765574923924130957e-01
7.300834324539061670e-01
-2.437815512564790454e-01
-7.038607026241459064e-01
2.955091314100793398e-01
9.563273571336465828e-01
3.186930159826416031e-01
-2.699235032697486769e-01
1.578979476913908719e-01
-5.582372445321277521e-01
5.563409729628076006e-01
-3.097238361286950847e-01
-2.429173730017009092e-02
-4.574724737153154086e-01
7.161866954916393802e-01
-3.188626683683332685e-01
7.508888556837732542e-02
5.196762256174767280e-01
6.392297342683895822e-01
-5.582952210097602563e-01
-1.816165353020622875e-01
1.506927428384485235e-01
-4.401124741668724916e-01
-6.017233927390471804e-01
-5.141240081943039275e-01
-6.882353470796369610e-01
-4.853966964589773170e-01
-6.502098244686449480e-01
-7.761365723734245381e-02
-2.501744650572144124e-01
-4.132526594885431448e-02
1.297560600915098616e-03
4.531686582367937532e-01
5.738782539187321508e-01
-1.394286020560861483e-01
-2.173713111442214518e-01
2.285679768128356937e-01
-9.393875181683259967e-01
-9.137357261650138618e-01
-1.968586660438669256e-01
3.135729887456660814e-01
4.725272944300235034e-01
-1.816041895841676856e-01
4.695114584601469687e-01
5.193218679753376366e-01
2.521350721669167738e-01
3.203079401993477737e-01
5.899328492716047201e-01
-4.290408373891424487e-02
3.323276245655003014e-01
-8.974561979763779895e-01
3.080305462679204798e-01
1.490117400873195996e-01
-5.366181588474906450e-01
2.406471415388761192e-01
-4.141306107513281765e-01
3.155221696096523476e-01
-5.081463373654950821e-01
-5.784998214263059602e-01
3.178070239097153804e-01
3.461680825830321107e-02
4.643744469139768904e-01
-6.391982927705548434e-01
-1.705009955772319730e-01
-2.591434125763464880e-01
2.999751584388627434e-01
3.953725372678697503e-01
-1.746093085534044034e-02
-8.084969239324928392e-01
-7.041779184885518239e-01
4.791995149958405698e-01
7.535961901357595139e-01
9.671309178465706258e-02
2.438690509997305522e-01
-7.880949805395398577e-01
-5.743896210767057003e-02
6.041393833440873440e-01
-6.566086667684601919e-01
-1.632048167595362420e-01
6.849630871262086806e-01
6.778376611658056827e-01
-8.839843253941493950e-01
-5.660311727013094263e-01
-5.138586824124118380e-01
7.860806559379338587e-01
-1.021920700744970989e-01
3.199668603643296416e-01
-8.006052244499071158e-01
1.471610143340902621e-02
-8.162569650049220638e-01
-6.225923794723975391e-01
8.427524292698483910e-01
-6.937943042947569694e-01
-2.084803327865474010e-01
-7.731112662246658607e-02
1.891676216506717190e-01
-1.954606669455541956e-01
8.368594928181183334e-02
-4.332759797619490927e-01
-7.265640411992766445e-01
7.763560461966141357e-01
-6.247127226803940170e-01
2.811706237452198387e-01
-3.301540082074773119e-01
5.596941839833960985e-01
3.645001307194523088e-02
-7.156590727599480006e-01
5.312231076426160437e-01
1.389210244035486985e-01
-4.629004078789077381e-01
3.400273747396359569e-01
6.175809394835902744e-01
1.718698474037846924e-01
-7.493888373482603393e-01
3.773213924237823758e-01
-5.982894469456883080e-01
8.136165810078255234e-02
-4.178406092053620763e-02
1.980694181404410725e-01
1.252342103598204914e-01
-5.729548682102791890e-03
1.247982553095826480e-01
7.223433540770594075e-01
4.555451061448739791e-01
-7.078598435336430628e-01
2.600928712941362186e-01
-6.060652748995148942e-01
1.122364046478340344e-01
-3.058036603802491427e-01
-5.101458604864554935e-01
-4.368892784358081038e-01
-2.985340084420513018e-01
6.173316210636007328e-01
3.875952936897448797e-01
8.307387196900065107e-02
-3.705912229197056984e-01
6.797770315231852489e-01
8.088586905470080968e-01
5.780991717418119125e-01
1.143840100520200631e-01
9.404288652544580129e-01
-3.426414134725941918e-01
-1.024743575999937928e-01
3.940413709297437839e-01
4.799049492169754072e-01
-7.861679437129300840e-01
-5.187541534662269971e-01
-4.142977793230567807e-01
-8.431573664322173922e-01
-2.403010160522102145e-01
-5.039053042276233629e-01
3.854851115839713072e-01
3.490086880474228131e-03
2.819319134966601359e-01
