-6.407789534815968580e-01
-1.211590429181212958e-01
-1.108084978467567400e-01
-2.618645047477656806e-01
7.703343022799152839e-02
8.224639388270170437e-02
-5.737778094890093328e-02
1.483168957591082804e-01
1.939227165462229230e-01
7.758801016821894603e-01
2.452634844458323471e-01
1.687740903071446863e-02
4.791112388058134386e-02
-7.171207497384392004e-01
6.391776712851657827e-01
-6.353473597141569007e-01
4.592976292874522692e-01
-3.955214672880775773e-01
2.513558672357075197e-01
-5.105991068863952043e-01
-4.955225371004396973e-01
-1.627238553734307869e-01
2.460475795350157702e-01
5.328017861553534518e-01
9.439456209770671902e-02
2.979370948140320774e-01
4.567738669204791657e-01
-2.471756315482583066e-02
-6.098647531569741931e-01
1.098143900516220656e-01
8.381239844058518962e-02
-6.019373852590306079e-02
-6.662902618932268206e-01
-3.463056910925069731e-01
-1.910829332515217027e-01
-2.542753103437968010e-01
3.229687930354126491e-01
6.580483198420419844e-02
4.300499706011343126e-02
1.896185395034861720e-01
-1.740943072548502280e-01
-1.346020223479100775e-01
7.844384116788678529e-01
-1.630365723107924936e-01
-4.851159809009595869e-01
9.292053156664414892e-02
-1.377803867700383988e-01
2.605311050124409777e-01
3.633805112269356541e-01
-1.183620654021842605e-01
-7.029544399706634250e-01
-3.675284629334927833e-01
-2.505809362778594895e-01
5.342677363058034867e-01
3.950576339688046668e-01
-4.423088835280845066e-01
-1.615606833347799087e-02
-2.033226603522741427e-01
1.284230094228367147e-01
5.105189122617768138e-01
7.044884501996852011e-01
2.386069757139373249e-01
5.138490819246849250e-02
1.017419470006634685e-01
7.015799695814813886e-01
2.264372438439347657e-01
-5.491520868606630801e-01
6.160411720539276104e-01
4.419936422040756652e-01
-5.443359074066927983e-03
-3.104176480598577204e-01
4.706529890603426969e-01
-3.292772431153024870e-01
9.016951804096574596e-01
4.160440398686338082e-01
-1.015019113999337946e-01
2.430814677436435589e-01
-3.994038795613027298e-02
-3.708494022426201964e-01
2.178919508341173039e-01
1.222252049268837681e-01
1.199485075073081219e-02
-8.237649369609861827e-01
4.840639006341695416e-01
1.633667042705741479e-01
1.059942701205052740e-01
9.452246963492336174e-02
3.581028901064050585e-01
1.597735151567549194e-01
7.210000747015888889e-01
-6.460862163579877970e-02
-3.400545281299385825e-01
4.221127867368035802e-01
-1.996539128429093979e-01
-4.064646741132810770e-01
9.963091125127429559e-02
-2.285804430815853439e-02
3.613732383446109919e-01
6.691115914043367988e-03
1.729333737180832609e-01
-7.880618169419489893e-01
3.590576907771714232e-01
-7.557282641279424729e-01
2.897351559942363819e-01
1.232994685709548899e-01
5.933353220626313984e-01
5.086284556625292330e-01
-2.687971105443877629e-01
3.801323187380513113e-01
2.810649535824131795e-01
-9.008272335520959295e-01
4.965851092500117581e-01
3.747238058522835980e-01
-4.851295872650251972e-01
-6.686508111695483869e-01
-4.784694459624908719e-02
4.399873814856777865e-01
7.473093024639448911e-01
2.906183374701061251e-01
1.461971402348217208e-01
-2.741109134405804726e-01
1.490110430831255994e-01
-2.863542532772219706e-01
-3.871676604194735360e-01
4.487690855349740215e-01
5.266543216776576886e-01
-5.192522634195261277e-01
3.843346553974947843e-01
4.099555372700710576e-01
9.041540277211333743e-02
3.647729557259942745e-01
-4.321839035432777920e-01
1.163281067240658218e-01
2.447249568092381422e-01
2.603466656848485439e-02
-4.955572335287363739e-01
-9.231126012609724985e-01
-5.314367412881412234e-01
-3.607857294603741272e-01
-1.563810508425207413e-01
-8.757204709658343578e-02
-1.632613839156287286e-02
-3.731031913949095502e-01
-9.597396209717815596e-01
2.102131239804610474e-01
3.843610109923067952e-01
-1.710950732030594792e-02
1.324436389661671210e-01
-6.285483054192597674e-01
-9.004876811029302042e-01
-2.513094099054542507e-01
3.293148730783573286e-01
4.712914769960364070e-01
7.783308231120376064e-01
4.249587396620007618e-01
5.352777824677329432e-01
2.984137034876174766e-01
-3.401060773147626670e-02
5.851680127293213962e-01
6.667344090935707623e-02
-2.115285686649646113e-01
1.223655058634540160e-02
5.126432351142673483e-01
-2.379002367486589831e-01
6.042619031859232104e-01
9.881034218346101961e-03
-4.386098801804321212e-01
3.193774673010537080e-01
-4.997912567297113640e-01
-5.753662241263132193e-01
3.316468879575728557e-01
6.657730255541990938e-04
-5.652112350664741935e-01
-6.470396087003391639e-01
-1.783491986404205365e-01
-1.989703153983372885e-02
-4.216742870957799205e-01
-1.119420133079173790e-01
-1.876871128300593508e-02
-7.073594974079722153e-01
-5.705569833020677217e-01
2.329599808778329839e-01
7.553779261205940676e-01
1.804851856074452254e-01
3.312484292087125581e-01
5.612759753636377136e-01
6.372430864583378263e-01
-6.330139566574062293e-01
-6.944198253333132564e-01
-2.023696213587964365e-01
5.229339693614475371e-01
6.848916999519961690e-01
-4.058919624643997914e-01
-7.092440905116457195e-01
5.500585047915037551e-01
-1.435949491348264551e-01
1.877899033580178734e-01
6.149661266171189133e-01
3.232976751971088913e-01
8.064753753018295834e-02
-2.539708699326734265e-01
-5.573917933749574782e-01
-6.697220899647126080e-01
-6.127741690535848385e-01
-1.636790954193503012e-01
-7.012450583110114988e-02
1.277715584826403239e-01
-1.640045088230269177e-01
7.345405027278618937e-02
-7.327342369228013741e-01
2.640490356213487932e-01
3.171232665169808618e-01
-2.632800582575989812e-01
2.070691545408275824e-01
4.496348183030035583e-02
-7.440025811131565359e-01
6.460272173225534154e-03
-2.373520360197975965e-01
3.102404103382260803e-01
3.150404496678240740e-01
-6.035017013522089302e-01
2.027406573284254165e-01
5.957454137922227888e-01
-1.503402533226298743e-01
5.272369620187102868e-01
2.150663553065761679e-01
-9.091674841459798095e-01
2.915061489894458374e-02
-2.133797535758064912e-01
-7.992689348435677577e-02
-1.482135969223868088e-01
2.551250255347951162e-02
4.700718492581668073e-01
-1.129865928497509608e-01
3.869593637360172478e-01
-3.664594640184266061e-01
1.268895817999582953e-01
7.987972185975396044e-01
4.328638502177628022e-01
-3.356000551073185512e-01
-5.117626193975485238e-01
-3.989449923115842012e-01
-6.245265463002802608e-01
6.918451644850427407e-01
4.919154101326511652e-01
-9.690694858929346789e-02
-7.353716004678748086e-02
3.805223044184329328e-01
6.046591781516629238e-01
-3.102607743226735160e-01
-8.495983088606658129e-02
9.520979316617619315e-01
4.121806244931574548e-01
5.659743145339714288e-02
3.106297911735184658e-01
3.255219332494898032e-01
-6.602694130348036872e-01
-4.959451970095606899e-01
-3.323766483257822868e-02
1.317593978443002412e-01
2.549698723477151208e-01
-4.897046285995704240e-01
4.013339877723512417e-01
-1.508730143336124985e-01
3.358163881269428108e-01
