-5.993060932501936833e-01
2.955344280717318861e-02
-1.192679034823521944e-01
5.239301758461734071e-01
-1.987693390402859583e-01
8.558406377999500103e-02
-1.144551220916493195e-01
4.297300787630775054e-01
1.584305539295721987e-01
8.747671084846626588e-01
-3.449476664650885094e-01
-6.931193373721509232e-01
-3.992961745420967046e-02
-7.315470957254283091e-01
4.663730959436255818e-01
-6.266671470712402714e-01
-4.593739295041683324e-01
3.055833256409501431e-01
1.013676468090937977e-01
-5.401160606788494301e-01
-6.378116429894353789e-01
1.730483391192841058e-01
1.457326449303624760e-01
6.828291639781820521e-01
1.941667670931757073e-01
3.985962285199454724e-01
-1.975824660544107658e-01
-1.850249956874011059e-01
-7.625330943249536420e-01
1.259024301530499712e-01
-3.288621513099213023e-02
1.110978232708688951e-01
-1.656153833687897259e-01
7.996894293645785690e-02
-8.028159981468002693e-02
-1.748411787167105935e-01
-3.655732600284422595e-01
-7.518076448565922387e-01
4.423764142631503998e-02
-1.083512889688608843e-01
-2.032882001488663382e-01
-4.448916149627312744e-01
8.881105168813446804e-01
-4.309884607494107733e-01
-5.333190833344978454e-01
-3.427442310145015908e-02
-8.714589116313353756e-01
4.428738628755563012e-01
5.350785851862305265e-01
-7.792408992668764522e-02
-9.883780409441810244e-01
-4.801903903227009440e-01
-6.956315807453899991e-01
-3.609589100127573447e-02
2.659601762310239703e-01
-4.705511268392460755e-02
-8.563118328960096504e-01
-2.818800093188844058e-01
6.797750035432612581e-01
2.511331546172639873e-01
4.683655853755047671e-01
5.941770430432347094e-01
2.099501044309469433e-02
1.178661974127450697e-02
8.368930538902300542e-01
2.041522089960979558e-01
-6.564385650998393329e-01
9.962792920099128313e-01
7.019985998972313457e-01
-5.196613059642615218e-01
-2.204553499953322560e-01
3.143096870601455595e-02
-3.855958296081306580e-01
-7.760469922644910312e-01
6.803301354088979735e-01
4.575759321230251503e-02
5.309291438485640446e-01
9.746922993037612781e-02
-4.185379281557294329e-01
2.937417297041091876e-02
3.363362517148635877e-01
-3.596806628795301553e-01
-8.585161620477623767e-01
5.299883423383469072e-01
1.511727457242710015e-01
-1.442353105637527444e-01
-4.316535746990008970e-01
1.020472230957514687e-01
-2.159997720315624536e-01
7.328569528998601923e-01
3.483029690302072989e-01
-1.609904546652004553e-01
5.269788959372261328e-01
-3.845779037433260106e-01
-2.755939197639109550e-02
4.725754792636076979e-02
-1.735295616162292609e-01
5.406983720770094370e-01
8.147624496622149493e-02
1.258082049738687980e-01
2.034446483237563053e-01
5.047112286438144579e-01
-5.292160057341038781e-01
3.199744267118247998e-01
3.931114179510680762e-01
9.195934444249882489e-01
3.000149483053069499e-01
6.578376097863383176e-01
2.398656740145176103e-01
3.203673019566383173e-01
-7.121227532651550618e-01
7.912449251134741068e-01
9.888414238578760451e-02
-5.582261697340715756e-01
-3.761032823323405827e-01
-7.913445750126346656e-02
2.464772443807165536e-01
7.156574541677547252e-01
7.003688119530140366e-01
-8.400536362157846604e-01
4.062908007154360512e-01
-4.307651523099484958e-01
3.827670370606542360e-01
-4.454865707908410299e-01
-5.241504163449420273e-02
4.438024678312632032e-01
-8.196904706213166136e-01
5.946092740528581277e-01
3.408899670364860524e-01
-7.180909399451883279e-02
3.906676248000122698e-01
-4.811791425833567004e-01
2.966850394225422141e-02
5.645108902713759091e-01
4.869590042545905995e-01
-4.570352386029906677e-01
-8.739769233365685119e-01
-7.902825632400543032e-01
-1.635202852685273822e-01
-6.784452763980370893e-01
2.883760628739965304e-01
-2.816377847909506404e-01
-5.769028100463449160e-01
-8.466335259190681528e-01
-2.678469706815090889e-01
8.605571409172116937e-01
3.835130269348700099e-05
3.311458614981153958e-02
-7.944047539593779295e-02
-8.165970574054028930e-01
-7.622031746835097321e-01
-1.659673020674733157e-01
3.692292399057230945e-01
8.553822356189955123e-01
3.222444823489912236e-01
8.265578533195703237e-01
9.972532058996624871e-02
-5.904109072052496909e-01
1.464269224894392540e-01
1.933284627855552384e-01
-6.359926174653726116e-01
4.454816596022051489e-02
7.672518514743549289e-01
-1.739180689284970660e-01
7.467178908010226879e-01
-2.921736832799510242e-01
-3.444647671232823893e-01
5.675717379252295802e-02
-4.863761013984814752e-01
-7.772140351397127667e-01
-1.199813827448256015e-01
9.624770061842502500e-01
-5.165122959264563107e-01
0.000000000000000000e+00
6.752047987749500157e-02
2.215687294481448188e-01
-5.176499884783827277e-01
-4.447800204184720330e-01
-2.362883182132608298e-02
-3.058616221775095068e-01
-3.318074446018235979e-01
-1.020394541306127167e-01
7.272576069397425069e-01
3.690296194138442676e-01
2.845797746572416020e-01
5.361204656822753378e-01
5.483007520481124608e-01
-7.787939468459210701e-01
-7.067461259223659642e-01
-3.329651298883741228e-01
2.317198580674084685e-01
5.360334348280356709e-01
5.484523661157874042e-01
-6.370783461079860821e-01
6.373652588495214433e-01
-3.988552085424822424e-01
3.055413030004522912e-01
6.798633094918477004e-01
3.889723721810836587e-01
5.303747658774712326e-01
-1.035625297101697290e-01
-2.754177533772659281e-01
-9.637514539372393774e-01
4.494382459166371135e-01
6.919692295811898930e-01
2.341444226270617546e-01
-2.251545315281287818e-01
3.145917959799102159e-01
-1.141942344368294671e-01
-6.776399306494267361e-01
-9.147261623747279802e-02
3.372299743947008155e-01
4.873547935580357926e-01
1.604164626855930920e-01
2.748001044442368590e-01
-6.800448552028005578e-01
-1.696846269317182909e-01
2.713150559410656415e-01
4.645285009375467455e-02
5.384514094007053497e-01
-4.623751575457541452e-01
1.423133682661263666e-01
5.633148820256654865e-01
2.067456351707152445e-02
8.403705898830823307e-01
-5.286681876807959313e-01
-1.849408064809635044e-01
-4.756188160240035767e-01
-4.034413360974339335e-01
-8.141991668315592401e-01
-9.044057685781913339e-03
-2.127358025763024241e-01
5.419015108364602096e-01
-4.541163748857390825e-01
-9.130733021248435555e-02
-2.362433516674246892e-01
-1.824384548206371415e-01
8.818049240357392904e-01
8.640151734902138392e-01
-7.630862719712580011e-01
-1.140711818402534439e-02
2.834554072820644199e-01
-7.428496688254111469e-01
4.459735520298632183e-01
5.503496029850841742e-01
-7.416974749785310017e-01
3.151273550428274617e-01
-4.729370899116398519e-01
-4.275032023223673261e-01
-8.220503516959253298e-01
-6.578240606053710193e-01
2.664719395795859258e-01
9.625801767388516561e-01
2.947051238777119164e-01
2.383531572330807313e-01
-1.614178613661796380e-01
-3.110774670679779530e-01
-4.645559125025071623e-01
2.073736981678345193e-01
1.972616712120255911e-01
1.248427425283224756e-01
-7.980375041948926107e-01
4.091117538958118915e-01
1.116564109554453732e-01
1.913868940926505002e-01
