-6.088462283617693815e-01
2.616937454098694493e-02
-1.142071578358326983e-01
-3.874647833253994644e-01
-5.662690870155752121e-01
6.011337773043558957e-02
-1.111184440581546307e-01
9.320402922797524359e-02
1.809653595784981306e-01
8.001386724142234286e-01
-3.051166917695763425e-01
-6.360163116406249983e-01
5.371236635120230085e-02
-3.208008513893467750e-02
5.979830067979653441e-01
-4.365109398218006143e-01
4.293322058184647627e-01
-2.300199370280527900e-01
1.778938055713228106e-01
-5.280494454646191826e-01
-5.481447055869326235e-01
5.028107373025069160e-01
1.916806202474706233e-01
4.659492801145695418e-01
9.676225050304909647e-02
2.132378932959310136e-01
-8.444660119707306234e-02
-2.952632159233518211e-02
-6.211491826755063395e-01
1.059727360007534092e-01
-1.911326745872221275e-02
-1.753942357787235604e-02
-2.850986194161388848e-02
2.875004125674296765e-02
6.889686962734641040e-02
-2.370970193024429240e-01
1.568724438092843620e-01
-2.108105153522029374e-01
-2.612731932195028889e-02
2.221028120658399829e-03
-2.586636273833363420e-02
-6.322166846245746985e-01
5.936697959189428386e-02
-1.555870395482283064e-01
-2.339314356872552736e-01
-2.325642277341624219e-03
-1.179157430194192613e-01
3.323807558119088457e-01
3.865528846992765111e-01
-5.747110742799649979e-02
-1.005025724042349022e+00
-4.252754842709770555e-01
-5.467043139122114148e-01
2.594941707009968401e-01
1.417106933054762263e-01
-5.158587991029436326e-01
-3.137458779152614285e-01
-2.151080831321603992e-01
3.314874928244865293e-01
3.462787743057028633e-01
6.206314292733836613e-01
4.747825679409085620e-01
3.115484838484379806e-02
-3.158856792259036317e-02
5.575194509533256682e-01
2.332478812203865257e-02
-6.524699971233353102e-01
7.733407631066623322e-01
6.282093672513882066e-01
-2.135504704030370127e-01
-2.232038808985386535e-01
3.201395089030544816e-01
-4.196030965276041913e-01
4.042241244885070861e-01
5.512437460981449711e-01
-1.631992219805789013e-02
3.601721270244615525e-01
1.001065229910562820e-01
-4.000866680588747171e-01
1.596108642932467514e-01
3.225559883544490969e-01
-5.377688955920677250e-02
-8.196756047357599551e-01
4.165439827657724248e-01
3.537153524609330524e-01
-6.707805014108955688e-02
7.395835756831589669e-02
3.152358679854471157e-01
-2.071109326157711816e-01
7.157816920782091863e-01
3.652688855546346591e-01
-1.598039568505298380e-01
4.193611434104548841e-01
-3.755232238158910940e-01
9.467416995587991588e-03
9.479880623100339632e-02
-1.178161785424590852e-01
2.585062812723966652e-01
2.454948568072176304e-03
1.540003017441359812e-01
1.532770490433642274e-01
4.516021937617482607e-01
-6.655868943371332502e-01
3.040078379497016536e-01
3.365253663925979466e-01
6.101438379615727881e-01
6.739303313986464428e-01
2.818819720915466953e-01
3.559284674875676235e-01
2.932000656932935989e-01
-8.167565756726559156e-01
6.817663694667056573e-01
3.654321344979943320e-01
-4.966404692373109775e-01
-5.536108179328319556e-01
-9.878563888492578049e-02
3.233231756044225857e-01
7.163650612314761412e-01
4.617755470284299335e-01
-5.360915010099285283e-01
3.363301912015038142e-01
-1.955928077170791257e-01
-6.807960738553336943e-02
-1.611878354837107119e-01
3.001371820311668492e-01
3.682394794215696487e-01
-3.625592022137245629e-01
5.339530806518542061e-01
1.678300329739748631e-02
-4.614822651441959078e-02
3.675130339331442730e-01
-4.702465640236556110e-01
6.159830250749365188e-02
4.855267005019666682e-01
5.050899796604466641e-01
-4.901075162730995083e-01
-8.607170474862194665e-01
-6.234770174797322762e-01
-1.292477359250249758e-01
-3.531820152453316597e-01
1.105068640230541382e-01
-1.184521730825695701e-01
-5.742922218919676025e-01
-8.808080037608012614e-01
-3.406926335534529726e-02
7.912453272686811312e-01
-4.448864951354474656e-02
6.158912900924295997e-02
-4.211534082017759362e-01
-8.336738566876665812e-01
-3.952357793262049057e-01
-8.005114738594065749e-02
4.424460630478358469e-01
8.372735000873023081e-02
4.232444468536337157e-01
5.520226449330883911e-01
2.352523787947341516e-01
-4.957212846428313835e-01
4.080935794058094812e-01
1.278730922894263933e-01
-4.281157441512444678e-02
-1.403489830972660078e-02
7.031735906976426254e-01
-1.358016716098642551e-01
6.676170308982014578e-01
6.977546686543256715e-02
-3.437785169261085017e-01
8.690133458136220512e-02
-4.877680457734716590e-01
-6.609142030815655655e-01
-2.103783762570477292e-02
5.937956344377559592e-01
-4.528850250103915731e-01
-2.068214108692388309e-01
-7.199188009992515958e-03
1.965316880885188688e-01
-4.145449416371575491e-01
-5.563216001819097922e-01
-1.915418944506862634e-02
-3.055368682123056900e-01
-3.347295583393748997e-01
-2.896806329876160380e-01
8.384564728882742957e-01
1.571354460094801508e-01
1.458473460026645518e-01
-3.692385284063057771e-01
6.043968399087986665e-01
-7.714275325623685953e-02
-8.730769982925481454e-01
-3.129589119082578641e-01
1.384045421901395068e-01
6.176353075940919091e-01
3.545472006411241050e-01
-6.071252240464961591e-01
2.735086471380080431e-01
-3.766996098754948896e-01
2.379053024799053506e-01
4.323184572808453918e-01
3.921247428784654376e-01
4.781460719506929191e-01
-2.198928631514112941e-01
-2.754003870315022140e-01
-8.535914560664369377e-01
5.330711407084370856e-02
-3.302384254803360925e-02
-3.767961968870869177e-02
-1.372123695965914991e-01
-9.357601454098976590e-02
-4.260368010583713561e-02
-6.832747425535421470e-01
2.576473185014709899e-01
5.113484009303910227e-01
-5.524369340725644034e-02
2.192674789468486152e-01
3.123916114781249975e-01
-6.769841524092270468e-01
-1.139081851873514212e-02
7.280087140352158905e-03
2.413326875565749152e-01
5.036394332709759336e-01
-3.874076782604926050e-01
2.294885191925817580e-01
5.520445452950807352e-01
4.800265367354380336e-02
7.791656291079749330e-01
-4.485667523120750455e-01
-3.009154740996737853e-01
-2.726920454570879171e-01
-2.889902298315938367e-01
-5.275265921330730690e-01
-2.316121344259182147e-01
-1.717672054825474803e-01
5.080173521750628307e-01
-1.040423832968263296e-01
1.768536328290974957e-01
-2.770622219533782071e-01
-4.968398371057422547e-02
5.965390412249209628e-01
8.367316921757440573e-01
-7.021781328023746216e-01
-7.358063093363498980e-03
-2.454527628385373417e-01
-1.215225575978116784e-01
4.966923326730641186e-01
4.720962221599962483e-01
-7.280781903305623137e-01
1.569273372150221113e-01
-1.438493065980434582e-01
5.978969739521233784e-02
-2.166166450642825758e-01
-8.250019101267998256e-02
5.480549150845266393e-01
7.386412493555118974e-01
2.380751917956571220e-02
5.013830035286807874e-02
-6.587965563347343567e-02
-5.073010020501831363e-01
-4.788117318547403523e-01
1.743773815449157216e-01
-2.888587871936121876e-01
1.189048516058131971e-01
-7.849157184311515989e-01
4.063524559691734650e-01
7.590761086818144376e-02
1.976823564140184342e-01
