9.857046883940356885e-02
-6.893605896313392822e-01
-7.826520937798648880e-01
0.000000000000000000e+00
6.467001104528582456e-01
0.000000000000000000e+00
9.587966167048953547e-01
1.140727527390157370e-01
7.367835305610854757e-01
8.755563728728426032e-01
9.848862077976756613e-01
-8.834519637092623778e-01
1.510266002783504646e-01
9.949638628743928681e-01
-1.188522958901478965e-01
8.924993486462835524e-01
-6.182385964808359002e-01
-3.052212131597242806e-01
-8.054274515762636089e-01
4.233236708257559489e-01
1.908235557647570690e-01
8.664854427173942497e-01
-3.726773541942574042e-01
9.877269611532346616e-03
3.206038128890142946e-01
-2.026975585805415037e-01
-7.974766784527418384e-01
5.842862426197685810e-01
-7.417720876245157413e-01
0.000000000000000000e+00
7.485349834819494674e-01
3.138212872115475616e-01
5.721283672266630482e-02
-2.067990462433400012e-01
-4.435183215423528225e-01
-7.449861960550840934e-01
4.880885099074578903e-01
-5.728495646297206978e-01
7.178431760104815318e-01
9.645358919778146412e-01
9.298471316246736951e-01
-7.460607326034651710e-01
0.000000000000000000e+00
-9.992694333236520343e-01
-7.535410075674153774e-01
4.539154539175602743e-01
8.880341457283023043e-01
5.072813438827652455e-01
2.307052218851828318e-01
2.143915612838731555e-02
-6.240004131338829918e-01
-3.179512839547760095e-02
3.724500050767907133e-01
-3.726368441500682582e-01
-5.689137187832264964e-01
3.423399582893733584e-01
3.994868612773803118e-01
0.000000000000000000e+00
-1.877340941019678411e-01
-5.825507728605869850e-01
-4.056727826326367303e-01
0.000000000000000000e+00
-9.536784439506784672e-01
-4.508659883712466954e-01
-7.043712450627543920e-01
0.000000000000000000e+00
6.721997269438599876e-01
5.019918116385850837e-01
2.085200110391596251e-01
2.604338851821241807e-01
-4.666990311504970457e-02
1.748415735634547552e-01
3.718468114938566771e-01
-2.940776534979046009e-01
6.774858187447461155e-01
-6.112415587273127837e-01
-9.469299197367475607e-01
7.308761322165764351e-01
-3.501665279032721845e-01
0.000000000000000000e+00
1.422319736682333691e-01
1.088417893808091286e-02
-3.230143562787570755e-01
2.405747089435270603e-01
8.043159390006564546e-01
0.000000000000000000e+00
0.000000000000000000e+00
-6.048449924943586353e-01
-2.327135108134954500e-01
4.330174842998637530e-01
-9.122955920609574498e-01
0.000000000000000000e+00
1.309186207135830671e-01
6.914352744021026176e-01
-5.885324133645608580e-01
-1.643839549402454914e-01
0.000000000000000000e+00
7.728567883577961428e-01
2.809127189609235131e-01
-3.834774091744577174e-01
2.670413942951272990e-01
8.650125554866598954e-01
-7.964749991063757584e-02
0.000000000000000000e+00
8.544997264244877933e-01
-8.721592084646565546e-01
-2.740804046380140857e-01
2.680878462424307607e-02
0.000000000000000000e+00
9.496595912587812993e-01
0.000000000000000000e+00
-4.445801797549970846e-01
-3.498762029276913932e-01
-3.729288727451518515e-01
3.099234901462510905e-02
-5.008802175606545948e-01
-9.049128349370476609e-01
0.000000000000000000e+00
2.928101148728852188e-01
-4.468159473212363064e-01
5.909622146413500143e-01
5.981784747905107835e-01
-6.123899656566926808e-01
0.000000000000000000e+00
7.313476011012542966e-01
4.114647321838487137e-01
3.273796660184702390e-01
0.000000000000000000e+00
-6.917497345174670187e-01
1.964842962072785859e-01
1.255467413746507166e-01
8.565085895855268916e-01
0.000000000000000000e+00
3.065863088215725618e-02
5.458414244361837753e-01
5.460361888911504646e-01
0.000000000000000000e+00
-3.351961336275848247e-01
-9.689794512144827010e-01
0.000000000000000000e+00
-2.986037677953083946e-01
6.694943533539532421e-01
0.000000000000000000e+00
6.677018975068027551e-01
2.775345542306326685e-01
0.000000000000000000e+00
-3.890780606103179107e-01
-7.411691162276954348e-01
0.000000000000000000e+00
1.000000000000000000e+00
0.000000000000000000e+00
-3.520213565123087029e-01
2.742010879174348048e-01
7.389649248671399384e-01
0.000000000000000000e+00
-4.240894601494524796e-01
0.000000000000000000e+00
-4.537233088592980135e-01
6.501410387606529895e-01
2.854540175093926990e-01
4.074485206699536288e-01
-6.662880689936723222e-02
-5.651776016060439112e-02
0.000000000000000000e+00
-6.096919484907492581e-01
0.000000000000000000e+00
-4.650794931276180932e-01
9.647168615575365536e-01
2.570947678122403879e-01
9.881272846306505819e-01
-1.341857647364306239e-01
9.716086251064528501e-01
-2.453006094857559383e-01
0.000000000000000000e+00
-4.528165701893864803e-01
-9.588429772921538419e-01
7.104887202844134553e-01
-8.090562136058065956e-01
0.000000000000000000e+00
4.880649262324341375e-01
0.000000000000000000e+00
-4.303819688869257032e-01
-3.948504318176742078e-01
4.246980286573756036e-01
1.000000000000000000e+00
4.888938915055325296e-01
0.000000000000000000e+00
-1.436384119827800454e-01
-2.985991345237615224e-01
0.000000000000000000e+00
0.000000000000000000e+00
-4.427063337406627053e-01
3.276695944724954401e-01
-1.971603366512282296e-01
4.078047027634830179e-01
0.000000000000000000e+00
7.069445733390626874e-01
-2.495354078604123949e-01
-1.244685253613615483e-01
-2.029760547554630978e-01
-2.374898372516645040e-01
4.766864140162314634e-01
-9.492163667287130124e-01
0.000000000000000000e+00
1.705826164117714150e-01
3.678364785855319230e-01
6.693368211436494519e-01
-5.942281646787439531e-01
-6.036415897493101479e-01
-9.447865771713939154e-01
2.503172868371981163e-01
0.000000000000000000e+00
1.168601315846418132e-02
9.204523525333230261e-01
3.320829909424445336e-01
9.881072369556245238e-01
6.372157113959371344e-01
0.000000000000000000e+00
4.243639702749879561e-02
2.644625469487598135e-01
-9.807435768255858832e-01
-6.441832445680713004e-01
-8.236952166885913584e-03
5.592329503881070529e-01
0.000000000000000000e+00
0.000000000000000000e+00
3.858019932607459346e-02
0.000000000000000000e+00
8.138827223977962433e-02
-6.753634209819483480e-01
1.325232265409179711e-01
8.929396361395922632e-01
9.654709890918686810e-01
7.241215806730345594e-01
2.478472359159189509e-02
2.447518074279357858e-01
3.696335515070918731e-01
8.986975715487839356e-01
1.477594329845264287e-01
-5.215928607567741349e-01
-1.535105845170985361e-01
0.000000000000000000e+00
9.211785061450172840e-01
1.813755951388074106e-01
-1.286902697618985680e-01
-2.379556917447196440e-01
1.316448517000363694e-01
-8.275357772441540583e-01
-6.809591874624718599e-01
-7.434995202852066054e-01
0.000000000000000000e+00
4.490537211482297231e-01
0.000000000000000000e+00
-5.866059312951832361e-01
7.583891051467062105e-01
6.832021932387448704e-01
-9.560716308525538665e-01
9.915640165811783202e-01
3.419852405009389251e-01
3.124216979971297103e-01
-7.846793068439641416e-01
3.182618562608325874e-01
-3.696375467216617139e-01
7.958937305418400943e-01
2.610348023308601828e-01
