-9.237392075260391078e-01
2.326172410470648544e-01
-2.812856991699064571e-02
5.295061305948020047e-01
-1.279295116817851241e-01
-3.205445353677127684e-01
-3.800669932583427002e-01
-7.425146376257285574e-01
2.278782253785887058e-01
3.362140977454999291e-01
-8.200412249719081503e-02
8.875564557715178715e-01
9.339653520046367063e-01
8.679173600015324119e-01
-7.297919960046936882e-01
-6.590929114573609304e-01
-6.332600037165556639e-01
-7.076542735926458771e-01
2.729087768902589417e-01
-9.043719905822058536e-01
8.620323077834251002e-01
-5.113681365512889876e-01
-4.621524254464920989e-01
-6.904524963693697837e-01
-8.056315870564910719e-01
2.944588473618230395e-01
-4.669522028080108633e-01
-2.269420548465044263e-01
1.901124073639364753e-01
6.946681771819556150e-01
-5.811760386303972403e-01
2.685554869249595633e-02
5.282424422004949882e-02
-1.006272675186097310e-01
-8.836459888458114698e-01
-9.225797663381287705e-01
-8.018890312481778970e-01
-2.118123988100719668e-01
-7.961395409358017483e-01
-5.804395995447664269e-01
9.075249668540230630e-03
-3.273347642672663760e-02
-9.318829934221506406e-02
2.903471163528785759e-01
5.231199140402504888e-01
-9.821797426738054781e-02
-2.788779543486279433e-01
8.637068632539397495e-01
1.589826951950572831e-01
-2.115651245209866360e-01
7.258119076931937030e-01
4.763239991259104467e-01
-8.027509672700092747e-01
-2.084903187772344305e-02
-6.376863776319128263e-01
9.488217398950604675e-02
1.993152999518406632e-01
2.123414105656193651e-01
2.368579991789011574e-01
5.298482818102809855e-01
-6.174276258480875246e-01
-2.809831278641623520e-01
-3.803307080415301300e-01
-1.528937322197856385e-01
3.839943877161235974e-01
1.859442314534975882e-01
-5.820435727151691552e-01
3.880981801031260781e-01
4.421824259973614613e-01
8.068462649963867861e-01
-5.613527467280138294e-01
9.276876545103251992e-01
-7.794870200951250494e-01
-3.395810194338322319e-01
7.718840795660240062e-01
-6.888767420719021928e-01
-4.320395965905299285e-01
-7.741838701821277535e-01
-9.405457673084001158e-01
-3.046267665070607755e-01
-5.913416025632942108e-02
6.764051803189419232e-02
-6.734130839422935999e-02
3.804204903104290159e-01
-7.148014799857027590e-01
4.020044653018545744e-01
-2.662105978840259013e-01
-9.419029251168375971e-02
-2.809105326507423950e-01
-5.045670977057972184e-01
3.559268524383887300e-01
1.414865989746205699e-02
-8.665319024173130380e-01
-3.227366932954496281e-01
-6.336560744096075837e-02
4.168866611778594411e-01
5.745247873866285993e-01
7.566241276498817392e-01
-3.143942006083684237e-01
-6.175579674224760396e-01
-8.308097924747850360e-01
1.385619644634878966e-01
-3.793952058647556136e-01
-4.234465765198129894e-01
-8.253192882500348659e-02
-7.031874494010958987e-02
-5.339525432553859918e-01
-6.067354166933023318e-01
-5.201349168690749813e-02
-8.080710667537884806e-01
2.203905724270834639e-03
6.097254128461251366e-01
8.016837695599514646e-01
-9.344821188537151269e-01
-2.396678618492196211e-01
-3.144394567740663726e-01
-9.115062535771674135e-01
2.781747095114313062e-01
-2.003301376047601778e-01
-5.770671411985710542e-01
6.417857198976866240e-01
-8.711742073769570549e-01
1.039829613199046016e-01
7.241397698059397481e-01
-3.507961441024811666e-01
7.630727877197593934e-01
-9.514158216411219282e-01
-2.128689939357004679e-01
-9.010698798164220591e-01
-5.957146557533357090e-01
2.468719951291307169e-01
4.953985831277962215e-01
-9.882299661045191863e-01
-8.255969389242213685e-01
5.582391920527269846e-01
3.200941857399710599e-01
-5.258194986567679141e-01
-3.823995111943045977e-01
-4.050963352055814148e-02
6.500276295828520956e-01
2.170646601931580655e-02
3.354057868990489855e-01
5.675518835437272092e-01
4.858628671333118376e-01
2.873254989493898570e-01
4.563762286590409833e-01
-2.101936960338815497e-02
-9.971974264333631766e-01
-1.464967791097208927e-01
-6.093588846668120951e-01
-2.864027705256686276e-02
-9.828983615170774346e-01
-8.820357491366237479e-01
-5.882357854938713437e-01
9.156463039553059957e-01
-6.596972441368964546e-02
-8.757297649650797045e-01
-2.197927070062390964e-01
9.276905425268113792e-01
-5.452944290610144407e-01
9.286545156095147302e-01
-5.037348622099220297e-01
7.857375177172252201e-01
3.021268952408711073e-01
5.384603459091192867e-01
2.616813709700593904e-02
4.629541361500641994e-01
2.378287473838711641e-01
3.431830302515228581e-01
-7.075403718549571064e-01
5.587136307962685677e-01
-8.643404433088517358e-01
4.184034337943940418e-01
7.433101409269533555e-01
-3.892393430582343217e-01
-7.100734488263453770e-01
-5.886511754024572607e-01
-3.599563848846729641e-01
6.180984018084307863e-01
-4.537957569930262114e-01
-9.970917652100071971e-01
-3.027321335705119437e-03
5.747509147297000798e-01
2.057961456119381527e-01
-1.566821978125172432e-01
4.426832088761334383e-01
-2.890245911267831924e-01
-9.434498129504000907e-01
1.589750410795720548e-02
3.880375220036184625e-01
-6.968091452241775841e-02
2.182263434717677253e-01
8.813884828339179078e-01
-4.322952288477170946e-01
-1.839448054698131774e-01
-1.391945749216276784e-01
-4.282561641608804148e-01
-1.973782544087046009e-01
5.117645104328547578e-01
8.312816631116888288e-01
-4.769545585035186441e-01
7.194027849959578891e-01
6.695566624094324570e-01
-5.842313873197404472e-01
-5.467186024650450005e-01
1.435789626550467712e-01
1.793184388577371852e-03
-9.450299048492263321e-01
-6.624329442447913774e-01
8.457532335978624749e-01
5.088998156776296522e-01
4.007237765183160327e-01
9.969997607286469332e-01
8.088930248484726970e-01
1.768792010622572200e-03
3.263599939654686644e-01
-8.629540751231568052e-01
-3.992209691953023665e-01
6.556263893439259749e-02
-9.720189976217774586e-02
-6.811131144916715563e-01
7.060023755577671256e-01
-8.286945831690073483e-01
7.810021077274456047e-01
2.981401778846024531e-01
-9.144201929253037431e-01
9.135306174080939368e-01
5.154466649098785602e-01
5.945796920533603647e-01
3.127155330056814453e-01
-6.151297828412498614e-01
-3.341493977057955478e-01
4.859291714630249448e-01
8.390799904795645525e-02
1.873599993973740219e-01
3.368795912264512804e-01
-6.951673093631351996e-01
4.029930105893986259e-01
2.971290629311851283e-02
-4.060820345403397535e-01
-5.976476350509842828e-01
-8.267456580159890933e-01
5.775180479645647402e-02
-7.580145208105054655e-02
-1.066446106509286729e-01
7.584521391033998139e-01
-1.785796484919048854e-01
-3.799149170595878533e-01
-3.877485986494688674e-02
-3.242506370189657261e-02
-8.781114380732413238e-01
9.062152405166812308e-02
-2.445453473665311073e-01
8.113583416726464215e-01
1.353759363366351387e-01
5.769210188402120743e-01
4.570390046640415704e-02
-7.344610450549599046e-01
5.857534384333076272e-01
3.694807988097033036e-01
-6.738753907476120464e-01
-3.811989888368081392e-01
5.390649632874602304e-01
-6.140980091425325416e-01
9.992651552006732718e-01
