-9.237392075260391078e-01
6.134599375421025957e-01
-7.141801476794712791e-03
6.576983214988718629e-01
-1.279295116817851241e-01
-3.205445353677127129e-01
-3.800669932583427002e-01
-7.425146376257285574e-01
2.278782253785887613e-01
3.362140977454999846e-01
-1.438924916182273556e-03
8.875564557715178715e-01
9.339653520046367063e-01
8.679173600015324119e-01
-7.297919960046936882e-01
-6.590929114573609304e-01
-6.332600037165556639e-01
-7.076542735926459882e-01
9.380317625988940367e-03
-9.043719905822057425e-01
3.759425096616548778e-01
-7.887435251248593737e-02
-5.858657160788993679e-01
-8.665056741750427616e-01
-8.056315870564909609e-01
2.944588473618230395e-01
-4.669522028080107523e-01
-2.269420548465044263e-01
-5.450421663996660171e-03
6.946681771819555040e-01
-5.811760386303972403e-01
1.665603946129175575e-02
5.282424422004949882e-02
-1.006272675186097310e-01
-8.836459888458114698e-01
-9.225797663381287705e-01
-8.018890312481778970e-01
-2.118123988100719668e-01
-7.961395409358016373e-01
-5.804395995447664269e-01
9.075249668540230630e-03
-3.273347642672663760e-02
-9.318829934221506406e-02
2.903471163528785759e-01
5.231199140402504888e-01
-6.574109120792468765e-03
-2.788779543486279433e-01
8.637068632539397495e-01
4.317214452142662667e-02
-2.115651245209866638e-01
7.258119076931935920e-01
4.763239991259105022e-01
-7.708284416015682705e-01
-2.976331959171062700e-04
-6.376863776319128263e-01
9.488217398950604675e-02
2.523220113487373295e-01
2.123414105656193929e-01
1.185445127231713434e-02
5.298482818102809855e-01
-6.174276258480875246e-01
-2.809831278641623520e-01
-3.521288267593709609e-01
-1.528937322197856385e-01
3.839943877161236530e-01
1.859442314534975882e-01
-5.820435727151691552e-01
4.299304877694801741e-01
4.421824259973614613e-01
8.068462649963867861e-01
-6.175577887088766760e-01
9.276876545103253102e-01
-7.771556902098689656e-01
-3.395810194338322319e-01
7.718840795660240062e-01
-6.888767420719021928e-01
-4.320395965905299285e-01
-7.066546999626051040e-01
-9.405457673084001158e-01
-3.046267665070607755e-01
-3.306083861398118658e-03
6.764051803189419232e-02
-6.734130839422935999e-02
8.567854543435062808e-01
-7.148014799857027590e-01
4.020044653018546299e-01
-2.662105978840259013e-01
-6.482436271006163098e-02
-2.270708599193879684e-02
-5.045670977057972184e-01
3.559268524383887300e-01
1.414865989746205699e-02
-8.665319024173130380e-01
-3.227366932954496281e-01
-6.336560744096075837e-02
4.168866611778594411e-01
5.745247873866285993e-01
7.566241276498818502e-01
-1.821501146183536757e-01
-6.175579674224761506e-01
-8.308097924747850360e-01
5.606412840723448698e-02
-3.793952058647556136e-01
-4.234465765198129894e-01
-8.253192882500345884e-02
-1.762931395748734698e-01
-5.339525432553859918e-01
-6.067354166933023318e-01
-5.201349168690749813e-02
-8.080710667537884806e-01
1.819867811210556163e-03
6.097254128461251366e-01
8.016837695599514646e-01
-9.344821188537151269e-01
-2.396678618492196211e-01
-4.762659450242195391e-01
-4.858696228461907574e-02
2.781747095114313062e-01
-2.134834520525151769e-01
-5.770671411985710542e-01
6.417857198976866240e-01
-7.580053650791493958e-01
1.454867269535471408e-01
7.241397698059397481e-01
-3.507961441024811666e-01
7.630727877197593934e-01
-9.514158216411219282e-01
-2.128689939357004401e-01
-9.010698798164220591e-01
-5.957146557533357090e-01
2.468719951291307169e-01
1.794402988598727822e-01
-9.882299661045190753e-01
-8.255969389242212575e-01
5.582391920527269846e-01
3.200941857399710599e-01
-5.258194986567679141e-01
-3.823995111943045977e-01
-2.122887302964513931e-02
6.500276295828520956e-01
2.170646601931580655e-02
3.354057868990489855e-01
5.675518835437272092e-01
4.858628671333118376e-01
2.994020443217317307e-01
4.563762286590409833e-01
-1.010982150384487632e-01
-9.971974264333632876e-01
-1.464967791097209204e-01
-6.093588846668120951e-01
-3.279006214764874916e-02
-1.744681578160305752e-02
-3.230510387690589680e-02
-5.882357854938713437e-01
9.156463039553059957e-01
-6.596972441368964546e-02
-8.757297649650797045e-01
-2.197927070062390964e-01
9.276905425268113792e-01
-5.452944290610144407e-01
9.286545156095147302e-01
-5.037348622099219186e-01
7.857375177172252201e-01
3.021268952408711073e-01
5.384603459091192867e-01
1.124271357971529280e-02
4.629541361500641994e-01
2.378287473838711641e-01
3.335899258133783185e-01
-7.075403718549569954e-01
5.587136307962685677e-01
-8.643404433088517358e-01
4.184034337943940418e-01
7.433101409269533555e-01
-2.457923632024145710e-01
-7.100734488263453770e-01
-3.392051934397447011e-01
-3.599563848846729641e-01
6.180984018084307863e-01
-4.537957569930262114e-01
-9.970917652100073081e-01
-1.227218063849262871e-03
5.747509147297000798e-01
2.057961456119381527e-01
-1.566821978125172432e-01
2.781711633500925096e-01
-4.517096617692460958e-01
-3.495459189907195174e-01
1.589750410795720548e-02
4.495156867012220503e-01
-6.968091452241775841e-02
5.629152365744625186e-01
8.813884828339176858e-01
-4.596831693500197380e-01
-1.839448054698131774e-01
-1.391945749216276784e-01
-4.282561641608804148e-01
-1.973782544087045454e-01
5.117645104328547578e-01
8.312816631116888288e-01
1.097016478834465514e-01
7.194027849959578891e-01
6.695566624094324570e-01
-5.842313873197404472e-01
-5.467186024650450005e-01
-1.411653610793487312e-03
7.949021365226168877e-04
-9.450299048492263321e-01
-6.624329442447913774e-01
8.457532335978623639e-01
5.088998156776296522e-01
4.007237765183160327e-01
9.969997607286469332e-01
8.088930248484726970e-01
3.453704380449485432e-03
3.263599939654686644e-01
-8.629540751231568052e-01
-3.992209691953023665e-01
6.866643150485246538e-02
-9.720189976217773198e-02
-6.811131144916715563e-01
7.060023755577671256e-01
-8.286945831690073483e-01
7.810021077274456047e-01
2.140492846414824846e-01
-2.372532965408358924e-02
7.354073306619641759e-01
5.154466649098785602e-01
1.446709991983808619e-01
3.127155330056814453e-01
-6.151297828412498614e-01
-4.567555395326587941e-01
4.859291714630249448e-01
1.346992684937691268e-02
1.873599993973739941e-01
3.368795912264512804e-01
-6.951673093631351996e-01
4.029930105893986259e-01
2.971290629311851283e-02
-1.845540548032185146e-01
-5.976476350509842828e-01
-8.267456580159890933e-01
3.570150696090283043e-02
-1.338182878415314359e-01
-1.066446106509286729e-01
7.584521391033998139e-01
-1.785796484919048854e-01
-4.169817861070235221e-01
-3.877485986494688674e-02
-3.242506370189656567e-02
-3.721343505799159512e-01
9.062152405166812308e-02
-2.445453473665311073e-01
8.113583416726465325e-01
3.719925199774813951e-01
5.769210188402120743e-01
4.570390046640415704e-02
-7.344610450549600156e-01
5.857534384333076272e-01
3.694807988097033036e-01
-6.738753907476120464e-01
-3.811989888368081392e-01
5.390649632874602304e-01
-6.140980091425325416e-01
9.992651552006732718e-01
