-5.551929423495249871e-02
4.392786370416854602e-01
6.782091213004552976e-01
9.721289704451787639e-01
-6.996585771963663714e-01
3.566619501858026009e-01
-5.161348132213485762e-01
-6.273208781321291116e-01
8.851715990013111490e-01
1.929830766829201405e-01
4.082562226983323939e-01
-4.527689769063458769e-01
6.245624534575755504e-01
0.000000000000000000e+00
-6.417695876801570165e-01
2.821292735611709013e-01
-7.543493664259321996e-01
2.871424616558166942e-01
-4.277778650295576135e-01
1.118537095616096710e-01
-9.110628845085197991e-01
8.479289971580576957e-01
0.000000000000000000e+00
-2.519452292392101445e-01
7.487655369641315062e-01
8.428321144310912949e-01
1.377792142127116648e-01
-5.536071600140712867e-02
-9.362661904565710014e-01
-9.993128791639056541e-01
3.570340921510599674e-01
-1.174477713900392573e-01
1.097735185184434137e-02
-9.033111817877537142e-01
0.000000000000000000e+00
8.717506037291666843e-02
-6.685684966734353196e-01
-1.111890419018479736e-01
0.000000000000000000e+00
9.564691928625836947e-01
4.070581850444170424e-01
9.943673395852126173e-01
-4.530178710738932413e-01
-9.488012205807649924e-01
-1.818040907186047050e-01
-8.227060059593140906e-01
-8.546274225370731337e-02
1.358640459731084160e-01
6.812251899423642509e-01
9.883418055097121790e-01
5.014522082714634177e-01
3.469139750410918932e-01
-9.337157433732050649e-01
8.702474174960126430e-01
-1.650375075032888272e-01
8.017608472535162623e-01
-8.643579941762999930e-01
7.834636354678348180e-01
-7.608662410438005175e-01
3.971417530552425745e-01
-7.853936933536544984e-01
5.392364834150265018e-02
4.329760049597886074e-01
-9.099618850003969861e-01
-4.018673887023813673e-01
-5.450655654311664655e-01
-3.815309109262092768e-01
-9.719862232461198293e-01
8.880091941949257439e-01
0.000000000000000000e+00
-9.488692413832537920e-01
-2.135858127398921891e-01
2.294798720822983640e-01
4.212867679791565401e-02
0.000000000000000000e+00
-8.352413579343864747e-01
-4.284791754138914666e-01
-1.721021578506805039e-01
5.466953088049062437e-01
9.715826992923712879e-01
6.918386582673412555e-01
7.854929697881465334e-01
9.664154749872546635e-01
2.402218086111718165e-02
2.376051535407472937e-01
-9.422611281525408167e-01
4.412427425187526175e-01
6.723510534258163585e-01
0.000000000000000000e+00
2.193955257194080133e-01
-8.074272138062472681e-01
0.000000000000000000e+00
-1.427896947941023065e-01
-8.304503805665897076e-02
0.000000000000000000e+00
7.410261529180155460e-01
0.000000000000000000e+00
-1.755965664019543127e-01
4.609303237487027971e-02
-4.264485402972517658e-01
4.058312695977011053e-01
2.390294458909916209e-01
6.925211896883485263e-01
-9.646685503452541166e-01
7.973479428776686362e-03
9.382997071505425613e-01
-9.512960438316833134e-01
2.503388495293601412e-01
-2.477510750675555595e-01
-7.684769003377849295e-01
0.000000000000000000e+00
9.256392093134724330e-01
1.000000000000000000e+00
-5.055359511057733179e-02
7.331120691412078560e-01
-7.811182751825891390e-01
-9.553737922107012892e-01
2.061497165678523036e-01
2.471832407773126850e-01
-9.247024144699607096e-01
6.762707263880034514e-01
5.351080673262127441e-01
1.913337581125791331e-01
-5.140341290134990970e-01
8.466524333803135960e-01
-5.590425597604629093e-01
9.985529397711352395e-01
1.022808690568151047e-01
8.177475873723136779e-01
9.064417370037403110e-02
2.115392601222523261e-01
8.832016386143262121e-01
-1.248880116871891044e-01
-3.736574671883583498e-01
9.344086719866482316e-01
0.000000000000000000e+00
-7.445665640281040609e-01
7.176089162937733246e-01
5.219528699091566804e-01
-5.797337436289009549e-01
-5.330337072357262951e-01
-8.840041011569668150e-01
6.738518672226909700e-01
-8.378868950595348419e-01
6.732608920988800705e-01
5.909441653467890632e-01
9.735428696122581105e-01
-7.752765427748589122e-01
6.207248610073530237e-01
-8.338782113623959269e-01
-7.778924161960112382e-01
6.920830681006731044e-01
-7.187626172462484586e-01
4.733177636626109130e-01
0.000000000000000000e+00
-3.464693273773367110e-02
-1.551407806222289132e-01
7.903254580078593605e-01
2.733049395396600634e-01
9.686497432033274180e-01
3.823492210423604654e-01
0.000000000000000000e+00
-9.089942846444831748e-01
7.851498088023944888e-01
5.090064689569275824e-01
0.000000000000000000e+00
3.813099283606011802e-01
-4.601570278682940440e-01
-1.203453466805168848e-01
-6.831023728621976598e-01
-8.345783987532813253e-01
-6.490736666481056183e-02
4.290087236717861074e-01
4.218620475492671495e-01
7.014445256570009946e-01
8.248056575976905336e-01
4.909234676806371045e-01
-5.007023053879600116e-01
5.495932930672631223e-01
4.682276677193972780e-01
-7.683446209618252087e-01
-9.705681043287521792e-01
8.234834607631587033e-01
-6.558421129748699396e-01
7.418216394317458384e-01
0.000000000000000000e+00
-1.607789176934038000e-01
5.622202338718995662e-02
-8.541875540042067616e-01
-5.067961143199095631e-01
0.000000000000000000e+00
5.449968469065664678e-01
-4.977281565598767887e-01
7.157659920380403662e-01
7.543342921836924120e-01
8.183682689366276186e-01
-4.776465478545146581e-01
-2.253547334365950672e-01
-3.972939418782019949e-01
9.004303421639254790e-01
-5.585939164181157324e-01
-1.829652484334145512e-01
-5.204955771857133762e-02
-7.637865169714441738e-01
-5.080563498192258720e-01
1.279778568443883380e-01
-7.668750903814971487e-01
-8.391401117445393965e-01
0.000000000000000000e+00
1.305303308319007982e-01
-9.424274451764811378e-01
0.000000000000000000e+00
8.172845103138182132e-02
-1.049366466024514999e-01
-9.633391780776836555e-01
0.000000000000000000e+00
3.832456988859600511e-01
-6.294476836908737827e-01
5.225362680334333376e-01
9.293707049779456053e-01
-4.094504469669346669e-01
-2.766826813514158268e-01
6.120217270603287574e-01
3.324267916155072555e-01
5.106135186398974568e-01
5.618234625186937503e-01
8.844781059120465638e-01
8.914859845341875921e-01
1.258594904015601923e-01
2.084517125152693939e-01
5.620108124596887578e-01
-2.701261022486309837e-01
0.000000000000000000e+00
9.598950527465621718e-02
-1.308208689862015994e-01
-4.124794693228268638e-01
-2.916364522258811931e-01
0.000000000000000000e+00
-8.373614714637336309e-01
-6.155458868800600669e-02
3.133205587400311742e-01
3.697704980131522046e-01
9.806081087277505048e-01
7.001149135377080501e-01
7.707502344058789756e-01
-1.427203730085140343e-01
-5.101197127998748915e-01
7.656941583353724656e-01
3.930339949552343892e-01
-8.237376923097003978e-01
0.000000000000000000e+00
-3.298755481815200952e-01
2.605066660069685902e-01
4.051610896557444885e-01
-4.205277602950838745e-01
6.101027046146523247e-02
1.721657397866021011e-01
-6.643974138172898947e-01
4.300537273715598907e-01
-2.870590642043595597e-01
8.578937046864689719e-01
-5.668561799666729240e-01
-6.599441312953830963e-01
6.249447179302900501e-01
7.098840114150468672e-01
