

game 0 
gen, best, mean, std, median, q1, q3, life
0, 32.940136, -4.451222, 7.051277, -6.09871, -6.002038, -6.301249, 11.239341
1, 86.680046, 8.655169, 18.825379, 4.370939, 19.398409, -6.053155, 22.707123
2, 86.770188, 24.704157, 21.216636, 20.670659, 33.137108, 9.887061, 24.332932
3, 87.1148, 41.851475, 23.613737, 36.785308, 53.896956, 32.891853, 29.718796
4, 87.812151, 53.722061, 24.75943, 46.810262, 86.522261, 32.983971, 38.277965
5, 87.812151, 52.575486, 29.134205, 40.682289, 86.713398, 20.662872, 38.277965
6, 87.812151, 46.054578, 27.995657, 32.940136, 86.583467, 20.662872, 38.277965
7, 87.812151, 52.759199, 28.303327, 44.336982, 87.117853, 22.050276, 38.277965
8, 87.812151, 60.732317, 29.013439, 78.799133, 87.193111, 26.199448, 38.277965
9, 87.812151, 63.49168, 29.61862, 86.890143, 87.258313, 27.909771, 38.277965
10, 87.844972, 61.265761, 28.984709, 77.356619, 87.176872, 27.132691, 38.6122
11, 88.210826, 66.073776, 28.248427, 87.383783, 87.81176, 35.231836, 38.6122
12, 88.210826, 71.766697, 24.560777, 87.688274, 87.84568, 55.832356, 38.813258
13, 88.210826, 75.095766, 22.958121, 87.703972, 87.837298, 70.749846, 38.813258
14, 88.210826, 63.038332, 29.454811, 86.239945, 87.835561, 28.16677, 41.511661
15, 88.36061, 72.024761, 23.888754, 87.703972, 88.210826, 56.234717, 41.511661
game 1 
gen, best, mean, std, median, q1, q3, life
0, 40.104386, -1.897169, 10.26813, -6.115615, -5.789218, -6.58452, 48.086165
1, 86.199189, 13.433228, 19.371281, 9.48515, 20.067899, 1.30913, 48.086165
2, 86.199189, 27.344552, 22.587204, 27.288243, 40.085996, 6.973568, 48.086165
3, 88.732825, 37.655358, 24.470632, 33.197626, 41.055387, 19.778861, 48.086165
4, 88.732825, 50.598475, 27.020809, 40.085996, 85.97016, 32.891853, 50.095999
5, 88.732825, 56.80004, 28.349838, 41.337489, 86.323121, 32.892209, 50.095999
6, 88.732825, 52.110306, 28.703372, 40.085996, 86.771166, 32.903923, 50.095999
7, 88.759581, 54.156385, 27.510502, 40.085996, 88.675327, 33.468098, 50.095999
8, 88.759581, 54.353639, 26.603342, 33.654157, 88.09806, 33.376687, 50.095999
9, 88.813922, 54.92366, 27.685171, 38.894146, 88.09806, 33.210351, 50.095999
10, 88.813922, 52.467263, 28.634723, 36.092213, 88.404411, 33.146933, 50.598884
11, 88.84883, 54.956902, 28.130226, 33.516382, 87.750938, 33.410232, 50.598884
12, 89.03177, 59.045465, 25.981671, 44.727587, 87.84822, 33.450674, 50.598884
13, 89.03177, 46.429079, 31.363574, 33.559299, 86.572081, 33.155581, 50.598884
14, 89.03177, 53.551676, 27.778595, 40.459877, 88.116748, 33.097544, 50.598884
15, 89.035993, 58.132789, 27.700311, 42.109954, 88.717533, 33.44495, 50.598884
game 2 
gen, best, mean, std, median, q1, q3, life
0, 34.496407, 0.42944, 10.843534, -6.043285, 5.62744, -6.472521, 13.209554
1, 34.496407, 15.046671, 10.939853, 19.090911, 20.66131, 5.589741, 14.770168
2, 86.541337, 19.404221, 20.96235, 20.604504, 29.456982, 3.259255, 23.629317
3, 86.674042, 33.676822, 27.698352, 32.917692, 41.71282, 12.725406, 23.639985
4, 87.038182, 52.985955, 30.184145, 40.501443, 86.541337, 32.903923, 29.11738
5, 87.038182, 62.502735, 28.323953, 86.420668, 86.669218, 27.842902, 29.11738
6, 87.054983, 70.333409, 23.146147, 86.568049, 86.749107, 56.084786, 29.191486
7, 87.174694, 72.27247, 24.566961, 86.641947, 86.914634, 64.801679, 30.980033
8, 87.257158, 75.650904, 23.922633, 86.702563, 87.040288, 86.403647, 30.980033
9, 87.257158, 81.616763, 14.043629, 86.802678, 87.042384, 86.433967, 30.980033
10, 87.257158, 78.769582, 19.013267, 86.757276, 87.056946, 86.376117, 30.980033
11, 87.257158, 82.792922, 13.334595, 86.904392, 87.107341, 86.60959, 30.980033
12, 87.257158, 82.137106, 12.886278, 86.869642, 87.142314, 86.619141, 30.980033
13, 87.257158, 82.154738, 12.818127, 86.899127, 87.1887, 86.515686, 30.980033
14, 87.257158, 84.13155, 11.929491, 87.080216, 87.200336, 86.900622, 30.980033
15, 87.257158, 80.517976, 17.027285, 87.012165, 87.160955, 86.815872, 30.980033
game 3 
gen, best, mean, std, median, q1, q3, life
0, 32.960298, -0.933857, 9.910324, -6.092588, 3.034805, -6.369381, 11.742939
1, 63.591156, 18.452506, 12.204966, 20.633011, 23.394599, 9.013491, 12.840354
2, 63.640434, 31.576171, 11.488176, 32.950217, 33.324287, 24.146294, 37.465352
3, 87.174705, 42.166777, 17.026281, 37.043465, 63.298181, 32.891853, 37.465352
4, 87.174705, 50.95212, 19.734162, 55.193603, 63.636543, 33.230863, 37.465352
5, 87.174705, 50.289548, 24.883897, 44.427978, 69.040881, 26.294152, 37.465352
6, 87.307477, 70.49788, 22.318891, 86.768743, 87.151136, 63.005703, 37.465352
7, 87.720179, 67.936357, 22.091994, 75.211656, 87.240021, 60.457683, 37.465352
8, 87.720179, 72.146581, 19.590306, 86.867925, 87.232958, 63.401653, 37.465352
9, 87.720179, 78.573108, 14.52562, 86.919142, 87.230387, 63.639859, 37.465352
10, 88.472664, 70.482424, 20.239449, 86.278605, 87.063876, 62.739704, 41.249561
11, 88.472664, 77.752906, 15.168818, 86.961836, 87.251585, 63.59354, 41.414732
12, 88.472664, 68.517049, 22.099715, 67.04219, 87.76529, 60.941939, 41.497157
13, 88.472664, 73.992318, 24.714762, 87.271622, 88.470611, 63.221986, 41.497157
14, 88.472664, 81.005861, 16.536767, 88.375842, 88.47182, 87.119134, 41.817223
15, 88.472664, 70.990238, 30.597707, 88.422913, 88.472453, 63.388823, 41.817223
game 4 
gen, best, mean, std, median, q1, q3, life
0, 62.516318, -2.073886, 11.785096, -6.104604, -5.858874, -6.656561, 11.980597
1, 86.733069, 14.881624, 22.353212, 13.300616, 19.108541, -3.565765, 26.093197
2, 87.077559, 39.271974, 28.525936, 26.659773, 62.967783, 19.105588, 29.307064
3, 87.18602, 66.689459, 24.330465, 86.275277, 86.753736, 40.350421, 29.93309
4, 87.203296, 83.92912, 9.675805, 86.920246, 87.054528, 86.741345, 31.627488
5, 87.236658, 80.35071, 13.904523, 86.947911, 87.110605, 86.696774, 31.627488
6, 87.268926, 80.944567, 13.577421, 87.004839, 87.163303, 86.625214, 31.627488
7, 87.268926, 79.249696, 15.659495, 86.914058, 87.147444, 86.483766, 31.627488
8, 87.268926, 81.241839, 11.09468, 86.921821, 87.176863, 86.571785, 31.627488
9, 87.285252, 76.676829, 18.605353, 86.975908, 87.163826, 69.074577, 31.627488
10, 87.285252, 79.487066, 18.560179, 87.07184, 87.235305, 86.743247, 31.627488
11, 87.310661, 82.529748, 11.856642, 87.059137, 87.268926, 86.775481, 31.67989
12, 87.310661, 74.205993, 20.228201, 87.049895, 87.268802, 62.625863, 31.67989
13, 87.310661, 78.147468, 18.53911, 87.095444, 87.245415, 85.637987, 31.67989
14, 87.310661, 80.130092, 11.599219, 86.911987, 87.212908, 69.93144, 31.67989
15, 87.310661, 75.647485, 20.571945, 86.917356, 87.25562, 71.485892, 31.67989
game 5 
gen, best, mean, std, median, q1, q3, life
0, 40.085996, -0.494958, 11.633435, -6.031677, -1.809772, -6.232984, 12.209016
1, 86.112407, 12.922477, 16.62506, 10.655468, 19.121297, 3.227908, 21.190092
2, 86.946218, 27.57487, 21.176499, 20.656121, 38.365103, 16.451399, 30.042562
3, 88.750956, 44.042417, 23.639055, 36.868964, 40.619187, 30.953702, 44.749112
4, 89.619855, 54.339062, 30.217386, 41.199033, 86.946218, 24.699089, 47.744727
5, 89.773047, 70.963418, 25.04722, 86.812908, 87.112332, 51.316736, 54.230813
6, 89.773047, 66.005271, 29.877399, 86.873842, 87.98914, 27.952495, 54.230813
7, 90.688243, 70.357246, 25.723514, 87.144765, 89.227965, 41.31344, 62.961938
8, 90.688243, 72.734388, 25.163064, 87.788735, 89.184034, 50.130281, 62.961938
9, 90.848005, 79.196996, 19.868865, 89.047697, 89.762932, 86.888616, 64.578533
10, 90.848005, 76.485035, 21.711981, 88.458943, 89.773047, 69.299036, 64.578533
11, 90.848005, 69.58003, 25.058414, 87.724437, 90.569642, 43.471934, 64.578533
12, 91.006216, 73.351291, 21.82277, 88.290305, 90.675397, 62.503045, 65.497157
13, 91.16207, 74.325062, 19.111119, 88.25168, 90.848005, 62.696429, 66.590693
14, 91.16207, 75.892157, 21.561795, 89.262756, 90.903076, 63.196803, 66.590693
15, 91.206116, 64.338077, 27.046553, 74.64018, 90.980625, 41.315163, 66.590693
game 6 
gen, best, mean, std, median, q1, q3, life
0, 41.140815, -2.992793, 8.690042, -6.196459, -5.50099, -6.376136, 11.980597
1, 86.497257, 12.487892, 19.261033, 5.65604, 20.648749, -0.258219, 22.704317
2, 86.71769, 39.684114, 22.290244, 33.719913, 52.580796, 20.676392, 25.967175
3, 87.234112, 59.512969, 26.886278, 63.546434, 86.516441, 32.903425, 30.641966
4, 87.261586, 68.339564, 25.285829, 86.508476, 86.90894, 46.051424, 30.79495
5, 87.329702, 73.187881, 25.054525, 86.843243, 87.193557, 79.31076, 31.601005
6, 87.329702, 69.476173, 28.434497, 86.875939, 87.210782, 42.53722, 31.601005
7, 87.329702, 72.018622, 27.223891, 86.789132, 87.184019, 86.284386, 31.601005
8, 87.329702, 67.454469, 28.679942, 86.818008, 87.171789, 34.876874, 31.601005
9, 87.329702, 67.940788, 28.03354, 87.029425, 87.249152, 34.733308, 31.601005
10, 87.329702, 72.269083, 25.333919, 87.103607, 87.260634, 62.753011, 31.601005
11, 87.329702, 80.486267, 19.238157, 87.092501, 87.326464, 86.730087, 31.601005
12, 87.329702, 80.871523, 17.913826, 87.111186, 87.329702, 86.990374, 31.601005
13, 87.329702, 75.340226, 22.993092, 87.103584, 87.261795, 86.472862, 31.601005
14, 87.329702, 75.760781, 23.553398, 86.992269, 87.200098, 86.630843, 31.601005
15, 87.329702, 79.247253, 19.472324, 87.007776, 87.18509, 86.709892, 31.601005
game 7 
gen, best, mean, std, median, q1, q3, life
0, 32.948895, -0.347994, 9.899619, -6.046398, 4.496004, -6.222404, 5.104406
1, 70.320518, 15.795495, 13.748137, 18.55392, 20.736231, 5.482924, 31.663607
2, 86.148407, 25.996416, 17.421861, 24.026447, 33.408344, 16.853105, 31.663607
3, 87.013997, 36.847221, 24.027459, 33.207405, 42.102302, 19.250312, 31.663607
4, 88.935045, 39.822442, 30.196088, 31.791561, 68.891019, 18.666858, 47.300943
5, 88.976594, 49.513231, 31.74106, 29.914318, 86.829436, 20.655048, 47.300943
6, 88.976594, 61.436472, 28.648008, 85.569107, 87.000073, 32.903923, 47.300943
7, 89.017561, 69.227603, 26.1054, 86.493981, 87.090362, 50.290191, 47.300943
8, 89.325732, 64.11998, 27.838732, 85.877998, 88.953265, 32.996475, 49.511657
9, 89.325732, 68.473723, 26.757782, 86.968097, 88.95537, 39.33452, 49.511657
10, 89.325732, 75.830621, 21.257712, 87.462296, 89.124208, 64.456882, 49.557485
11, 89.325732, 69.479697, 24.934892, 86.516009, 89.140472, 50.265196, 49.557485
12, 89.351345, 83.075958, 11.277037, 89.070092, 89.300935, 86.17755, 49.557485
13, 89.356161, 77.359652, 18.279071, 89.063422, 89.300935, 67.539816, 49.985324
14, 89.371859, 84.945277, 11.248914, 89.205088, 89.325112, 88.534761, 50.350291
15, 89.48964, 83.088066, 13.410102, 89.137016, 89.343503, 88.047965, 51.004078
game 8 
gen, best, mean, std, median, q1, q3, life
0, 20.636172, -2.712628, 7.330643, -6.073889, -4.581871, -6.289765, 11.620601
1, 76.741684, 9.02115, 17.24548, 5.543364, 15.962222, -6.015439, 12.850074
2, 86.603602, 25.265397, 19.904971, 20.651909, 32.931713, 10.906481, 25.013047
3, 87.280925, 41.204856, 22.105091, 33.423602, 63.506674, 20.662847, 31.67989
4, 87.280925, 47.917615, 24.222389, 63.462432, 63.570545, 26.150373, 31.67989
5, 87.280925, 47.188634, 26.550493, 40.318278, 63.576826, 20.656613, 31.67989
6, 87.280925, 60.48769, 26.531466, 63.578918, 86.784771, 32.961433, 31.67989
7, 87.280925, 51.656631, 30.337722, 33.168701, 86.853496, 22.076401, 31.67989
8, 87.280925, 60.845635, 29.137137, 86.121451, 87.205963, 28.122524, 31.67989
9, 87.402041, 72.083356, 25.799645, 86.942503, 87.205963, 68.953336, 32.51558
10, 87.402041, 71.524958, 25.176146, 86.862677, 87.205963, 57.412688, 32.51558
11, 87.591696, 67.635471, 26.521274, 86.864421, 87.205963, 33.776743, 34.346537
12, 87.591696, 61.424409, 27.000974, 70.129813, 87.178382, 33.656123, 34.346537
13, 87.591696, 65.655658, 25.804669, 86.680784, 87.299375, 41.044072, 34.346537
14, 87.591696, 67.096006, 28.538641, 87.241136, 87.485818, 33.109763, 34.346537
15, 87.591696, 73.358572, 24.737192, 87.308161, 87.591696, 73.870303, 34.346537
game 9 
gen, best, mean, std, median, q1, q3, life
0, 36.759837, 0.488622, 11.196905, -6.102094, 5.001493, -6.334623, 13.479911
1, 63.941987, 16.450284, 16.664993, 19.275484, 27.046631, 1.291391, 17.050656
2, 88.887843, 31.364469, 22.001179, 31.52588, 39.700988, 19.581044, 48.091939
3, 88.887843, 43.697212, 22.831187, 33.392341, 63.485438, 26.303997, 48.091939
4, 88.887843, 52.939999, 23.455233, 62.928177, 63.571553, 32.891853, 48.091939
5, 88.887843, 58.601817, 24.113711, 63.434275, 86.338486, 33.429444, 48.091939
6, 88.887843, 59.742942, 24.139589, 62.805211, 86.488137, 39.799886, 48.091939
7, 89.169879, 52.647932, 25.618981, 57.324197, 68.261121, 26.334346, 50.952298
8, 89.169879, 63.261219, 23.848085, 63.595108, 88.887843, 42.491412, 50.952298
9, 89.169879, 66.437902, 23.921036, 70.757459, 88.905499, 50.279604, 50.952298
10, 89.169879, 79.471341, 15.487451, 88.793085, 89.073257, 70.774115, 50.952298
11, 89.169879, 83.960232, 14.07305, 89.008035, 89.129148, 88.738559, 50.952298
12, 89.169879, 67.545489, 27.950535, 88.812528, 89.114165, 43.708014, 50.952298
13, 89.169879, 78.359021, 19.282586, 88.857315, 89.110239, 72.531137, 50.952298
14, 89.169879, 73.660192, 25.652173, 88.84518, 89.125403, 56.757585, 50.952298
15, 89.169879, 73.661097, 22.178322, 88.772929, 89.006189, 57.769635, 50.952298