
game 0 
gen, best, mean, std, median, q1, q3, life
0, 66.174, -1.842905, 12.740921, -5.758897, -5.255301, -5.777652, 0.0
1, 74.777424, 14.013151, 24.332392, 3.721885, 19.273445, -2.70805, 0.0
2, 74.777424, 43.807829, 29.362223, 66.013551, 66.174, 12.183654, 0.0
3, 75.548962, 61.797384, 12.35318, 66.174, 66.174, 57.037064, 0.0
4, 83.933892, 65.899443, 11.307242, 66.174, 74.773487, 66.040287, 0.0
5, 86.3039, 68.344164, 16.640212, 74.76955, 75.439297, 66.174, 22.0
6, 86.706278, 73.2205, 13.030276, 75.100805, 85.654177, 66.544679, 22.0
7, 86.85194, 73.206871, 17.933055, 75.184388, 86.273074, 66.541428, 23.2
8, 86.85194, 78.363409, 14.825582, 86.273074, 86.32578, 75.171054, 25.6
9, 86.85194, 69.556749, 19.108724, 75.030152, 86.242988, 66.019218, 25.6
10, 88.013532, 73.015917, 21.368201, 85.8539, 86.706278, 66.170359, 38.8
11, 89.4839, 71.937766, 21.738127, 79.879914, 86.850644, 66.041702, 49.0
12, 89.4839, 68.595478, 25.306303, 85.361748, 88.013532, 57.050009, 49.0
13, 89.7239, 76.359179, 18.963856, 87.963182, 89.354745, 68.4602, 51.4
14, 91.106695, 74.968715, 24.325389, 88.136229, 89.4839, 75.203225, 64.0
15, 91.106695, 77.599308, 19.153165, 89.106344, 89.6039, 74.993683, 64.0
game 1 
gen, best, mean, std, median, q1, q3, life
0, 57.051965, -1.963437, 10.581286, -5.758902, -3.424534, -5.777652, 0.0
1, 66.597323, 18.185653, 28.181206, 3.721885, 52.509903, -5.743003, 0.0
2, 66.597323, 52.221308, 24.262184, 66.112982, 66.174, 57.036421, 0.0
3, 66.638708, 64.39999, 6.568862, 66.174, 66.174, 66.174, 0.0
4, 66.638708, 65.671966, 2.172734, 66.174, 66.174, 66.174, 0.0
5, 66.638708, 64.24764, 6.620535, 66.174, 66.174, 66.174, 0.0
6, 75.191858, 65.762372, 3.847977, 66.174, 66.597323, 66.174, 0.0
7, 75.191858, 62.891188, 10.94674, 66.174, 66.597323, 66.174, 0.0
8, 84.99289, 64.349019, 13.073148, 66.59958, 66.634024, 66.174, 7.0
9, 85.169573, 73.750005, 6.763425, 75.190358, 75.332736, 66.601837, 8.8
10, 86.987281, 77.966429, 7.688241, 79.909041, 84.99289, 75.083212, 23.2
11, 86.987281, 79.606044, 6.410224, 84.312233, 85.169573, 75.31642, 23.2
12, 87.222462, 79.825992, 7.292995, 85.028574, 85.17289, 75.182889, 25.6
13, 87.227281, 79.734933, 7.967162, 84.810649, 86.987281, 75.327537, 25.6
14, 87.227281, 79.832944, 9.757104, 86.987281, 87.227281, 68.792487, 25.6
15, 87.227281, 77.027495, 21.837331, 87.227281, 87.227281, 75.21476, 25.6
game 2 
gen, best, mean, std, median, q1, q3, life
0, 66.171054, -1.625626, 13.413787, -5.757322, -3.349288, -5.783825, 0.0
1, 84.61704, 13.292142, 26.653561, 3.250612, 12.446661, -3.091844, 2.8
2, 84.61704, 36.144716, 30.606463, 57.001063, 66.174, 3.721885, 2.8
3, 86.245448, 68.904619, 11.806425, 66.174, 75.179196, 66.077831, 20.2
4, 86.245448, 73.181914, 16.928234, 75.181412, 85.285573, 66.174, 20.2
5, 86.335744, 70.894507, 23.89543, 84.884263, 85.393573, 66.20791, 22.0
6, 86.586677, 73.61627, 20.833424, 85.050119, 86.211616, 75.001063, 22.6
7, 86.791679, 78.817179, 9.348312, 85.510143, 86.335744, 75.002307, 25.6
8, 86.791679, 79.045718, 15.356721, 86.067422, 86.335744, 84.371098, 25.6
9, 87.055744, 72.401576, 24.521978, 85.365306, 86.335744, 65.999205, 29.8
10, 87.310119, 78.538003, 14.994337, 86.008586, 86.517078, 75.168118, 29.8
11, 87.310119, 71.939857, 22.991095, 85.119523, 86.784571, 65.991187, 29.8
12, 87.546677, 72.470691, 28.020999, 86.857968, 87.055744, 75.001698, 32.2
13, 88.086278, 69.261794, 31.709553, 86.990001, 87.055744, 65.998585, 35.2
14, 88.086278, 71.918253, 28.883028, 86.335744, 87.546677, 75.037265, 35.2
15, 88.210654, 76.292006, 23.305559, 86.819894, 88.086278, 77.424592, 36.4
game 3 
gen, best, mean, std, median, q1, q3, life
0, 66.174, -0.366802, 17.658022, -5.772996, -5.720312, -5.783825, 0.0
1, 66.174, 16.135437, 30.213699, -2.70805, 57.036421, -5.73733, 0.0
2, 66.174, 54.326902, 22.221006, 66.174, 66.174, 57.036421, 0.0
3, 66.174, 66.174, 1e-06, 66.174, 66.174, 66.174, 0.0
4, 66.174, 66.174, 1e-06, 66.174, 66.174, 66.174, 0.0
5, 66.174, 66.174, 1e-06, 66.174, 66.174, 66.174, 0.0
6, 66.174, 66.174, 1e-06, 66.174, 66.174, 66.174, 0.0
7, 66.174, 66.174, 1e-06, 66.174, 66.174, 66.174, 0.0
8, 66.174, 66.174, 1e-06, 66.174, 66.174, 66.174, 0.0
9, 66.174, 66.174, 1e-06, 66.174, 66.174, 66.174, 0.0
10, 66.174, 66.174, 1e-06, 66.174, 66.174, 66.174, 0.0
11, 66.174, 66.174, 1e-06, 66.174, 66.174, 66.174, 0.0
12, 66.174, 66.174, 1e-06, 66.174, 66.174, 66.174, 0.0
13, 66.174, 66.174, 1e-06, 66.174, 66.174, 66.174, 0.0
14, 66.174, 66.174, 1e-06, 66.174, 66.174, 66.174, 0.0
15, 66.174, 66.174, 1e-06, 66.174, 66.174, 66.174, 0.0
game 4 
gen, best, mean, std, median, q1, q3, life
0, 57.638708, -2.469031, 12.429945, -5.758902, -5.517384, -5.777652, 0.0
1, 66.179917, 11.166135, 24.990103, -2.70805, 3.721885, -5.497609, 0.0
2, 75.597323, 48.279903, 21.615069, 57.04546, 57.638708, 50.198938, 0.0
3, 75.620103, 59.616775, 16.24033, 66.174, 66.178438, 57.036421, 0.0
4, 86.916796, 67.481094, 10.552371, 66.255397, 75.274086, 66.174, 22.0
5, 87.148142, 73.626477, 9.51512, 75.597323, 75.610928, 68.737207, 25.0
6, 87.148142, 69.453071, 13.641906, 75.128398, 75.620103, 66.247427, 25.0
7, 87.152892, 79.530472, 7.460782, 75.620103, 86.916796, 75.5839, 25.0
8, 87.152892, 80.245938, 7.877208, 86.792892, 87.148142, 75.597323, 25.0
9, 87.152892, 79.878325, 9.169932, 86.914844, 87.151705, 66.634024, 25.0
10, 87.152892, 79.598724, 9.136357, 86.852892, 87.152892, 66.638708, 25.0
11, 87.152892, 79.25744, 9.503217, 86.854844, 87.152892, 66.507885, 25.0
12, 87.152892, 77.255435, 10.054991, 81.146498, 87.152892, 66.264235, 25.0
13, 87.152892, 80.76673, 8.992064, 87.148142, 87.152892, 68.772531, 25.0
14, 88.819688, 78.790895, 9.397004, 86.792892, 87.151705, 66.634024, 45.4
15, 88.819688, 81.149008, 8.379689, 87.120517, 87.152892, 75.585013, 45.4
game 5 
gen, best, mean, std, median, q1, q3, life
0, 66.16227, -1.491578, 13.41774, -5.743003, -4.747253, -5.777652, 0.0
1, 66.588354, 15.379735, 25.33699, 3.721885, 12.048079, -2.70805, 0.0
2, 66.588354, 48.578784, 21.498607, 57.036421, 57.174, 57.036421, 0.0
3, 74.957367, 47.290083, 26.032183, 57.036421, 66.174, 18.982199, 0.0
4, 74.957367, 60.847272, 14.042175, 66.174, 66.301856, 57.568823, 0.0
5, 75.182889, 47.164936, 28.803061, 66.174, 66.588354, 4.152577, 0.0
6, 75.182889, 50.519385, 27.486862, 66.174, 66.601837, 33.470254, 0.0
7, 75.570654, 63.306798, 18.839868, 66.452387, 74.957367, 66.069813, 0.0
8, 86.431965, 67.436117, 11.015237, 66.565354, 74.957367, 66.016073, 23.8
9, 86.431965, 68.326738, 7.842592, 66.515203, 75.182889, 66.174, 23.8
10, 86.431965, 71.407939, 6.961364, 75.076102, 75.570654, 66.182889, 23.8
11, 86.431965, 71.577373, 10.159707, 70.901681, 75.570654, 66.18066, 23.8
12, 86.431965, 73.099097, 14.448065, 70.78745, 86.431965, 66.175479, 23.8
13, 86.431965, 79.651885, 9.369216, 86.431965, 86.431965, 66.39746, 23.8
14, 86.431965, 80.312865, 8.275109, 86.431965, 86.431965, 74.963925, 23.8
15, 86.431965, 74.591485, 21.747294, 86.431965, 86.431965, 68.37163, 23.8
game 6 
gen, best, mean, std, median, q1, q3, life
0, 66.174, 0.602841, 15.365384, -5.750973, 1.365505, -5.777652, 0.0
1, 66.179917, 20.371358, 28.449242, 3.697005, 56.994881, -5.278115, 0.0
2, 75.033853, 62.189864, 11.379689, 66.174, 66.174, 66.038356, 0.0
3, 75.033853, 66.025673, 2.117392, 66.174, 66.179917, 66.174, 0.0
4, 75.588354, 53.920035, 25.375684, 66.174, 66.279688, 59.70074, 0.0
5, 75.588354, 58.455526, 22.498871, 66.284652, 66.634024, 66.189629, 0.0
6, 75.588354, 59.196876, 22.332186, 66.56043, 66.634024, 66.169588, 0.0
7, 75.588354, 60.367133, 23.887643, 66.634024, 75.30712, 66.185226, 0.0
8, 84.536168, 71.319583, 4.826319, 75.25266, 75.558681, 66.541983, 0.0
9, 84.536168, 70.255333, 10.789649, 75.217725, 75.556502, 66.586192, 0.0
10, 84.536168, 66.148221, 19.26034, 75.289578, 75.5839, 66.540524, 0.0
11, 85.352828, 67.654572, 19.846615, 75.44474, 75.592828, 66.612072, 7.6
12, 85.352828, 72.463715, 7.609306, 66.613238, 75.592828, 66.547905, 7.6
13, 85.352828, 72.091064, 8.677136, 66.620113, 75.592828, 66.491663, 7.6
14, 85.352828, 73.903868, 9.183558, 75.559751, 84.536168, 66.477553, 7.6
15, 85.352828, 68.009664, 21.471643, 66.604105, 84.536168, 66.313182, 7.6
game 7 
gen, best, mean, std, median, q1, q3, life
0, 75.296218, 7.871368, 26.585907, -5.731657, 3.23267, -5.777652, 0.0
1, 75.296218, 35.055527, 33.237429, 52.522562, 66.180667, -1.262769, 0.0
2, 75.296218, 54.267286, 28.381035, 66.174, 75.256997, 57.036421, 0.0
3, 75.474547, 59.586747, 23.709994, 70.890267, 75.296218, 57.036421, 0.0
4, 75.474547, 63.74713, 21.216406, 75.296218, 75.296218, 56.991187, 0.4
5, 75.474547, 56.21325, 24.846089, 56.991187, 75.428873, 56.991187, 0.4
6, 75.490612, 66.365906, 17.56241, 75.474547, 75.474547, 56.991187, 0.4
7, 75.490612, 63.022116, 20.961562, 66.634024, 75.474547, 66.161627, 0.4
8, 75.490612, 67.504111, 11.086419, 66.629373, 75.474547, 66.497799, 0.4
9, 75.490612, 66.077504, 16.86271, 66.634024, 75.490612, 66.498742, 0.4
10, 75.498742, 66.088208, 21.410936, 75.490612, 75.490612, 66.585331, 0.4
11, 75.498742, 70.530761, 6.383498, 75.396392, 75.490612, 66.516282, 7.6
12, 75.498742, 67.141829, 17.597278, 75.478547, 75.490612, 66.627047, 7.6
13, 75.498742, 68.190633, 11.439616, 70.78862, 75.497723, 66.252976, 7.6
14, 75.498742, 68.024781, 12.093776, 75.408818, 75.498742, 66.191871, 7.6
15, 75.498742, 65.726097, 19.187544, 75.482547, 75.498742, 66.503858, 7.6
game 8 
gen, best, mean, std, median, q1, q3, life
0, 74.940877, 1.196132, 17.312466, -5.743003, 1.753811, -5.783825, 0.0
1, 86.830654, 28.854666, 31.253782, 12.234809, 57.473318, 3.500842, 22.6
2, 86.830654, 54.952034, 22.893909, 66.174, 66.203942, 56.892977, 22.6
3, 86.830654, 67.999323, 8.836832, 66.174, 75.127736, 66.007939, 22.6
4, 86.830654, 68.398295, 19.406855, 66.381882, 86.434544, 66.174, 22.6
5, 86.830654, 77.744693, 15.009744, 86.830654, 86.830654, 68.740492, 22.6
6, 86.830654, 81.148098, 15.473974, 86.830654, 86.830654, 85.25849, 22.6
7, 86.830654, 81.042019, 14.056787, 86.830654, 86.830654, 85.178041, 22.6
8, 89.350675, 70.413577, 28.942998, 86.830654, 86.830654, 66.174, 52.0
9, 89.350675, 75.776048, 22.12029, 86.830654, 86.830654, 77.736418, 52.0
10, 89.410675, 76.57684, 22.232586, 86.772852, 86.89505, 85.081214, 52.6
11, 89.410675, 68.284502, 31.062889, 85.835317, 87.670654, 52.61119, 52.6
12, 89.410675, 69.603903, 31.156006, 85.276214, 89.350675, 74.886318, 52.6
13, 89.410675, 77.992698, 23.890807, 89.350675, 89.350675, 85.073041, 52.6
14, 89.410675, 75.767877, 26.768358, 88.840665, 89.410675, 77.642642, 52.6
15, 89.410675, 62.073996, 38.13456, 89.350675, 89.410675, 14.715585, 52.6
game 9 
gen, best, mean, std, median, q1, q3, life
0, 75.197882, 2.509978, 20.037313, -5.731721, -2.739341, -5.777652, 0.0
1, 75.197882, 28.903855, 30.855551, 26.405667, 57.036421, -2.70805, 0.0
2, 75.197882, 53.634832, 23.515691, 57.036421, 66.174, 57.036421, 0.0
3, 85.59289, 63.115251, 16.137711, 66.174, 75.197882, 57.036421, 13.0
4, 85.59289, 75.014891, 8.749995, 75.197882, 84.805657, 75.182153, 13.0
5, 85.709573, 80.372614, 7.370145, 85.53289, 85.589573, 75.24505, 14.2
6, 85.709573, 80.621019, 7.844481, 85.589573, 85.592061, 75.224783, 14.2
7, 85.71289, 78.98554, 10.163845, 85.589573, 85.59289, 75.194154, 14.2
8, 85.71289, 79.584583, 7.361448, 85.529573, 85.709573, 75.196376, 14.2
9, 85.71289, 79.777915, 7.173409, 85.561231, 85.709573, 75.205467, 14.2
10, 85.71289, 80.154223, 8.29812, 85.649578, 85.712061, 75.196376, 14.2
11, 85.71289, 78.93532, 8.785926, 85.591231, 85.71289, 75.195619, 14.2
12, 85.71289, 77.251586, 10.686765, 85.589573, 85.71289, 75.178438, 14.2
13, 85.71289, 77.044734, 10.76287, 85.501231, 85.71289, 75.174738, 14.2
14, 85.71289, 80.530042, 8.317896, 85.709573, 85.71289, 75.2086, 14.2
15, 85.71289, 81.413159, 7.106852, 85.709573, 85.71289, 75.250607, 14.2