6.039993609505751176e-02
2.685511066996144613e-01
-1.770466403017260937e-01
4.857614533234905774e-01
-6.629872578358327884e-01
2.488376285659062992e-01
1.630146736891980308e-01
3.397110146995151458e-01
6.063770092134139755e-01
-1.914516000126834094e-02
-1.820216721133729454e-01
6.373763886196687212e-01
1.635235842718285593e-02
-6.397749775462852062e-01
-2.820685813766301009e-01
-4.820740150808757174e-01
-8.284474389222582502e-01
1.644548463603784372e-01
5.903612073082821210e-01
-1.483961606376458242e-01
1.009639483943843619e+00
-1.747699940735810420e-01
5.929163868504282453e-01
8.043230227452454750e-01
-6.391954881767605290e-01
8.515242331750882965e-01
3.396233789997851193e-01
6.848404263499972000e-01
9.321520896895577613e-01
1.614835674791497699e-01
-6.790097440108009419e-01
-9.601818727845573553e-03
-3.378267737755019651e-01
-2.925316656444189659e-03
-2.326736310364478366e-01
8.829290296794236603e-01
3.393674540089696157e-01
3.697394036308525034e-01
-5.399462075430231378e-01
2.463555007057471880e-02
2.967825095088472698e-01
3.437141173028417929e-01
-5.176911967671498083e-01
-3.109197786795386831e-01
8.640354803353496038e-01
-5.920610897614271284e-01
5.650719983273821967e-01
-8.342661201992707110e-02
-8.062317920892780876e-01
6.097648257768779612e-01
7.845753072322387833e-01
4.928646543575775363e-01
-7.155268830352148335e-01
6.411171570361673400e-01
7.673256266416395022e-01
-1.116119835882937866e-01
-5.414781363429034267e-01
-3.395300280873926879e-01
-5.330875735550952288e-02
-5.712810532734780011e-01
-5.411295503587194577e-01
-5.823204451752426181e-01
4.761869143222260958e-01
5.936110677490374909e-01
3.872106883219373907e-01
-7.926369507616743970e-01
6.133797080043694727e-01
-2.191928636512835427e-02
-5.776285538417416099e-01
7.559602928050130899e-01
-4.392120217800210558e-01
4.549874460042107049e-01
5.884779528282146899e-01
-7.908424283188028037e-01
1.207608056690458731e-01
-6.978886687799372712e-01
-2.167175283121931806e-01
4.387941422891311061e-01
-1.706329775231189561e-01
2.388086057378799865e-01
1.233371528276475670e-01
5.269011237571138428e-01
1.384550486385092705e-01
4.299222237287070314e-01
3.932096182844813104e-01
-5.540105325541391235e-01
7.182230191337437564e-01
-5.129752577743069697e-01
-1.094478895046821221e-01
-2.728159285257614197e-01
-6.686687032245294260e-01
8.294091293697593986e-03
-6.751482570652030946e-01
-4.303887558766483767e-01
-8.685538239175343289e-01
2.229790508061277043e-01
4.887008408234996826e-01
-4.193986849056439148e-01
1.319401830960920952e-01
-9.377304422332578132e-03
1.313180464611163334e-01
-3.271650525036533530e-01
-3.964128617119777598e-01
-8.847081099734906973e-01
-5.357342662779744913e-01
1.205038286045005957e-01
2.014544474744930924e-01
-6.774579219245975281e-01
-1.726612682416840683e-02
-1.304788710441070337e-02
7.553152296171394831e-02
4.533027978791482476e-02
4.653446300702079874e-01
-2.126107096969515609e-01
-4.505004213707154426e-01
-6.726200355486749993e-01
-4.897752280050478579e-01
-5.733705289319488418e-01
-3.840551565812448387e-01
9.107459907212021033e-01
3.910504153462222576e-01
2.908417094152543347e-01
9.532762378250216884e-01
5.490614164609063375e-01
7.435484089305721689e-01
7.876366335255122753e-01
-7.079557963600230375e-01
-7.419373525744545894e-01
-4.593590996300315199e-01
7.174070366572338209e-01
-5.426877787054444902e-01
-6.016914939264998985e-01
4.797832524630084999e-02
5.768780339019820014e-01
-2.556073107674974865e-01
3.277584865820003523e-01
2.741667191137163173e-01
-4.631106382421884549e-01
-2.145573304220381172e-01
-1.291185827487520421e-01
1.591690530088435418e-01
-1.911116920017806864e-01
-7.427537054493352220e-03
-6.669220477536216274e-01
-9.426150100906414142e-01
-5.822488848045244414e-02
-4.243939677077406686e-03
-8.014664440947490975e-01
-7.477017934577191438e-01
-1.480442859787014787e-01
-1.689719062869890764e-01
6.931164074599407421e-01
3.678649900622392721e-01
6.423429382841249202e-01
-9.665247931653549174e-02
-4.724225980882392761e-01
-6.671410646377081699e-01
-3.695385788011137373e-01
-8.512179569362640086e-01
6.022488572317262756e-01
4.887623460574684886e-01
-6.519718410081576376e-01
-1.556004530572021316e-01
-7.731229191007134294e-02
2.225325768199801213e-01
-9.054786988296765760e-01
9.248116237718096988e-01
-8.775092780940739468e-02
8.260229005006722858e-01
-4.536825713914721669e-02
1.644179624691213815e-01
2.557485392543957792e-01
-3.213806311500864155e-01
-1.350547857609482039e-01
-4.265773343339711587e-01
-6.311773347521257849e-01
1.021494395663952587e-01
2.528830872895138082e-01
-1.962962706360207310e-01
9.491607478120137054e-02
4.783742849020672372e-01
-1.285050182788923800e-01
-2.232135139332536156e-01
-4.166086303334411156e-02
-6.111173067134654247e-01
3.968847934662259047e-01
-3.075272954808928039e-01
-5.662203906969992540e-01
3.454257061580551236e-01
-2.802379572533246210e-01
6.575208255588316231e-01
1.734674401393998533e-02
-3.862668818575235585e-01
7.070956559929921781e-01
-2.177651184477631952e-01
1.352094974957799289e-01
5.936148819182500702e-01
-1.418528554520007146e-02
5.664117422166538018e-01
1.317773534261287849e-01
9.567326525077421984e-01
8.075347625359674542e-01
-7.285122345634077456e-01
3.890203637148408333e-01
-2.091792948483325865e-02
-3.489561666312617771e-01
-5.812377063741249739e-01
6.226262097552634489e-02
-8.764695304144328736e-01
7.568754896148257583e-01
-4.083193666214134376e-01
5.502029215139985219e-01
6.286419636981734893e-01
3.876790812531734631e-01
-4.760524024055843295e-01
-5.265831902637561068e-01
4.215971456883506052e-01
4.332697623160466915e-01
8.586137414333971929e-02
7.155203949286921272e-01
-7.855086717450040501e-01
2.348128996578184580e-01
-4.022152935136214524e-01
6.426762498763650688e-01
-3.799101592246451609e-01
2.644045043417174723e-01
-4.724822758661729738e-01
8.308305607788527003e-02
-6.515173336939400484e-01
5.314313700530443052e-02
6.996494385333673627e-03
-2.906517536464480259e-02
3.908015259877992142e-01
4.936027219691614953e-01
1.131540219394043534e-01
3.832638438318478613e-01
6.090845566647864473e-01
4.986276829269624400e-02
4.618329938526467005e-01
1.398515905804949555e-01
1.591880532768946699e-01
-3.677374178590042675e-04
-5.936493327741196868e-01
7.576827549675053675e-01
5.196939833891619509e-01
-4.214365550219696388e-01
-5.388008320519209748e-01
-4.441153964739840143e-01
-4.693126536965752660e-01
6.176852100267209433e-01
-7.182346460105148989e-01
-7.716656651677412659e-01
6.415523022694183952e-01
-3.092963206834908885e-02
7.519012927472542573e-01
3.547739510886963599e-01
9.091051048157259284e-01
5.272282130854067939e-01
8.521105096271607282e-01
3.068565426707032806e-01
-7.260110581200462931e-01
-4.428294989366918788e-01
6.598210789734206827e-01
8.569394701167071249e-02
-5.681522180294663604e-01
