1.520114553086306386e-01
3.565312592872088571e-01
3.705912262171278115e-01
9.498257495785225601e-02
7.876257550486838177e-01
2.991335397270099006e-01
8.318542060509581670e-01
2.475540615973644554e-01
3.368577777736687096e-01
4.020001637062525779e-01
1.181242634796278168e-01
2.664070426429609451e-01
-2.678009705880255442e-01
-3.610293759230020494e-01
-7.524813633019463710e-01
-6.049002678409397260e-02
-9.018592826859459510e-01
-1.145806674503204448e-01
5.512721197660646055e-01
-3.589585437269730006e-01
1.730626053006636411e-01
-3.606459964693995435e-01
1.838581007278368151e-01
4.665849567225612282e-01
3.336644650013185220e-01
-4.897366886860203827e-01
1.165164305102586867e-01
1.608003870671893543e-01
-1.572021446509171416e-01
-1.341345921698262889e-02
4.704201276511577601e-01
-2.465347897342508587e-01
6.629101144450403327e-01
1.046911144429464591e-01
-5.663657460971538438e-01
6.310248641394075042e-01
2.499335941455862464e-01
4.661145396543031616e-01
-5.450656960313930988e-01
-2.450215668322424378e-01
4.418951745817696342e-01
6.370539877048266852e-01
-3.493398396792548599e-01
1.410617362418160325e-01
5.407829699487286534e-01
9.615501267939355334e-02
6.667174759763881964e-01
2.697112121309737653e-01
7.071591243975076102e-01
-3.653140082740813366e-01
8.709698649345645194e-01
4.314591127349641508e-02
1.496537706328607276e-01
-2.947645259680251595e-01
1.996509978401748639e-02
-5.980032576856384452e-01
5.444084890703754231e-01
2.215209055595574461e-01
1.928317525793971088e-01
-8.320371436878376548e-01
2.954042966794058131e-02
2.560891955334493875e-01
-1.778212377491408536e-01
-7.101419074390622477e-01
7.094468340457229516e-01
-5.000525825420957249e-01
-7.226109063126524845e-02
-1.466065029965612498e-01
1.153850605623553960e-01
-3.800333803309949299e-01
-3.595649722332319165e-01
-1.073450676805909887e-01
5.882726957468724649e-01
-1.954295789725064014e-01
2.411298284392093261e-01
-6.572745257599899027e-01
3.748732116030871475e-02
-3.713215635779709145e-01
8.516041337595579019e-01
3.319762889466902345e-01
2.106937708253068531e-01
5.950277028637670496e-01
1.474439000879967376e-01
-2.247956680678820096e-01
1.650059995622916720e-01
8.933087566305020211e-01
-7.809876860306872934e-03
7.426471142891060140e-01
1.990756104333491483e-01
-3.476017664825546694e-02
2.149458143674160548e-01
-1.228418085956989314e-01
-7.275330173588570037e-01
-4.560603020864869572e-01
2.573539977393858869e-01
-6.633442216571439412e-03
-3.770882498274567007e-01
2.137524345349470570e-02
-2.220163953254097877e-01
-1.963715258261106711e-01
-5.986601510840953155e-01
2.779244083484070371e-01
7.078744714787557624e-02
-2.445083424609291733e-01
-4.397836369185456062e-01
4.403863562272738313e-02
-1.782715223204930921e-02
1.701711697612086072e-01
-7.074832828692020903e-03
5.964558538166090385e-01
3.147243613442139432e-01
-6.504960630815943556e-01
4.237666896984702003e-01
-4.685176474945041553e-02
3.481755380382747234e-01
1.634910284382269097e-01
3.703531416824357159e-01
-4.077481994842164226e-01
3.973366970531368447e-01
1.399826866224341271e-01
-2.463898141131111441e-02
5.329253108206568473e-02
4.454782380150077437e-01
7.537410690514729783e-01
-3.440133899045838550e-01
-3.500088349776107055e-01
5.376403871340584839e-01
-4.563891853633271767e-01
-7.515485437450768469e-01
4.700441333110288999e-01
3.487126977586153531e-01
-5.574641269419893241e-01
-2.260924873483535769e-02
1.308808151006675136e-01
1.372139687518896065e-03
-6.606548807780272536e-01
3.946285818748038188e-01
2.585942515967442623e-01
2.665030660631902970e-01
-6.000026055023528482e-01
7.088615561138793542e-01
-1.761323958267293696e-02
-6.840589931587191808e-02
-5.770956832011681081e-01
-6.350464598087927071e-01
-6.366312069878704571e-01
-2.409868578121912019e-01
-7.537901924702731238e-01
-1.867213796825516539e-02
-2.196836833428993663e-01
4.829844696932273362e-01
4.963332741845682961e-01
2.973743155621112466e-01
6.354166721191304434e-01
-5.375747709169049759e-01
-4.305316542584048389e-01
-4.853952874411088247e-01
-3.831425734148466988e-01
-9.157438940778247494e-01
1.034335878822053429e-04
-1.052061735716777469e-01
2.201562804840344334e-01
3.342153856253821664e-01
-5.436355828878913776e-02
2.862874015722863819e-01
-7.195652056155681098e-02
-1.700547808539722983e-01
4.572052370133785626e-01
-3.550197063049836954e-02
1.756016556003019424e-01
4.048547984477616768e-01
4.569543175690915504e-03
-8.362979631667841751e-01
-4.979902759640009169e-02
5.038917109302325503e-01
-2.140443067626325857e-01
-2.873100602836866635e-01
4.949521399702664359e-01
7.224404246854981837e-02
4.620870935444294503e-01
4.746437220238687305e-01
2.699365001150310639e-01
3.267672057538016928e-01
-9.458115297656795040e-01
-2.681852382739458029e-01
-4.554785819804885172e-02
-5.633948860812604265e-01
3.031614325970752311e-01
-3.515628383592527273e-01
-7.345930187155909064e-01
-2.907573137442919231e-01
4.799553183361097153e-01
-2.545751243897161897e-01
-7.756538282814473551e-02
5.800318886068303037e-01
-7.364353291075078634e-01
5.363869896420352806e-02
-5.564449706224523506e-01
-8.241459175934742754e-02
-1.864242682642157922e-01
-5.370837135412933616e-01
7.034358812015826246e-01
-6.406501151338113154e-01
3.879624050280948699e-01
2.699232575572114712e-01
-3.907806648899141422e-01
-7.575512903660941433e-01
-6.864531946858957179e-01
6.838556811004206648e-02
3.142834611055987937e-01
-2.316077337520703605e-01
5.950127333054719969e-01
4.081628619369896682e-02
3.648235674074329360e-01
2.638788954551100630e-01
6.917717118222055372e-01
8.071602106197693915e-01
-5.304549328160115262e-01
3.268063055603037115e-01
4.486178289367760419e-01
-4.573856193267408776e-01
6.512707560628476777e-01
1.755523907170647990e-01
4.770779117349692733e-01
-1.904331336530284968e-02
-1.257740249249249820e-01
-4.107354870360073462e-02
-8.140970636844539754e-02
-9.336108785418226197e-03
5.744880659383753974e-02
1.546345251554983591e-01
1.876922616094710561e-01
1.693704244743134413e-01
-2.765501216400966245e-01
2.018701155130729896e-01
-5.711471046087009951e-01
1.090867368276539906e-01
5.620468840752870232e-01
3.583213861593925187e-01
-1.237795118180821594e-02
7.324927135529915034e-01
1.791395771864145170e-01
2.341810883591144421e-02
1.210989323933252607e-02
2.933513771890960409e-01
-5.668431798928115321e-03
-2.494670324589428057e-01
6.108901846567227345e-01
-4.020505830280947657e-01
2.956056477866189636e-01
2.692421834597599206e-01
1.402470176326003903e-01
8.273027285336589376e-01
-1.878511777937615923e-01
1.797903529555459068e-01
4.380680740066986711e-01
8.641889848661292728e-01
-3.012016597543737406e-02
8.458798671072802478e-01
1.468277696324946091e-01
-8.013703685029844870e-01
-5.807444823511939136e-01
4.433264405702246336e-01
-3.155219275420001468e-01
5.676073426987365833e-01
