1.520114553086306108e-01
3.565312592872088571e-01
3.705912262171278115e-01
9.498257495785225601e-02
7.876257550486838177e-01
2.991335397270098451e-01
0.000000000000000000e+00
2.475540615973644554e-01
3.368577777736687096e-01
4.020001637062524669e-01
1.181242634796278168e-01
9.098008609273891545e-02
-2.678009705880254887e-01
-3.610293759230020494e-01
-7.524813633019463710e-01
-4.716679698536303811e-02
-9.018592826859459510e-01
-5.783658906034347402e-02
5.512721197660646055e-01
-3.589585437269730006e-01
1.648648722979011716e-01
-3.606459964693995435e-01
1.838581007278368151e-01
4.458575148239883879e-01
3.336644650013185220e-01
-4.897366886860204938e-01
5.133513698731002883e-02
1.608003870671893543e-01
-1.572021446509171416e-01
-1.341345921698262889e-02
4.704201276511577046e-01
-2.465347897342508865e-01
6.629101144450404437e-01
1.046911144429464591e-01
-1.191020674096083254e-01
5.656494658820507837e-01
2.499335941455862464e-01
4.661145396543032171e-01
-5.450656960313930988e-01
-2.450215668322424101e-01
4.418951745817697452e-01
6.370539877048267963e-01
-3.493398396792548599e-01
1.410617362418160048e-01
5.407829699487285424e-01
9.615501267939355334e-02
6.667174759763880854e-01
2.697112121309737653e-01
7.071591243975076102e-01
-3.653140082740813366e-01
8.709698649345645194e-01
4.314591127349641508e-02
1.496537706328607276e-01
-1.331410157980827957e-01
1.996509978401748986e-02
-5.980032576856384452e-01
5.444084890703754231e-01
8.909555634546070801e-02
1.928317525793971088e-01
-8.320371436878376548e-01
2.954042966794058478e-02
2.560891955334493875e-01
-1.778212377491408536e-01
-7.101419074390622477e-01
7.094468340457229516e-01
0.000000000000000000e+00
-7.226109063126523457e-02
-1.466065029965612498e-01
1.153850605623553960e-01
-3.800333803309949299e-01
-7.478371867690364327e-02
-5.846282972960110957e-02
2.938521575262809105e-01
-1.954295789725064014e-01
2.411298284392092706e-01
-6.572745257599899027e-01
3.748732116030871475e-02
-3.713215635779709145e-01
8.516041337595576799e-01
3.319762889466902900e-01
2.106937708253068808e-01
0.000000000000000000e+00
1.474439000879967376e-01
0.000000000000000000e+00
1.458457761054350876e-01
8.933087566305020211e-01
-7.809876860306874669e-03
7.426471142891060140e-01
1.990756104333491483e-01
-3.476017664825546694e-02
2.149458143674160548e-01
-1.228418085956989314e-01
-7.275330173588570037e-01
-4.560603020864869572e-01
2.573539977393858869e-01
-6.633442216571439412e-03
-3.770882498274567007e-01
2.137524345349470917e-02
-2.220163953254097877e-01
-1.963715258261106988e-01
-5.986601510840953155e-01
2.779244083484070371e-01
7.078744714787557624e-02
-2.445083424609291733e-01
-2.500317409307785677e-01
4.403863562272738313e-02
-1.782715223204930921e-02
1.701711697612086072e-01
0.000000000000000000e+00
5.964558538166090385e-01
3.147243613442139987e-01
-6.504960630815943556e-01
4.237666896984702003e-01
0.000000000000000000e+00
0.000000000000000000e+00
1.634910284382269097e-01
3.703531416824357159e-01
-4.077481994842164781e-01
3.973366970531367892e-01
1.399826866224341271e-01
-9.662004638220977881e-03
5.329253108206568473e-02
4.454782380150077437e-01
0.000000000000000000e+00
-3.440133899045838550e-01
-3.500088349776107055e-01
3.173342036848103009e-01
0.000000000000000000e+00
-3.719830976479769902e-01
4.700441333110288999e-01
3.487126977586153531e-01
-5.574641269419893241e-01
-2.260924873483535769e-02
1.308808151006675136e-01
4.206824343868141927e-03
-6.606548807780272536e-01
3.946285818748038188e-01
2.585942515967442623e-01
2.665030660631902970e-01
-6.000026055023529592e-01
7.088615561138793542e-01
-9.357261895512484010e-03
-6.840589931587191808e-02
0.000000000000000000e+00
-6.350464598087927071e-01
-6.366312069878704571e-01
-2.409868578121912019e-01
-7.537901924702731238e-01
-9.745336137696191531e-03
-2.196836833428993940e-01
4.829844696932273918e-01
4.963332741845682405e-01
2.973743155621112466e-01
6.354166721191304434e-01
-5.375747709169049759e-01
-4.305316542584047834e-01
-4.853952874411088247e-01
-3.831425734148466988e-01
-9.157438940778248604e-01
1.034335878822053429e-04
-1.052061735716777469e-01
2.201562804840344334e-01
3.342153856253821664e-01
-5.436355828878913776e-02
2.862874015722863819e-01
-7.195652056155682486e-02
-1.700547808539722983e-01
4.572052370133785626e-01
-3.550197063049836954e-02
1.756016556003019702e-01
1.662852631373933909e-01
4.569543175690914637e-03
-8.362979631667840641e-01
-4.979902759640009169e-02
5.038917109302324393e-01
-9.734578633451673735e-02
-2.873100602836866635e-01
4.949521399702664359e-01
7.224404246854980449e-02
4.620870935444294503e-01
4.746437220238687305e-01
2.699365001150310639e-01
1.356127130632232003e-01
-9.458115297656795040e-01
-2.681852382739458029e-01
0.000000000000000000e+00
-5.633948860812604265e-01
3.031614325970752311e-01
-3.515628383592527273e-01
-7.345930187155909064e-01
-2.907573137442919231e-01
4.799553183361097153e-01
8.069057126550642778e-01
-7.756538282814473551e-02
5.800318886068303037e-01
-7.364353291075078634e-01
5.363869896420352806e-02
-5.564449706224523506e-01
-8.241459175934742754e-02
-1.864242682642158200e-01
-5.370837135412933616e-01
4.771531805270190496e-01
-6.406501151338113154e-01
3.879624050280948699e-01
2.699232575572114712e-01
-3.907806648899141422e-01
-7.575512903660941433e-01
-6.864531946858956069e-01
6.838556811004206648e-02
3.126969547994777887e-01
-2.316077337520703328e-01
0.000000000000000000e+00
4.081628619369896682e-02
7.086106600517100285e-02
7.316593616879318862e-02
6.917717118222053152e-01
3.937869575306539582e-01
-5.304549328160115262e-01
3.268063055603037670e-01
3.104105273161691381e-01
-4.573856193267409331e-01
6.512707560628476777e-01
1.755523907170647990e-01
4.770779117349693843e-01
-1.904331336530285315e-02
-1.257740249249249820e-01
-4.212687586066068274e-02
-8.140970636844539754e-02
-9.336108785418226197e-03
5.744880659383753280e-02
8.482724924706085134e-02
1.876922616094710561e-01
1.693704244743134413e-01
-2.765501216400966245e-01
2.018701155130729896e-01
-5.711471046087009951e-01
1.090867368276539906e-01
5.620468840752871342e-01
0.000000000000000000e+00
-1.237795118180821594e-02
7.324927135529915034e-01
1.768897146862912773e-01
2.341810883591144421e-02
1.210989323933252607e-02
2.933513771890960409e-01
-1.129156254178525706e-02
-2.494670324589428057e-01
6.108901846567227345e-01
-4.020505830280948212e-01
2.956056477866189081e-01
2.692421834597599206e-01
1.402470176326003903e-01
0.000000000000000000e+00
-1.878511777937615923e-01
1.797903529555459068e-01
4.380680740066986711e-01
8.641889848661292728e-01
-3.012016597543737406e-02
0.000000000000000000e+00
1.468277696324946091e-01
-8.013703685029844870e-01
-5.807444823511940246e-01
0.000000000000000000e+00
-3.155219275420001468e-01
5.676073426987365833e-01
