0.000000000000000000e+00
3.737350596497611144e-01
6.273853512942780819e-01
9.115918329099503836e-02
4.454489839792104000e-01
3.007015176509130194e-01
8.344481446088383159e-01
2.628677540758662112e-01
3.711411492088484421e-01
7.470029863526892466e-01
1.053327775457501975e-01
2.819919301954862401e-01
-5.371188719275155760e-02
-3.362780049779918734e-01
-7.651762605636531767e-01
-7.164138954318315100e-02
-9.018572310490970967e-01
-1.614261173695102636e-01
7.391898948128856617e-01
-3.553236270511300754e-01
7.062494173508001571e-01
-3.591489326877609356e-01
1.921092057341340364e-01
4.631944008773701826e-01
8.908703009688516694e-01
-2.726894924793660593e-03
7.513661473451620498e-01
1.818439395932520131e-01
-8.073126475420122627e-02
-9.552127320301187149e-03
4.390235481736449730e-01
-2.242064508502857878e-01
6.524667326629183250e-01
1.061507088563826695e-01
-5.639723355884497247e-01
8.283233360691927283e-01
6.041667025546154646e-01
6.030518473536868873e-01
-6.044933922113479019e-01
-2.591569895723025430e-01
5.817118335621351832e-01
6.383213287514819534e-01
-4.147497802827442848e-01
2.656170824042719536e-02
5.558569070190136907e-01
1.074082710675964142e-01
6.853616418070321847e-01
4.076038736695557496e-01
8.246226276953407819e-01
8.124449377926881155e-01
8.807947581728325925e-01
1.139721100701751935e-02
-1.018714038289545987e-01
-2.947927118169255123e-01
0.000000000000000000e+00
-6.641589893835542213e-01
5.374285744457624192e-01
9.944066260921408107e-02
2.153591851455204653e-01
-8.173240157411452156e-01
3.859871648186810611e-03
0.000000000000000000e+00
-7.187555011290179818e-01
-7.023273472099991199e-01
7.196963691832698462e-01
-5.203832575812858963e-01
5.702306570245468942e-01
7.625890860135055016e-01
0.000000000000000000e+00
-1.864700951506013948e-01
-4.591421327292427579e-01
-1.330565834574320982e-02
6.055026794539029034e-01
-2.234287532649525954e-01
2.137648800673898064e-01
-8.341872409724859772e-01
9.742764639139404881e-02
-5.466714278897407686e-01
9.347187035242896513e-01
3.173744140468585662e-01
8.664617753654066390e-02
5.998880936257924290e-01
3.170410978544965230e-01
-2.442406167692159347e-01
6.826259531751094345e-02
8.930331599270654452e-01
-2.270346431826078537e-02
7.623973157835557402e-01
2.348803826935224048e-01
-3.128845415349133519e-01
8.209170292572535998e-02
-4.361633952280206256e-02
-7.390472913499657182e-01
-4.449197376060536335e-01
2.490473495355461087e-01
-5.746587268900016018e-03
-3.780946827365967433e-01
0.000000000000000000e+00
-2.218241744329207954e-01
-6.644489021008626040e-02
-6.260330553744981597e-01
2.848346598332496260e-01
3.539821877562866759e-02
-8.687551503728757618e-02
-4.338950157505565564e-01
4.374391673500160199e-02
-7.959573408173517550e-02
-2.069176961674089044e-01
0.000000000000000000e+00
6.414099968553759190e-01
3.253265116894302200e-01
-7.588470373232850674e-01
4.420118477694641723e-01
-4.711065946135858246e-02
3.471142365614481862e-01
5.511252577937130609e-02
-3.954136507010341112e-02
-5.695825667397549363e-01
3.979987412612118747e-01
1.757073345891692340e-01
4.159543337696877119e-01
4.043605592254222447e-01
4.359927592967362542e-01
8.144831033573242118e-01
5.035346226623462762e-01
-3.476324765883300194e-01
1.644240244429370224e-01
-4.231906805980809039e-01
-7.844577911436030337e-01
5.469712199087575222e-01
3.432600421506941668e-01
-5.630033564898317966e-01
2.680953554962413332e-02
2.368735164153136785e-01
9.646003331333430353e-02
-7.635895228228599674e-01
2.597887795448964310e-01
3.434788456761341813e-01
2.672417994990257117e-01
-6.108952371119555913e-01
7.097016206502597679e-01
-1.587277697831310577e-02
-3.639924873591351973e-02
-5.450656839983366586e-01
-6.373826561016233683e-01
-2.283600242748178577e-01
-2.475348209128921950e-01
-7.860052409921324257e-01
-2.827321368266362822e-01
-1.930622959703423569e-01
4.893916812158594642e-01
5.318748443398195747e-01
5.670691590255659831e-01
6.353592509277518063e-01
-4.161548397620618012e-01
-3.542782319200308283e-01
-4.788773409593326535e-01
-3.833045250582838293e-01
-9.158562932342897422e-01
0.000000000000000000e+00
1.173143604559810649e-01
2.922773562612837606e-01
3.799416074372743979e-01
-4.819683437172122414e-02
2.968048945078554657e-01
-7.194525884932304050e-02
-1.737176256080323333e-01
5.555998966157982277e-01
0.000000000000000000e+00
-1.983396857820272641e-01
3.555658283799912889e-01
0.000000000000000000e+00
-8.381684265385498378e-01
-6.073535346803084212e-02
5.153204545387555235e-01
-2.168676365650586968e-01
2.698796948125103262e-02
5.207823368878983228e-01
7.275662495689538822e-02
5.219922506128098494e-01
4.762480984830101960e-01
2.570397270547453150e-01
3.216856335604316719e-01
-9.652757928871367188e-01
-3.352916165076036403e-01
-3.634131693428874210e-02
-5.652253983951692762e-01
3.795116577681781345e-01
-3.502752988512897736e-01
-7.044000393855442965e-01
-2.060229173953753712e-01
6.426054482503092968e-01
-2.659344199452756130e-01
-4.796091734455925487e-02
5.300290151582789377e-01
-7.304657554903157823e-01
-7.904418480253458390e-03
-4.611637671305920394e-01
-8.490445038604491068e-02
-6.350604700323911334e-02
-5.272210883631027745e-01
7.058313789794546933e-01
-7.790666716986516249e-01
3.866119339654648379e-01
1.141800103027068719e-01
-4.192079408820181263e-01
-8.993129615259631837e-01
-6.757381097172956430e-01
5.604548601463749113e-02
6.862327376051978733e-01
0.000000000000000000e+00
5.980448017351190915e-01
1.562954330140665536e-03
3.210317019641374947e-01
1.329595569499547880e-01
6.964521694560696918e-01
8.287560751881175580e-01
-5.843041659547426603e-01
2.616566022281944237e-01
5.110141865924899829e-01
-4.735207663315973425e-01
5.022496632527732041e-01
1.782082086437839497e-01
4.225032371681526344e-01
2.565496225397520536e-01
5.947363913133635327e-03
-1.190978755254784582e-01
-8.885332400392931262e-02
2.862842072244003444e-01
5.573789090016056935e-02
2.512896905127300351e-01
1.181608277832407183e-01
2.659913815997221320e-01
-2.770513801403941545e-01
2.017913657577228015e-01
-5.294224334940659249e-01
2.023832696318745850e-01
3.689160286599295069e-01
2.990034590999245401e-01
2.621666002725254411e-03
1.514283589487346315e-01
0.000000000000000000e+00
-6.688891649055012101e-01
6.878100457024402536e-03
2.941830998315227430e-01
-1.504277976634694862e-02
-3.479514383872959193e-01
5.742440053537709588e-01
-4.987304654646584900e-01
6.289676119663589748e-01
2.685832477722769895e-01
8.863275104775161783e-02
8.389073105275888231e-01
-6.936469417986471098e-02
4.028682699143006918e-01
4.656257202798627093e-01
9.071802945058993206e-01
0.000000000000000000e+00
9.461180500982933061e-01
1.385999994528148149e-01
-7.709413829058713308e-01
-6.530624986072115501e-01
4.609196969822382250e-01
-3.452968685018855122e-01
3.127576454042227394e-01
