8.725643791747241806e-01
0.000000000000000000e+00
-8.757041443257631563e-01
6.811568776364955724e-01
8.637795768516542960e-01
-5.994783219287791454e-02
-3.666665066841217069e-01
-4.089873378303192641e-01
-9.164616989074902964e-01
-6.040330773281887833e-01
4.519230397259628162e-01
-7.039930863178345266e-01
5.180503681204071675e-01
-5.192082233236867683e-01
5.671831909289750673e-01
3.450959355821385799e-01
1.000000000000000000e+00
-8.845196903257799281e-01
-2.669097729133487196e-01
1.160866054180260676e-01
-6.810337505833823357e-01
8.805820733688709545e-01
-7.888198180946808247e-01
0.000000000000000000e+00
-6.246642058505718076e-01
1.174647997234521402e-01
7.725405733602146441e-01
-6.068379903456442293e-01
0.000000000000000000e+00
0.000000000000000000e+00
0.000000000000000000e+00
-3.266907251617179320e-02
-7.378969874882816971e-01
6.880395175588389645e-01
0.000000000000000000e+00
-4.396933677633940718e-03
0.000000000000000000e+00
0.000000000000000000e+00
0.000000000000000000e+00
0.000000000000000000e+00
0.000000000000000000e+00
4.523937986883128648e-01
0.000000000000000000e+00
9.292508849160365791e-01
8.629560804022562426e-01
-4.809149411056674595e-01
-9.655733098405889780e-01
-1.825991939024338429e-01
2.355303774020205410e-01
-4.719805930949390049e-01
0.000000000000000000e+00
-6.620351516323372820e-01
0.000000000000000000e+00
1.877598085233813663e-01
0.000000000000000000e+00
-7.112433618802669333e-01
0.000000000000000000e+00
-6.922138184666792871e-01
-3.830344555372384718e-01
-5.468631720102381522e-01
-9.365542773539932142e-01
1.000000000000000000e+00
-7.397410538758211196e-01
-2.180284040092186348e-01
2.313624077937976864e-01
9.753366327783588030e-01
-8.168748939896526284e-01
-3.865315702619400717e-01
2.881955411802961109e-02
8.260923076133133147e-01
6.869016264952068074e-01
2.993178088643762003e-01
0.000000000000000000e+00
-4.481702081176184294e-01
0.000000000000000000e+00
-3.654526662643000634e-01
1.281338171428179074e-01
1.000000000000000000e+00
0.000000000000000000e+00
1.441291799876975865e-01
0.000000000000000000e+00
9.928868063364064689e-01
0.000000000000000000e+00
1.000000000000000000e+00
-8.030408348516067107e-01
0.000000000000000000e+00
4.232669585842991911e-01
0.000000000000000000e+00
0.000000000000000000e+00
6.846979546374791781e-01
2.200561798547249204e-01
-8.804580460098883066e-01
1.000000000000000000e+00
0.000000000000000000e+00
5.268461781447055792e-01
-2.717867252856651650e-01
0.000000000000000000e+00
4.181222326754290286e-01
-4.752811429946348643e-01
-2.806103945252407250e-01
3.476754024704822310e-01
4.672811436008883490e-01
-7.008117867948193691e-01
5.450892364130519585e-01
-5.531931251906920810e-01
-9.102238220748291031e-01
0.000000000000000000e+00
0.000000000000000000e+00
0.000000000000000000e+00
7.738657569530804636e-02
-5.127245076863744533e-01
2.866855089738757911e-01
0.000000000000000000e+00
-4.195905945337587983e-01
0.000000000000000000e+00
-7.847391704870774198e-01
-5.908362227001302536e-01
7.373597151640629566e-01
5.027058058894078307e-01
-6.080767193026006545e-01
0.000000000000000000e+00
-4.813421072614167961e-01
1.233461270696263323e-01
-9.056427318680875249e-01
-9.250717087110471581e-01
-9.556969214849169170e-01
-2.274411811539716055e-01
-7.294536244140890080e-01
0.000000000000000000e+00
-5.925121350354145555e-01
1.988264524788128096e-01
2.161712483144171415e-01
-3.498531440632506317e-01
7.752647634394780329e-01
-6.704553692099259887e-01
1.000000000000000000e+00
-4.686423317243395559e-01
3.460533406706187698e-01
9.805747645175129090e-01
9.462362983562133678e-01
-6.812754186604597084e-01
-1.155853867819178760e-01
8.997116236472069151e-01
9.612229159820284696e-01
-3.142708109402720940e-01
-5.732906723739739085e-01
7.526294989477932962e-01
5.598930318519514948e-01
7.221820994216630041e-01
8.593782732849584161e-01
8.065871864864195828e-01
5.100509149038017220e-01
7.187095775749985371e-01
0.000000000000000000e+00
-8.654956398975686138e-01
0.000000000000000000e+00
-2.192669963853477455e-02
6.023282930457343198e-01
6.529263467633883433e-01
3.234813764428290384e-01
2.500220103254080506e-02
0.000000000000000000e+00
1.343098328591367796e-01
-5.459265516133411378e-01
0.000000000000000000e+00
0.000000000000000000e+00
9.543975794430759052e-02
-5.669024743302912839e-01
8.169011320667898257e-01
0.000000000000000000e+00
-1.501783299314811693e-01
8.355789107878741628e-01
-4.296317463233505496e-01
9.949270202255586781e-01
1.351083124434169225e-01
6.503967471562752678e-01
0.000000000000000000e+00
-3.762586270773393693e-02
9.102857431321593751e-01
0.000000000000000000e+00
-2.894927105084368346e-01
-5.671765376220279098e-01
1.854960211879923548e-01
3.942364562869313804e-01
5.559848580801882711e-01
-7.206430429684098637e-01
0.000000000000000000e+00
-4.495712834709881811e-01
-8.367394792229732037e-01
9.509119548445372772e-01
5.411050157974899300e-01
-8.153363990475936962e-01
-2.230666973858352886e-01
-2.118050538515969805e-02
1.835322053479044868e-01
8.533467901524833810e-01
-3.863961572176612957e-01
-6.376336549488965666e-01
1.000000000000000000e+00
0.000000000000000000e+00
4.602285282382510001e-01
5.582408899733715124e-02
0.000000000000000000e+00
-2.946792508301798730e-01
-4.647891715583107874e-02
-9.099324971983735466e-03
-5.131964077549917569e-01
0.000000000000000000e+00
1.547830927569913140e-01
-9.443750736725784467e-01
-6.251903922735735364e-01
3.034571141833812824e-01
-1.127412577751092382e-01
5.566476628622620826e-01
-7.531160645234786788e-01
7.674817527904291836e-01
0.000000000000000000e+00
0.000000000000000000e+00
0.000000000000000000e+00
0.000000000000000000e+00
4.367268138767503860e-01
-1.599952592792035500e-01
0.000000000000000000e+00
7.100199740840349438e-01
-3.391213670799535507e-01
4.267977196434877829e-01
-2.746268230954156397e-01
2.126127454355883906e-01
0.000000000000000000e+00
-1.730220995379501137e-01
-8.210814467629392599e-01
-3.706350799095869952e-01
1.621940941435295880e-01
0.000000000000000000e+00
4.778042955479719911e-01
8.951635422160713063e-01
0.000000000000000000e+00
-1.750931913176290156e-01
0.000000000000000000e+00
0.000000000000000000e+00
0.000000000000000000e+00
8.554900082022718344e-01
4.812571711407163111e-01
-1.267046168803362960e-01
9.813625303653608078e-01
5.641667682868534150e-02
-6.126833525005686010e-01
9.952930686702659013e-01
-3.916430938442916343e-02
-1.663836040873059030e-01
-8.503601150224904259e-02
5.698450699420369858e-01
7.032338415487429106e-01
6.223818817537316583e-01
4.944224269401789051e-01
-1.921802903623626158e-02
0.000000000000000000e+00
6.353340761077492793e-01
0.000000000000000000e+00
-7.658855836470910283e-01
-9.177567741434473625e-01
0.000000000000000000e+00
5.244780339789181234e-01
0.000000000000000000e+00
1.000000000000000000e+00
