-8.428739316198332610e-01
-1.741068529413447585e-01
-8.007756648179804593e-01
-2.935300364703474774e-01
-4.140762402278763687e-02
-4.867195676359670209e-02
-3.850738011761183355e-01
2.039696019142638317e-01
7.198861957565161340e-01
-8.683817804323794576e-01
-5.634902032271726924e-01
1.724275973468576417e-01
6.501228134512775370e-01
7.821976079170369633e-01
-6.048952208328619573e-01
-1.214598789667187262e-02
6.043762951420272866e-01
-7.314153491855575062e-01
4.003040944690141600e-01
-8.036948912061747663e-01
6.931042816460355471e-01
-9.880758222328358542e-01
-2.357973415921037486e-01
1.890048786286031568e-01
-3.967632517030776906e-01
3.544137369790172354e-01
-9.653450015319640087e-01
-4.829064665464222195e-02
3.406177600176314435e-01
-6.090028907843210160e-01
5.580280929788017374e-02
4.907275157771560092e-01
7.776814105108971198e-01
-3.086686373657543392e-02
-2.665453626026204059e-01
9.706318758703669225e-02
-4.035607755558570098e-01
7.223442259235031138e-01
-4.779922977760326930e-01
-3.914100208618933596e-01
7.467803667144812252e-02
6.824313173050600145e-01
8.471434812364075917e-02
-4.803940721877208997e-01
-6.016261434539509345e-01
-5.112702328645193361e-01
-2.960929453247362897e-01
1.278050497712635014e-01
-2.196446052079163991e-01
-2.230295741463974579e-01
3.404171588046061014e-01
-4.399928649083728605e-01
-3.923552116485440333e-01
-6.972572904566338714e-01
-1.168012610419908448e-01
4.163304246728867231e-01
-6.781203416534518080e-01
5.878121771182893696e-01
4.381511477833077706e-02
-3.424434012763486468e-01
-7.348307900318782337e-01
-7.564474223237962480e-01
3.765814257556625577e-01
-1.946951269409231688e-01
-1.266276112951432165e-01
8.766723262306190811e-01
6.531101629494051597e-01
9.495734616505568937e-01
-7.579458424421792184e-01
7.098742530582045074e-01
-4.750314222635438899e-01
6.448065000649698675e-01
-8.923065953874191880e-01
3.495561055704352604e-01
5.204901736963558623e-01
6.794072647325215542e-01
-2.988871001689465956e-01
1.464369283149680179e-02
-9.298762500712791645e-01
6.772909578695203159e-01
-1.691091008823308872e-01
1.976735334011145984e-01
4.279097577689183751e-01
-4.500996057769401926e-01
8.939051684103105355e-01
-4.036310365921558230e-01
2.233462597977193820e-01
4.008220314682497953e-01
-6.211279933133138087e-01
-8.841124124048360677e-02
-9.709562868683150327e-01
6.784782106946578573e-01
9.584188075987061239e-01
-4.344606164549282834e-01
2.336163808874580639e-01
9.174356937076180163e-01
4.701986764486321135e-02
-5.862407482055476127e-01
-1.661892970879867981e-01
-4.608039349945380891e-02
9.116623681296274206e-01
-4.162993608104177401e-01
-7.745955157391504198e-01
1.486497523497014583e-01
-1.526993990006513258e-01
9.664217042114424672e-01
4.067596278363141415e-01
1.721822784330657718e-01
-5.481341827719925508e-01
2.691925450567855815e-01
-7.762579048682445304e-01
-8.920963763855942474e-01
9.857243603368832652e-01
3.652430096699932349e-01
-4.441612654855580100e-01
6.848511160990011781e-01
-1.556035569733578150e-01
4.292339756213454649e-01
1.779673320109147472e-01
7.268261555036286126e-01
-1.851144647154625567e-01
7.091192652461648649e-01
-6.365243545204695153e-01
-5.206659679988840939e-01
-9.914452584301560734e-01
6.469229409798611385e-01
7.214458292712160326e-01
-6.227301549626689248e-01
-6.015952389960577129e-02
-4.022256309133971364e-01
-2.215389119608717206e-01
-6.054211240653240012e-01
-9.814280307875586917e-01
-5.555939014397648368e-01
-9.619573423679323998e-01
-2.573903371952535046e-01
-4.379052287389950671e-01
-8.967130489084857992e-01
-3.310596593267374210e-01
-5.335254237422772938e-01
-8.850180439410657574e-01
-3.065609972563869690e-01
2.012956312859988106e-01
7.009514032768675573e-01
2.635742146729689317e-01
-2.124275572709817261e-01
9.827402865444285762e-01
-8.932393627888868259e-01
7.661915090813422591e-01
7.249580276516867094e-01
8.500878887546774454e-01
1.842571334900109381e-01
-7.014679638596321709e-01
-6.050581742465339641e-01
6.588939656320591531e-01
6.607612311431250163e-01
-3.051496558169282114e-01
4.722717593997090013e-01
1.319948464580829040e-01
2.576629331156996550e-01
-2.126701875520786711e-01
9.622448302841843937e-01
9.893875763841286641e-01
1.380102388492707721e-01
-7.076880116319661518e-01
7.302974654299536628e-01
9.083029597323619697e-01
-1.255208760159123305e-01
-2.313793389101532760e-01
-7.198336614403710865e-01
-4.015608925115925487e-01
-7.774601430898508969e-01
-6.659940019583385773e-01
-3.805108881675822730e-01
-9.345976271263465307e-01
3.749721409974042796e-01
7.891350694926113629e-01
-7.465718135942156497e-01
5.688486088140387587e-01
-5.884963962925431336e-01
8.508240834390878859e-01
-5.389447214479159420e-02
-6.720445625863540329e-01
2.332164726879280003e-01
4.934296005726377388e-01
-7.377739796299405128e-01
5.580298434000801056e-01
9.318530957075472632e-01
-3.139154816755072019e-01
2.349467749158451468e-01
6.921442475684260742e-01
2.204830586608981235e-01
3.209802873451095273e-01
6.174102900533045002e-01
7.835347303414752496e-01
-4.683882222815529683e-01
8.367786302269430987e-01
5.083641602755921696e-01
-4.064202738842743745e-01
-5.855412264795056831e-01
-2.563401597144698840e-02
-4.101369303747461892e-01
6.416244026546791268e-01
6.147301635346833493e-01
8.559556188148162992e-01
4.671081381367581109e-02
1.944832749290281715e-01
8.959901181200513598e-02
1.591025382353137285e-01
-7.379377937790319031e-01
3.732661758919404438e-01
3.988858025597274981e-02
4.342010369734679021e-01
8.643121247447018707e-01
7.295692414718368823e-01
1.000003805647478039e-01
-4.523402659547335336e-01
6.701907826498523235e-01
2.062815814657139590e-01
2.863468691472128569e-01
-6.562910862213566787e-02
-5.995265257783457535e-01
6.183787159117319909e-01
3.249203649246057424e-01
-1.536324767852288442e-01
7.962584371077074952e-01
-4.068707733257346248e-01
-1.185655540297556598e-01
-9.727415786499247208e-01
-7.154208530340697703e-01
4.810507268728936303e-01
-3.168577957953442326e-01
8.446693048878186616e-01
-5.568542264224234373e-01
-1.220583570489226499e-01
-5.816244663861969144e-02
2.540583719149853703e-01
-8.003167727711344437e-01
-4.483182334567228366e-01
-6.506380698985909650e-01
-9.902436432415766543e-01
7.903096747432458713e-01
3.069695232260261086e-01
9.905110886658139435e-01
-1.081252090531088506e-01
-8.972510212049216172e-01
-3.209586605867214004e-01
8.496357290307443577e-01
-3.805069278223753848e-01
5.602675704091739650e-01
-9.081845215804329463e-02
-1.463857519450773026e-01
-8.709348412855244526e-02
-5.878793964003306005e-01
-2.251662598090649059e-01
3.889126823507720321e-01
-3.706414035679956864e-01
-3.283277333640968187e-01
-3.007236037830958164e-01
-1.536250655095650064e-01
-7.641541934235984712e-02
3.425254363319851780e-01
-8.482981752774827466e-01
-8.997785385451038120e-01
-6.958276015116129365e-01
