4.789078539405184909e-01
-7.744170796531628653e-01
5.234387585366673257e-01
8.043244018623754155e-01
4.335777804717886319e-01
6.447236417234913919e-01
0.000000000000000000e+00
-1.911771567206563827e-01
-4.256162616285603661e-01
-6.928731306856574790e-01
9.193845645273952538e-01
-8.647834116195973753e-01
-9.256888402046969944e-03
-3.459763735479493008e-02
5.080885455971499987e-01
0.000000000000000000e+00
-6.844195636890568757e-01
8.067514264563355741e-01
3.635590933847092643e-01
-5.504640295235028180e-01
-2.218999980224620749e-01
8.298811280205466989e-01
0.000000000000000000e+00
-5.797876463322109153e-01
-2.939063747028658469e-02
0.000000000000000000e+00
-3.582443122884551023e-01
-6.639999913856529101e-01
-9.799562987194887498e-01
-5.938265551617014637e-01
3.806606551110969239e-01
8.466080586976556521e-01
0.000000000000000000e+00
-6.625108231099807732e-02
9.776489969366788380e-01
0.000000000000000000e+00
9.300692498836764521e-01
-1.190607046766627430e-01
6.078952565624318183e-01
-1.619357590693877302e-01
-2.759136205163372768e-01
1.116844308539353126e-01
-4.336689176659376255e-01
0.000000000000000000e+00
-6.981500032820426860e-01
1.665209699402827592e-01
1.263360588168318532e-01
2.130374486644326382e-01
4.102527926156218641e-01
1.640555933054652638e-01
0.000000000000000000e+00
8.458700999805188747e-01
-5.264926798078044534e-01
1.692230086769244135e-01
-7.019335788669356369e-01
-7.942073991670086652e-01
9.700671633994739640e-01
-2.001761663371675048e-01
0.000000000000000000e+00
8.641310136736142233e-01
1.829587461339698962e-02
4.039670006928908208e-01
0.000000000000000000e+00
-2.376482586690698007e-01
-9.082262620225809435e-01
0.000000000000000000e+00
5.531577734572963312e-01
-1.169355239783180789e-01
-2.646933903699344448e-02
-5.207765197983993399e-01
-5.085981037103859403e-01
-8.305319645602318168e-01
0.000000000000000000e+00
-6.471326282006368835e-01
9.743515025312659006e-01
-1.692589130165946809e-01
4.468921208509635257e-02
-7.490144907889906278e-02
-1.256975669539215357e-01
0.000000000000000000e+00
9.563737943168748590e-01
0.000000000000000000e+00
-6.717230625832004698e-02
5.335354244882606345e-01
-4.787432208448172410e-02
0.000000000000000000e+00
7.733882771753610719e-01
0.000000000000000000e+00
8.359190125917392855e-01
-8.656238311317303591e-01
-5.500398523369691706e-01
2.490188370520765027e-01
0.000000000000000000e+00
-2.826722497327072148e-02
-8.595866638470273102e-02
1.964049675901324843e-01
0.000000000000000000e+00
8.042216582129022573e-01
-7.191260394509835230e-01
-7.467191616013331146e-01
1.497136241433505432e-01
0.000000000000000000e+00
6.689455213922783638e-01
-2.703868259711759148e-01
6.370769420017763363e-01
-2.961176949700561334e-01
0.000000000000000000e+00
5.428191579462711136e-01
-2.653099198557482552e-01
7.896547466575074559e-01
3.170678399484716525e-01
-6.453662969853475317e-01
-2.166845310352485399e-01
9.117306660225819037e-01
-3.322746982878022060e-02
7.247245212631312494e-01
9.841781458775147318e-01
2.955412816875881976e-01
-5.307309817548300224e-02
-5.500613866214765224e-01
-6.919911047293059170e-03
7.926051650069230181e-01
2.509716728908968353e-01
-4.445218466289417858e-01
9.274965230020935092e-01
4.922244931938728474e-01
7.006563102921139485e-01
-3.554601871315508088e-01
8.197751779754567369e-01
-7.428722722239260445e-01
1.071674585350035347e-01
-9.601355911456046499e-01
-7.744357096494562942e-01
1.418384957720117967e-01
6.122662126910329849e-01
4.994893204961108335e-01
-2.921307907786938607e-01
-3.568638046834460287e-01
-5.592592084409993003e-01
-3.220611958357353366e-01
-1.499405754402893809e-01
-3.074146821366972038e-01
2.015784132278992669e-01
-5.632975767045922399e-01
-2.310449053814149778e-01
-8.246668569516295566e-01
-2.033342763766041728e-01
2.953761546544919625e-01
0.000000000000000000e+00
4.473680050612869330e-01
7.996029292324680071e-02
-5.631894339047156528e-01
-6.814030460700839509e-01
-1.635624771536059452e-01
-2.970652527243045071e-03
8.527906774835711801e-01
-9.040347215882518217e-01
9.838712684027084432e-01
0.000000000000000000e+00
-8.796079863671075749e-01
3.150024389584265005e-01
-7.347317272652877929e-01
4.219106460423931448e-01
-7.859431654096082909e-01
7.380071344498111419e-01
-6.323778447017975868e-01
8.589619897052935826e-01
9.144386167314724201e-01
-4.244928187797358810e-02
0.000000000000000000e+00
-9.560804238531988020e-01
6.632240917377105749e-01
-6.049857498553712354e-01
-8.426361338504249066e-01
-5.714355575216667482e-01
-1.772380937885069674e-01
3.903981593124543625e-01
0.000000000000000000e+00
4.966903652454137674e-01
9.019632524624607850e-01
9.784792794858703235e-01
-1.810975062650352907e-01
9.345500501472241428e-01
-1.617054168361664601e-02
4.524831418971160257e-01
-8.995093671102094568e-01
4.195606869511590009e-01
2.751354573678992388e-01
-3.999406249536030522e-01
-9.189622520030322761e-01
-5.755991694401663139e-01
-1.025490439968881340e-01
8.913256444991946026e-02
0.000000000000000000e+00
4.279473610365527314e-01
1.999534095585338012e-01
1.368590042223423175e-01
-7.393931148502634887e-01
0.000000000000000000e+00
-2.068484186412478110e-02
0.000000000000000000e+00
-8.872707669452741808e-01
0.000000000000000000e+00
8.860095826304699163e-01
8.794325905085749184e-01
-6.086961913897437348e-01
0.000000000000000000e+00
-8.715094301831924906e-01
-5.099110297110931445e-01
5.520123916136276954e-02
-4.858131700271874909e-01
3.901590394460079381e-01
-5.999389749476480294e-01
2.832385609620553524e-01
0.000000000000000000e+00
-3.875771365358102738e-01
-3.794652824549069603e-01
3.230631253244291567e-01
5.910419523796808239e-01
5.801180647408223923e-01
9.337753712971208486e-02
-4.181175555999423477e-01
-7.300879255445682503e-01
-9.826416297257694055e-01
8.140516167052560537e-01
0.000000000000000000e+00
-7.482015055133153236e-01
9.590755739885925557e-01
2.002872252410927700e-01
-2.950867080530661379e-01
8.745394615556365547e-01
-1.343644341027268041e-01
-1.393218739565214026e-01
-2.040580130740128340e-01
4.695728312273552696e-01
-8.284427146144957010e-01
3.729606984717594997e-01
8.196528177515969293e-01
-4.072284068790736900e-01
3.766495299839882627e-01
-8.815236051464028222e-01
-7.573509163693907809e-01
-9.190629115379214120e-01
9.691512962130401920e-01
5.203695276414781468e-01
2.922354674705427424e-01
0.000000000000000000e+00
-7.394412127877769692e-01
0.000000000000000000e+00
-9.628786695238145121e-02
0.000000000000000000e+00
8.043869077458272177e-01
-6.216264143542096221e-01
8.909469604088857686e-01
1.506118796846160901e-01
-6.885606065570037959e-01
-5.364060917399218198e-01
0.000000000000000000e+00
4.031895661495139560e-01
3.304344445315978707e-01
5.404701056475493814e-01
4.461955746639667542e-01
9.193915100869933799e-01
8.526870502865846468e-02
-5.007706129896003500e-01
