4.789078539405184909e-01
-7.744170796531628653e-01
5.234387585366673257e-01
8.043244018623754155e-01
4.335777804717886319e-01
6.447236417234913919e-01
-8.804465125340150689e-01
-1.911771567206563827e-01
-4.256162616285603661e-01
-6.928731306856574790e-01
9.193845645273952538e-01
-8.647834116195973753e-01
-8.689257401223937638e-01
1.605210325502559598e-01
5.294155494793546524e-01
-7.636135890033761697e-01
9.974808508386354688e-01
-4.143601388603108671e-01
6.299740569472398466e-01
-7.826346515802189430e-01
2.292192321885211381e-01
-7.009947613885760820e-01
-7.506976175204784774e-01
-9.364737364929480723e-01
4.264070987125452294e-01
-6.600937246341607167e-01
-7.781781843037816060e-02
-5.068306723207973707e-01
7.340016200950754133e-01
6.004434964117433271e-01
-6.158598598782354383e-01
5.308889780039971473e-01
-8.567010931486067626e-01
-6.368796432130785501e-01
-8.283426605759109940e-01
3.987713324646484647e-01
6.872956352167038929e-01
-6.130724252638399818e-01
-1.383470700627091876e-01
6.481588302813645619e-01
-7.495760536631035365e-01
9.581261603893218570e-01
-7.884027943473124189e-01
-5.627283953389590199e-01
-2.591539883201541272e-01
1.992333348133388249e-01
7.557140737885381654e-02
-5.593382066314254164e-01
-6.664791719201004216e-01
4.926286338414249677e-01
-6.584269221931760008e-02
-1.931446253641901922e-01
-7.525330728898151911e-01
-4.336413202614242124e-02
4.737585687809575674e-01
-3.973925364095636237e-01
1.923252134889410492e-01
-1.869747217661132943e-01
-4.523100401136586068e-01
2.643093971127004060e-01
-2.180700001753523853e-01
-1.790809426907582491e-01
2.874515207367482894e-01
2.824853561071059005e-01
2.770148283288873525e-01
-3.248198687793379946e-02
4.242823012272660677e-01
8.704344435504607347e-02
2.561362864892389180e-01
-5.075683450590529056e-02
4.673907954054743463e-01
4.641626587862954789e-01
1.624743494595846105e-01
9.659486908667420657e-01
2.173696756897662841e-01
9.407546346779875890e-01
-9.762974265110528904e-01
6.879868842637606452e-01
1.379546891728744562e-01
-9.241867648415624803e-01
-5.791900311276700908e-01
6.633082173009638982e-01
-5.128267421235783718e-01
2.897999086495552934e-01
5.790034534121719645e-01
3.104587263342049042e-01
-8.405964003622952152e-01
-6.372368294621959528e-01
7.465752928315061432e-01
-1.543832906441688912e-02
9.199264937580302615e-01
-7.888639978589868651e-01
6.872079788575617965e-01
5.115602639727188095e-01
-7.700215041316849085e-01
4.835467573877336722e-01
8.743481018339771538e-03
-1.619812386906702706e-01
-8.649573021134411288e-01
-8.352520033504904351e-01
5.047227637441096260e-01
7.850689363341070148e-01
5.932636931651162904e-01
-5.920494713151980282e-01
-1.417783843022788481e-01
8.730873352821086897e-01
-4.622776514406299331e-01
-5.879803642082632731e-01
4.153086162613421894e-01
5.153639909338707525e-01
8.745453319075280341e-02
6.035258165359835836e-02
8.086474981702795883e-01
8.218779776271338822e-01
-7.664743045610249439e-01
-3.716355958492589817e-01
3.758290610884926775e-01
-3.757434778458024205e-02
-2.963891912682805607e-01
8.744250637453887531e-01
4.882274229562260093e-01
-5.843040712668405856e-01
-4.668997927805886849e-01
5.109019508994638858e-01
-1.928063254824574635e-02
-7.296370067504081014e-01
4.548822545971560327e-01
-6.374793749306457702e-01
-9.184850657437992894e-02
-1.786764306498058730e-01
-4.175004659546921459e-01
7.559183130891609093e-01
2.083532520599378213e-01
-9.247599134512056729e-01
5.169776785490087789e-02
-9.831643279050550355e-02
-7.609219174168351252e-01
-3.568638046834460287e-01
1.416956017841606297e-01
-9.652054028996308599e-01
8.432526088442404699e-01
-9.464304514681485259e-01
-6.137147321087843554e-01
6.663205761511417080e-01
-7.628602091148124487e-01
-5.933564649697766757e-01
-6.761953093659358593e-01
7.727830776251385370e-01
-1.374618929701860726e-01
4.473680050612869330e-01
7.996029292324680071e-02
-5.631894339047156528e-01
-6.814030460700839509e-01
-1.635624771536059452e-01
-2.970652527243045071e-03
8.527906774835711801e-01
-9.040347215882518217e-01
9.838712684027084432e-01
7.825964559192060133e-01
-8.796079863671075749e-01
3.150024389584265005e-01
-7.347317272652877929e-01
4.219106460423931448e-01
-7.859431654096082909e-01
7.380071344498111419e-01
-6.323778447017975868e-01
8.589619897052935826e-01
9.144386167314724201e-01
-4.244928187797358810e-02
7.087100962066883447e-01
-9.560804238531988020e-01
6.632240917377105749e-01
-6.049857498553712354e-01
-8.426361338504249066e-01
-5.714355575216667482e-01
-1.772380937885069674e-01
3.903981593124543625e-01
-6.693735144323549324e-01
4.966903652454137674e-01
9.019632524624607850e-01
9.784792794858703235e-01
-1.810975062650352907e-01
9.345500501472241428e-01
-1.617054168361664601e-02
4.524831418971160257e-01
-8.995093671102094568e-01
4.195606869511590009e-01
2.751354573678992388e-01
9.237737381386930124e-01
-5.242384237163428828e-01
3.501728778960242483e-01
7.541493022357788067e-01
8.034540279368895810e-01
-8.953212283946423433e-01
-3.565897146134147100e-01
-2.059358466248693009e-01
-9.390280047242696160e-01
6.208377547054335643e-01
-6.052346134969572855e-01
6.674360904321674504e-02
-9.787450937133512774e-02
6.473020422384740957e-01
7.622827959790539065e-01
8.860095826304699163e-01
8.794325905085749184e-01
-6.086961913897437348e-01
7.926904604372080332e-01
-8.715094301831924906e-01
-5.099110297110931445e-01
5.520123916136276954e-02
-4.858131700271874909e-01
3.901590394460079381e-01
-5.999389749476480294e-01
2.832385609620553524e-01
-9.586052701701739398e-01
-3.875771365358102738e-01
-3.794652824549069603e-01
3.230631253244291567e-01
5.910419523796808239e-01
5.801180647408223923e-01
9.337753712971208486e-02
-4.181175555999423477e-01
-7.300879255445682503e-01
-9.826416297257694055e-01
8.140516167052560537e-01
-1.812206933742663839e-01
-7.482015055133153236e-01
9.590755739885925557e-01
2.002872252410927700e-01
-2.950867080530661379e-01
8.745394615556365547e-01
-1.343644341027268041e-01
-1.393218739565214026e-01
-2.040580130740128340e-01
4.695728312273552696e-01
-8.284427146144957010e-01
3.729606984717594997e-01
8.196528177515969293e-01
-4.072284068790736900e-01
3.766495299839882627e-01
-8.815236051464028222e-01
-7.573509163693907809e-01
-9.190629115379214120e-01
9.691512962130401920e-01
5.203695276414781468e-01
2.922354674705427424e-01
1.157940715496907913e-03
-7.394412127877769692e-01
7.671974001592800629e-01
-9.628786695238145121e-02
-2.707550262396012375e-01
8.043869077458272177e-01
-6.216264143542096221e-01
8.909469604088857686e-01
1.506118796846160901e-01
-6.885606065570037959e-01
-5.364060917399218198e-01
9.651420717031495844e-01
4.031895661495139560e-01
3.304344445315978707e-01
5.404701056475493814e-01
4.461955746639667542e-01
9.193915100869933799e-01
8.526870502865846468e-02
-5.007706129896003500e-01
