4.226090995421349916e-01
-6.806142234900922627e-01
2.380731192086442682e-01
-1.714894346018625004e-01
7.890545320595581114e-01
9.308866571099736476e-01
9.429133393624078430e-02
-1.656176538817466515e-01
8.714612272717132679e-01
3.473646770780920434e-01
-2.731676041845596536e-01
-3.513103650606304029e-01
-8.158888555651577779e-01
1.059456049951794654e-01
8.179923908178425851e-01
5.938232828069760494e-01
-3.328322258085940621e-01
9.917711359219107958e-01
1.618370527825829797e-02
-7.690461925379656893e-01
-2.648977235977403311e-01
9.125983882406942804e-01
-8.828027229352537475e-01
1.438668548041075468e-01
7.302789652671488607e-01
-1.710416235144414099e-01
6.243203232045022588e-01
-5.437342054475515774e-01
-6.808590746224110202e-01
-7.195190722968323183e-01
-3.164036834114514196e-01
-4.408814349678020772e-01
8.457096410573536893e-01
9.956674536011167476e-02
7.601998894157717679e-01
-8.534078671238238822e-01
-8.051628596384741154e-01
1.596689610137014270e-02
6.094480236076966762e-01
-5.470793265145228457e-01
4.016691698274479361e-01
-2.512038730974941458e-02
8.776138855062940447e-01
-7.335202198161896447e-01
-2.137128880256495833e-01
6.375722352199599818e-01
9.128344693831313972e-01
2.930388390248896968e-01
-4.278473258070312202e-01
-1.486953547561371547e-01
5.090842436035478702e-01
-3.314352196481868962e-01
-5.420528312629624423e-01
-6.766895336500200475e-01
-6.195682753829951928e-01
-8.561127341721166406e-01
-1.200105153780872680e-01
-4.081822304250040112e-01
3.915489561841098975e-01
-6.375201368801912682e-01
-9.536417581352976125e-01
-9.972745941971763450e-01
7.709790855562352885e-01
-8.788497929065852698e-01
-6.736464002225135417e-01
-4.734468205815249853e-01
9.783629526768566897e-02
-2.972345467277943687e-01
7.321002637595583895e-01
-6.876255436666005583e-01
6.284164900966149325e-02
-2.065739900264522699e-01
2.233551818979113701e-01
-3.376738336580082933e-01
2.229045317832218931e-01
4.802073463785347940e-01
9.769410254036523522e-01
-2.997231349637412556e-01
7.201432040803459333e-01
2.762995358073596641e-01
-1.703965066739649981e-01
-3.356934121500161350e-01
-2.705263515699440902e-01
-3.452263973288129950e-01
2.564300497128868539e-01
3.846183890182035547e-01
2.590709554352803590e-01
7.465352504864590788e-01
-4.455223828957526333e-01
3.722126417862843262e-01
3.181404142210557673e-01
6.589718691644288473e-01
-4.914153484703565056e-01
6.351524316788597080e-01
8.140823673559698381e-01
2.905316166174845005e-01
-7.721897881069172964e-01
-4.463391096406776892e-01
4.160524466121857667e-01
4.070336238808103246e-02
-8.158255179320148542e-01
3.357697506782209018e-02
-6.079766302504265862e-01
-8.224684175863510305e-01
2.365852083326935862e-01
2.153133670374156594e-01
-1.566240788060306866e-01
7.344839695540552604e-01
4.705603329233016829e-01
-8.903089890024442621e-01
-6.164342817824783882e-01
-9.970140896694743571e-01
-6.451237868173054224e-02
9.262465388847147540e-01
-1.710091300375908840e-01
-7.919289414650010350e-01
-6.177458200686405387e-01
7.259402797356513393e-01
-4.406757382463153405e-01
-4.269740827584389553e-01
7.820424761416668868e-01
-6.042543306731251729e-01
5.084927641238770057e-01
7.726534863319269864e-01
-1.264675194343860554e-01
2.293693529622651273e-01
9.803997990679877983e-01
8.982312192945032248e-01
9.994550278169935797e-01
-3.272168156921269055e-01
-2.805822035987963758e-01
-1.962370258299701575e-01
-5.263289129549135748e-01
-9.115088292375210788e-01
-3.476725806247318307e-01
-6.705337460843212583e-01
4.591644258165268333e-01
4.409266019774471523e-02
-6.505588835010860382e-01
-6.133793555043689505e-01
4.085746298997545711e-01
-5.138984413366465276e-03
5.392007232580109388e-02
-2.640006966889465456e-01
8.851290861628624551e-01
-3.627121632565313281e-01
3.755549224376930617e-02
-7.557331306963654960e-02
-7.668268073854969114e-01
5.998602355582942636e-01
-6.824445852828844306e-01
9.778909560838038306e-01
7.148428522876557611e-01
4.698343641534672432e-01
6.155636309259222561e-01
-9.554577426024597475e-01
9.011156611262416405e-02
6.326020007721144811e-01
-2.380447170523714018e-01
-7.874973341540443261e-01
-2.300041641371599610e-01
7.625723209555776982e-01
-7.095670602101276092e-01
5.127382235922781639e-01
-1.385729059829898802e-02
3.650932657978904761e-01
-7.008020883646737254e-01
5.712791162339720952e-01
-5.133915814967626723e-01
-2.878947391918340593e-01
3.300802320206206453e-01
7.219868580796175994e-01
-8.193717989498376930e-01
-8.058755036513860492e-01
6.395317416630779128e-01
6.727458750466170923e-01
6.129363035328267983e-01
-2.421907047049900452e-01
7.447901799876310847e-01
9.534154385858055747e-01
-6.392498060255802361e-01
7.140600365700295882e-01
-9.207683229471497199e-01
7.652777306580718086e-01
2.691240514970827391e-03
1.897818588786874816e-01
-9.386275323409751792e-01
-3.673684065929430087e-01
2.641258900381380226e-01
-6.676592659740188118e-01
9.768862501449209201e-01
-2.008933243476305197e-01
-7.808850997114986647e-01
2.820073264660118983e-01
-8.714846566677996176e-01
2.997200987617691936e-01
4.971125161509608592e-01
9.285549478412580271e-02
2.474753760217098808e-01
2.875462148941991813e-01
-8.629424935147549380e-01
4.493948658369999460e-01
-6.747583931988727635e-01
-9.905011380703665491e-01
7.937074980726361861e-01
2.880048724179036235e-01
6.807542476188221947e-01
9.800199180307036517e-01
7.252518366921467674e-02
-9.502084969613597831e-01
8.498851801781643900e-01
-7.624268563735892013e-01
3.501756323660363268e-01
4.625092615776829064e-01
-7.800957114267450532e-01
-5.780532216748714980e-01
3.447252036406851516e-01
8.590662844656238306e-02
-5.405070117160175602e-01
-2.257045921775082675e-01
6.366522537506815738e-01
6.600320834889017441e-01
-7.373971353600070611e-01
-7.037096267962916762e-02
-1.720356281487860350e-01
-6.279047541936964016e-01
-7.122874524740374635e-01
7.239048596641024513e-01
-8.354907491148606535e-01
-9.686980534717710700e-01
1.181260658170892874e-01
-1.734137814414757894e-01
2.983811024732578865e-01
-9.964212988695129170e-01
-6.056706240002984742e-03
-2.077589141099445147e-01
2.579604071211134553e-01
-8.008562972607851105e-01
9.146487817258841524e-02
-3.592914855850450895e-01
-3.067809257977411885e-01
-7.692469873057827812e-01
8.662631628206023393e-01
-3.853300579559097994e-01
-4.876949539296819847e-01
-7.554134625543311721e-01
9.356231578570906038e-03
-9.181887653481943801e-01
1.850222858856129804e-01
-2.058858422185219084e-01
-8.246096528053306063e-01
3.754946759439357074e-01
-2.518078876255556153e-01
-3.499250806737441710e-01
7.012945202042142334e-02
-8.555790028696992344e-01
7.036995173020470506e-01
-8.726755449061636138e-01
5.611206740254579550e-01
1.648162920376345930e-01
3.291402737544308899e-01
7.498109398174996887e-01
-3.367014012983720050e-01
-8.916838958889490296e-01
-8.502989738681077103e-01
