4.226090995421349916e-01
-6.806142234900922627e-01
2.380731192086442682e-01
-1.714894346018625004e-01
7.890545320595581114e-01
9.308866571099736476e-01
9.429133393624078430e-02
-1.656176538817466515e-01
8.714612272717132679e-01
3.473646770780920434e-01
-2.731676041845596536e-01
-3.513103650606304029e-01
-8.158888555651577779e-01
1.059456049951794654e-01
8.179923908178425851e-01
0.000000000000000000e+00
-3.328322258085940621e-01
0.000000000000000000e+00
1.618370527825829797e-02
-7.690461925379656893e-01
-2.648977235977403311e-01
9.125983882406942804e-01
-8.828027229352537475e-01
0.000000000000000000e+00
7.302789652671488607e-01
-1.710416235144414099e-01
6.243203232045022588e-01
-5.437342054475515774e-01
-6.808590746224110202e-01
-7.195190722968323183e-01
-3.164036834114514196e-01
-4.408814349678020772e-01
8.457096410573536893e-01
9.956674536011167476e-02
7.601998894157717679e-01
-8.534078671238238822e-01
0.000000000000000000e+00
1.596689610137014270e-02
6.094480236076966762e-01
-5.470793265145228457e-01
4.016691698274479361e-01
0.000000000000000000e+00
8.776138855062940447e-01
-7.335202198161896447e-01
-2.137128880256495833e-01
6.375722352199599818e-01
9.128344693831313972e-01
2.930388390248896968e-01
-4.278473258070312202e-01
-1.486953547561371547e-01
5.090842436035478702e-01
-3.314352196481868962e-01
-5.420528312629624423e-01
-6.766895336500200475e-01
-6.195682753829951928e-01
-8.561127341721166406e-01
-1.200105153780872680e-01
-4.081822304250040112e-01
0.000000000000000000e+00
0.000000000000000000e+00
-9.536417581352976125e-01
-9.972745941971763450e-01
-8.184584047370051518e-01
0.000000000000000000e+00
-9.866209600326993900e-01
-3.110969765523152741e-01
-5.178664440326932183e-01
0.000000000000000000e+00
-4.860698851562821332e-01
9.191708709048813652e-01
0.000000000000000000e+00
-8.021951321502560628e-01
6.139126732002453402e-02
0.000000000000000000e+00
9.952862049340207573e-01
-3.199398622435727368e-01
3.035846489263924752e-01
8.805359304193585146e-01
-5.143777334675154744e-01
-7.364248588053790012e-01
-3.157070174822664832e-01
-6.220210945273378922e-01
-1.294437015969742699e-01
-9.234763472325826505e-01
0.000000000000000000e+00
-5.082642838034394650e-01
-9.102316974423869667e-01
-9.111464620010600868e-02
-4.455223828957526333e-01
3.722126417862843262e-01
3.181404142210557673e-01
6.589718691644288473e-01
-4.914153484703565056e-01
6.351524316788597080e-01
8.140823673559698381e-01
2.905316166174845005e-01
-7.721897881069172964e-01
-4.463391096406776892e-01
4.160524466121857667e-01
4.070336238808103246e-02
-8.158255179320148542e-01
3.357697506782209018e-02
-6.079766302504265862e-01
-8.224684175863510305e-01
6.143149014299575938e-03
9.363302468716954152e-01
4.605634554598214692e-02
0.000000000000000000e+00
-8.688339897174184312e-01
3.224796192532299877e-01
2.288583287460048687e-01
-3.854477033841903211e-01
0.000000000000000000e+00
0.000000000000000000e+00
2.906408422084028054e-01
-6.547420465938860179e-01
0.000000000000000000e+00
5.447613716474160039e-01
9.278265853253280238e-01
6.418859107530534569e-01
-4.753823642259353832e-01
0.000000000000000000e+00
-5.205617794004213650e-02
-3.293074445958064089e-01
9.193808687623183928e-01
-8.497957794183206293e-01
0.000000000000000000e+00
0.000000000000000000e+00
5.206869350888183590e-01
-6.970135462900943768e-01
6.883944899327003597e-01
1.661133816145077269e-01
9.230750807891001664e-01
-8.493806574369584528e-01
4.879153949045746952e-01
7.104005904833172735e-01
-9.782043997714762185e-04
-9.770851916146268135e-01
0.000000000000000000e+00
-8.345577489381954539e-01
7.096798811571680687e-01
-1.793053294678537135e-01
-4.920092849619130959e-01
8.969129626279950251e-01
-5.141173368642839581e-01
-9.416810886131612435e-01
0.000000000000000000e+00
3.473576432507046174e-01
-4.781141140011910817e-01
-9.341302500650126017e-01
-6.793970288300681393e-01
5.562310760178654778e-01
-5.257444832317135219e-01
-3.964019966805629736e-01
8.204598463582011281e-01
2.618856100284840949e-01
5.585404003358800384e-01
6.142030941495861818e-01
-3.569346064703473598e-01
8.701507008798847753e-01
-4.760614241915128719e-01
-4.415770649863659525e-01
7.486797306898880233e-01
-1.831560168933434873e-01
4.497925967331626307e-01
-5.324777696203104593e-01
2.689610778555144854e-01
7.732676508549520822e-01
7.823418873068521684e-01
6.643963013745470825e-01
3.300802320206206453e-01
7.219868580796175994e-01
-8.193717989498376930e-01
-8.058755036513860492e-01
0.000000000000000000e+00
6.727458750466170923e-01
6.129363035328267983e-01
-2.421907047049900452e-01
7.447901799876310847e-01
9.534154385858055747e-01
-6.392498060255802361e-01
7.140600365700295882e-01
-9.207683229471497199e-01
7.652777306580718086e-01
2.691240514970827391e-03
1.897818588786874816e-01
-9.386275323409751792e-01
-3.673684065929430087e-01
2.641258900381380226e-01
-6.676592659740188118e-01
9.768862501449209201e-01
-2.008933243476305197e-01
-7.808850997114986647e-01
2.820073264660118983e-01
-8.714846566677996176e-01
2.997200987617691936e-01
4.971125161509608592e-01
9.285549478412580271e-02
2.474753760217098808e-01
2.875462148941991813e-01
-8.629424935147549380e-01
4.493948658369999460e-01
-6.747583931988727635e-01
0.000000000000000000e+00
7.937074980726361861e-01
2.880048724179036235e-01
6.807542476188221947e-01
9.800199180307036517e-01
7.252518366921467674e-02
-9.502084969613597831e-01
8.498851801781643900e-01
-7.624268563735892013e-01
3.501756323660363268e-01
4.625092615776829064e-01
-7.800957114267450532e-01
-5.780532216748714980e-01
0.000000000000000000e+00
8.590662844656238306e-02
-5.405070117160175602e-01
0.000000000000000000e+00
6.366522537506815738e-01
6.600320834889017441e-01
-7.373971353600070611e-01
0.000000000000000000e+00
-1.720356281487860350e-01
-6.279047541936964016e-01
-7.122874524740374635e-01
7.239048596641024513e-01
-8.354907491148606535e-01
0.000000000000000000e+00
0.000000000000000000e+00
-1.734137814414757894e-01
2.983811024732578865e-01
0.000000000000000000e+00
-6.056706240002984742e-03
-2.077589141099445147e-01
0.000000000000000000e+00
-8.008562972607851105e-01
9.146487817258841524e-02
-3.592914855850450895e-01
-3.067809257977411885e-01
-7.692469873057827812e-01
8.662631628206023393e-01
-3.853300579559097994e-01
-4.876949539296819847e-01
-7.554134625543311721e-01
9.356231578570906038e-03
-9.181887653481943801e-01
1.850222858856129804e-01
0.000000000000000000e+00
-8.246096528053306063e-01
3.754946759439357074e-01
-2.518078876255556153e-01
-3.499250806737441710e-01
7.012945202042142334e-02
-8.555790028696992344e-01
7.036995173020470506e-01
-8.726755449061636138e-01
5.611206740254579550e-01
1.648162920376345930e-01
0.000000000000000000e+00
0.000000000000000000e+00
0.000000000000000000e+00
-8.916838958889490296e-01
-8.502989738681077103e-01
