-1.716963623463979571e-01
-4.795345885367079952e-01
-4.802878300882027496e-01
-1.586381010657373358e-01
2.702268989878235939e-01
6.782524087252006506e-01
-3.930672286804588467e-01
3.496159834669306243e-01
2.250861586242617618e-01
5.932715694573464926e-01
-4.559931486745189000e-01
-5.284711244019407728e-02
5.167927795216203934e-01
9.766483885899418516e-02
-2.511583507413328586e-01
-6.816724847888763206e-01
4.212878472469499536e-01
3.989726596525134950e-01
-2.729886585999160009e-01
8.726583185531554543e-01
4.215035323823577151e-01
5.986028943824821258e-03
-4.252477778892448379e-01
1.405863924646671703e-01
-3.249144988496902586e-01
-1.416183602741729886e-01
3.459362143106103904e-03
1.966308397018970422e-01
8.987589675388993893e-01
-3.437263720308291193e-01
-3.294422642360926579e-03
-2.544550111250642455e-01
7.488332095554500745e-01
5.085259898204739226e-01
-1.608044474489436770e-03
-4.570485381300307126e-02
3.432962989385019426e-01
6.420698192670146187e-02
7.809970850035187206e-01
-3.435173749734694026e-01
9.181636059072098011e-01
4.544741401721913432e-01
6.250379944008576105e-01
-2.743416740866362891e-01
-1.843624889401981326e-01
8.355138573234414112e-01
-1.975065616480070896e-01
-4.678889370832852723e-01
-2.082465442967540437e-01
4.789332577206588670e-01
-5.233068031824408273e-01
2.322062366758072538e-01
-3.874423115745356805e-01
4.685183430426476114e-01
5.000769113908658525e-01
-5.737302237363997026e-01
2.867472733446048416e-02
-9.792190815776966595e-01
5.404151162751691384e-01
-2.846896120176787837e-01
-2.506410991796359511e-01
-6.510185278702186329e-01
1.085737713824931339e-01
6.288847978413831807e-01
-8.468852726866732405e-01
6.933550033736388118e-02
3.924580692979226515e-01
-4.858541042642511854e-01
-1.782513290633520875e-01
-9.344385649022796114e-01
-4.633893032672142809e-01
-3.013184862269435160e-01
-5.896079342397638756e-01
-9.446380909571066020e-01
-2.507207380531570884e-01
8.447360023240924054e-01
-1.526090473252769142e-01
4.386176603183559175e-01
-6.022975907347674074e-01
1.981056680568088757e-01
-4.638971631253269168e-01
-8.056297634655872064e-02
-6.155192377800610126e-01
3.730942109757967584e-01
2.722840943847852913e-01
9.743398272715317332e-02
4.916900539584904140e-01
-1.420340108913570321e-01
8.950959136220337786e-01
-5.792248132594711718e-01
-9.957248352066139230e-02
-2.779421469906969144e-01
-1.406928783990769594e-01
7.327242324649356764e-01
-4.829882851566605351e-02
-3.713093309717662716e-01
4.794880077668558505e-01
2.710108623730100308e-01
-4.727040926272693122e-01
8.908403244154763367e-01
-2.072421744524722831e-01
-5.487122806968142141e-03
-9.749739116804986838e-02
-5.722784740551271065e-01
9.910132849400177246e-02
-1.319813913329084820e-01
-1.650531164967167230e-01
4.228821061291452854e-01
6.474664619273624577e-01
2.376011530119541137e-01
-3.465756711169564741e-01
5.995005130512717217e-01
-7.147023041462579052e-01
2.074075349281810920e-01
3.405034496186130633e-01
6.020115517233119995e-01
-9.105467525440625876e-01
-2.175264622682116789e-01
-5.143926290891799313e-01
-3.526882992895941094e-01
-3.869708012317267243e-01
4.311063926159184323e-01
-2.941436552993561548e-01
3.115451076773609884e-01
-3.249093933693434355e-01
9.047090982795462644e-01
-5.227656018154169804e-03
4.109368690479672237e-01
-4.503533233689379633e-01
9.168524839848181118e-01
7.168262230287740788e-01
-7.475765723274776509e-01
-5.001187310389237917e-01
1.440942392369862213e-02
7.425613903319685516e-01
-5.147888243217948467e-01
2.888430055403815588e-01
-5.340770748385060829e-01
-1.406694678110870789e-01
-7.513823001149222414e-01
-5.977527707719767491e-01
-5.055983479762241606e-01
7.342380372945039868e-01
-2.299229560574859443e-01
-7.600245941310831421e-01
1.789432623698320735e-01
5.281475810785638547e-01
2.700963244987949693e-02
4.965574686279587979e-01
4.066289048723506494e-01
9.116872391241748197e-01
-1.728678845567816758e-01
-3.710967798196189715e-01
7.556983784123409986e-01
-5.674107820475329245e-01
-6.130663993131165723e-01
-7.302398095715239013e-01
-2.912557206681558597e-01
7.127853799248577982e-01
-4.403814432380617760e-01
8.806747211891986504e-01
-5.544721074124765448e-01
-6.288603422801919418e-01
9.323837359135489500e-02
8.031667511567670559e-01
5.148182568143396809e-01
-3.330827415994385698e-01
3.892031583157617991e-01
-2.651886328448537777e-01
1.146581656451745451e-01
7.040633808646450387e-01
1.187526607634237369e-01
-9.220307683861833636e-01
5.724638263973529373e-01
-6.672224267111027673e-01
-7.010105366964338725e-01
-2.437231844091027333e-01
-9.985463127444865750e-02
-2.190623907229406753e-02
-4.762173122953992643e-01
-1.489334750533377050e-01
-4.062449656456915137e-01
-4.864732594838624968e-02
4.558977983717021898e-01
5.805908904393876080e-01
1.783607121632787007e-01
-4.713743587052460216e-02
-6.182461579705560428e-01
-2.211338911530776330e-01
2.888428847970749835e-01
2.670929080100287734e-01
-6.661173148715059389e-01
-5.595452681630993519e-01
8.984737486953336960e-01
-3.939081545524865113e-01
6.378357567346465418e-01
5.720487765641201205e-01
-7.634436412886246304e-01
2.736264164077226169e-01
-1.979368596075214981e-01
1.849601779719198813e-01
-6.649847439439185992e-01
1.006635674019197013e-01
-3.705321249678397710e-01
6.261024785275526305e-02
-1.844083892551717785e-02
-2.545642674223952406e-01
-7.789616577391430541e-01
5.731738019487409019e-01
-1.912570927977813584e-02
-6.539740454882114751e-01
-4.727478570979646855e-01
9.385921658845611804e-01
3.936965555494112423e-01
3.980352595723999354e-01
-4.946519315845815390e-01
7.255471920097129601e-01
-3.352441474011137457e-01
5.173952148285491104e-01
6.463297690701547138e-02
8.636504387291317197e-01
-7.115131593082280048e-02
5.741684607827917119e-01
2.566926083509488699e-01
-5.516128895989623748e-01
-3.291501998189211298e-01
1.391905198902444740e-01
3.407547838393758521e-01
-7.784077682648106178e-01
-8.690237453070356333e-01
-2.379149666251438866e-01
1.964424507289406485e-01
4.150044923417557374e-01
-1.618021103133009952e-01
5.921357742842038585e-02
1.219265274912673114e-05
7.132504124882164120e-01
-6.357054859709669881e-01
4.881244624529207932e-01
3.157796390986338797e-01
-5.671609010529141681e-01
-6.838229440045149321e-01
1.700452151706382531e-01
5.446134550030956589e-03
-8.550163921491984453e-01
-6.055934769805941809e-01
-1.535858946112931556e-01
9.261139502698834125e-01
4.024005283295823965e-01
4.389666936307559109e-01
-3.113124454022575538e-01
-3.807900461242951229e-01
4.616075028247690337e-01
8.726381695915259584e-01
1.469385954856700371e-01
2.365210541954398948e-02
-2.045882767354718912e-01
2.102810112022712730e-01
-3.870517912042087949e-01
1.186532481192207472e-02
-5.266491400351296370e-01
6.239526427075287041e-01
-6.380286277388386162e-02
-1.036926077455224693e-01
2.657734825433346604e-01
