-7.926033386773896350e-01
-6.780939396368887984e-01
-8.741593380049582640e-01
-7.424154437911663074e-01
9.110119377658296158e-02
2.049797370550343056e-01
-7.307460896249048377e-01
-3.538578538425476427e-01
2.829651435046103836e-01
-5.018252014391458293e-02
-5.423301777199268647e-01
-3.644624055703074572e-02
3.747609140931951188e-01
-4.230029562743111704e-01
-9.250733180962049662e-01
-4.476485265213985265e-01
2.388690703973168072e-01
-9.980218859381342900e-02
1.914841015124327250e-01
-2.168701858215223433e-01
7.607019189128700898e-01
-2.427325141827204602e-01
-5.354935143637180595e-01
-8.994503211117577113e-01
-1.708304928337547879e-01
-7.193742646949186081e-01
8.549251128869794769e-01
-9.426781082605127648e-02
0.000000000000000000e+00
-1.493621990410945177e-01
-6.026526023798560450e-02
0.000000000000000000e+00
3.964646212299814676e-02
4.432791040605689181e-01
6.156107904803703040e-02
-3.510126459389300568e-01
2.185081474570847448e-01
8.023204872455125258e-01
1.556044338193248722e-01
4.536422315388405346e-02
-8.114854125228734283e-01
-3.372906709386159774e-01
4.324504272349358747e-01
6.363252266419697767e-01
-2.409131021286015639e-01
-3.678582780888794979e-01
-3.749398836333962537e-01
0.000000000000000000e+00
0.000000000000000000e+00
1.702112031524398716e-01
1.397061346412528104e-01
-1.946976186719219515e-01
-5.849047264426339432e-02
-2.853042126504667930e-03
0.000000000000000000e+00
-5.697731271088912752e-02
-3.746485030947214745e-01
-7.413182511566258626e-01
-3.511289500706201161e-01
-3.182254144016106734e-01
-6.004005363066555745e-02
0.000000000000000000e+00
0.000000000000000000e+00
-7.767816581526719721e-01
-9.109943321144291228e-02
-1.941592456725618754e-01
0.000000000000000000e+00
3.290909742224091827e-01
-2.114219182873458003e-01
-1.473566052056441145e-01
8.107473936012410398e-02
2.338809529276636989e-01
-2.451229399252464747e-01
2.509610631902123301e-01
-3.061127736118293141e-01
2.176523657203345286e-01
0.000000000000000000e+00
7.787010918780543633e-01
-4.802767221310593193e-01
-1.478811761782891088e-01
-4.686807573803266624e-01
-1.605402872747530574e-01
-3.069151640572931328e-01
5.936039224106801626e-01
-1.393059149501631455e-01
0.000000000000000000e+00
-2.171549660562092365e-01
2.808253454722566267e-01
8.527013651546372364e-02
0.000000000000000000e+00
-2.449475070858865289e-01
-3.406926317653352632e-01
3.743857354824698391e-01
0.000000000000000000e+00
5.231734750468823858e-01
1.521192863792850125e-01
0.000000000000000000e+00
-1.855314756608819893e-01
-2.439123872207791394e-02
4.889142193377047363e-01
-7.768240268342494481e-01
-3.942383301108233762e-01
0.000000000000000000e+00
-5.269314198922832038e-01
-3.026505118031984631e-01
-6.453993112855007652e-01
-6.839472605892189805e-02
-1.384098237319589253e-01
-1.710960362614803443e-01
0.000000000000000000e+00
-2.979818015769347683e-01
2.262617936477629987e-01
1.545316883644304862e-01
0.000000000000000000e+00
0.000000000000000000e+00
1.820328799603044001e-01
-5.789421110684924709e-01
2.331102005066004040e-02
-8.386361441125018690e-01
0.000000000000000000e+00
0.000000000000000000e+00
8.194558297377918521e-02
6.850494102266833085e-01
-3.864978397767421803e-01
6.780920886777887235e-02
-1.344380846675496954e-01
-3.348331350454105126e-01
7.429195771156644756e-01
-3.503695211864037845e-02
5.543903089803406403e-02
-1.103360253708870475e-01
-3.158747632231527214e-01
-4.600041359494705384e-01
-2.025973021146131869e-01
1.990382548141444718e-01
1.046477696414914449e-01
-2.878647484654138777e-01
0.000000000000000000e+00
9.719569359510070727e-01
-4.402408750349512401e-01
1.802141999300733710e-01
-4.978153808356440280e-01
3.637641968365691869e-01
4.566521977228685802e-01
-4.683482890945918076e-01
7.108647599450476084e-01
-2.467350026590344261e-02
1.085830466216866907e-01
1.232563863612402000e-01
-2.765542694100124772e-03
2.697019991835139519e-02
-6.496425089403826680e-01
-3.270242673465121319e-01
-7.690950840573400615e-01
-5.925656202846752985e-01
-1.113749727452760796e-01
-2.329223539613616833e-01
-2.665448885490636632e-01
-7.083737797850635509e-01
-3.566052627059363433e-01
-6.717625171682375385e-01
9.681886247172127868e-02
8.318108172954807866e-02
-9.568504577213693407e-02
3.555185201123960415e-01
3.519043923673751961e-01
-7.871610934817455107e-02
-6.609655204115612026e-01
4.867026593801098144e-01
-4.364901666382467460e-03
2.633025136694536195e-01
-8.160678576091488778e-02
-9.066853545209214715e-01
6.547874045194225501e-02
-4.944689147074032842e-01
2.887441567964603439e-02
7.223704190363289257e-01
-3.706147202976158017e-02
0.000000000000000000e+00
-1.475235461012682769e-01
8.220274473931810100e-03
-3.679462055938455545e-01
-1.879252978505088767e-01
5.921915246247975162e-01
3.125192102028034324e-01
-1.749566542769608740e-02
-1.223483834253849371e-02
-5.349616567965267411e-01
-6.225568808480669292e-02
4.439326843199781769e-01
-3.943846538985258388e-01
-4.482210177221580549e-01
-3.763399187285824121e-01
5.411930683458625602e-01
5.648264676211860180e-02
2.143394252660266730e-01
1.985720392607924489e-01
0.000000000000000000e+00
5.939139158688315767e-01
-2.210178359236074641e-01
6.657866662316413997e-01
0.000000000000000000e+00
-6.785133068377050547e-01
5.695586003049313284e-01
6.240257515773736663e-02
4.045654975562187339e-01
1.162613721340126083e-01
-1.962511322607826680e-01
0.000000000000000000e+00
3.505384359506718561e-01
-6.364191098144758030e-01
3.049988326543777162e-01
9.092574368608061786e-01
3.236568560065906652e-01
7.421942240033145843e-01
-6.027844434670367457e-01
0.000000000000000000e+00
4.196664785704011802e-01
-2.211722744935699092e-01
4.994331910587286594e-02
7.066167021037498275e-01
-4.703992885098389198e-01
7.668626486210091686e-01
-7.546524558203809852e-02
-4.811710343984580973e-01
-1.815498112319006152e-01
0.000000000000000000e+00
3.109496222543104982e-01
-6.963266574313826951e-02
0.000000000000000000e+00
-2.382061531013603406e-01
-2.245306978577361612e-01
-7.680631524259328158e-01
3.762762581724701794e-02
5.096288398481033655e-01
2.844979459386874909e-01
-8.031924761888739051e-01
4.197229916207467215e-01
0.000000000000000000e+00
6.889868773190106488e-01
-1.265556114631496976e-02
1.156360592557887923e-01
2.962959083993396137e-01
1.711145240352237307e-01
-6.007834372140342660e-01
2.299460469268945623e-02
0.000000000000000000e+00
5.120198129428112921e-01
-3.120815856015710099e-01
4.490907687056207992e-02
-7.343620737303202528e-02
-4.039078542590212109e-03
0.000000000000000000e+00
2.518357251274141451e-01
0.000000000000000000e+00
-7.748865455254968504e-01
3.902377811772205218e-01
-5.198540671573121941e-01
4.408655862011778281e-01
-3.405513332680414340e-01
2.420189805426543189e-02
-2.977662107377135325e-01
1.332921078370072065e-01
3.669245557188078877e-01
2.580421581583016155e-01
