-7.970523508545171998e-01
-7.761578354254343726e-01
-8.779091437858655977e-01
-6.136448866988919448e-01
1.215957790470661160e-01
2.428817294449403530e-01
-3.886513348502147469e-01
-2.358811337115783724e-01
4.558581913252339191e-01
-1.081308074902901234e-01
-5.396678677936372903e-01
-2.814283558672853180e-01
6.125638281350714864e-02
2.895954351113280145e-01
-1.966967187743894618e-01
-4.289517117783883671e-02
3.997905886966999223e-01
-2.150970157528309945e-01
-1.315382771519973126e-01
2.702816185962559348e-01
2.013383308696158336e-01
-2.687246042222661280e-01
-3.762090464989711336e-01
-8.421237211470311568e-01
-5.710504019626708727e-01
-7.100475209439334190e-01
3.673766248180156957e-01
-4.102741311288271575e-02
1.875696212328939183e-01
-3.731925981994726471e-01
2.600137773253583320e-03
-3.743521634104768347e-01
-3.696938548115588086e-01
4.114288236097107254e-01
-4.053171844019226033e-01
-3.366364484845982830e-01
4.095966290689844191e-01
5.163251585385524312e-01
-4.286686734289071182e-02
-1.730865945679670448e-01
-6.421190328796044788e-01
5.531149307938434401e-01
1.973114690608813449e-01
-5.310296436833454869e-01
-2.843517454318792437e-01
3.163913371572041888e-01
-2.662243716043980468e-01
-8.947071073212091719e-01
-3.354254854884858306e-01
5.116781117520196043e-01
-1.569231459005895890e-01
-5.284598943636561325e-02
-1.258820742048367136e-01
6.732271261869880730e-02
-1.159623816794041196e-01
-3.362204631975587027e-02
-1.381010946089810121e-01
-7.378118821503187874e-01
5.543478985148735383e-01
-4.985542937034598970e-02
1.305120419654692276e-01
-2.207579519248151489e-01
-6.073651573367351286e-01
-5.494069359438396027e-01
-8.455627965768105492e-01
-1.903765432158000537e-01
-1.332969536964367929e-01
3.145165486344922989e-01
-3.665502644831751256e-01
-1.845403356076047996e-01
1.550848416346363445e-02
2.748352484151342923e-01
-2.437519023561852127e-01
2.211690229223142456e-01
-3.117747846266922251e-01
8.036259793763427250e-01
-8.543470431951272204e-01
-3.498748638835181834e-01
-4.785629127071402422e-01
-4.778973535491504165e-02
-2.844552312317673581e-01
-1.889633533391215647e-01
-3.007641391508882878e-01
5.204985703047723122e-01
-3.768688206122752238e-01
2.706294274072364170e-02
-1.708532121069057386e-01
-1.283249396550167898e-03
8.800211223324709842e-01
-3.014043781070037120e-01
-1.222288819117763464e-01
-5.994719306958196103e-01
1.343589841370436133e-01
5.460968488833658485e-01
5.344030558419641252e-01
1.440070088638000650e-02
7.996350910350116248e-01
-2.841205476880403480e-01
-7.341842805126286287e-02
-3.257039664056693429e-01
-9.412005535572834924e-01
-7.327118360966327071e-01
-4.703544183716138610e-02
-4.593563406539206140e-01
1.463092107343170849e-02
-5.122807997797630408e-01
-7.013440676930156326e-02
-3.263983526860852469e-01
4.152445263876944903e-01
2.242550811768257990e-01
-2.565237756627000154e-01
3.550012979841926097e-01
9.852583773653582344e-02
-2.310134553129481461e-01
4.868064171275640617e-02
-2.190388476721205624e-03
-5.712814964710177801e-01
1.705296113357254451e-01
-8.465374832190813992e-01
5.039655674567529442e-02
-6.033997771236049301e-01
2.646451666290865548e-02
6.871720336009745633e-01
-2.389408915413302192e-01
5.522707011246245218e-02
1.385833433803524140e-01
4.386358535864965380e-01
7.548373945422797160e-01
1.402970083579638955e-02
3.401136328884967197e-01
-1.488667359775916466e-01
-5.653951780355545020e-01
-9.195669016198008139e-01
2.997342661234515815e-02
5.359121741885071177e-01
2.674994477762396849e-01
-2.862747755083825951e-01
4.020520134595660933e-01
-2.142139845739571835e-01
-5.683063702581419019e-01
-6.112163645248321897e-01
-5.110952230143730457e-01
4.019845503636849116e-01
-1.560712938529215665e-01
-6.143920343156834551e-01
6.965126467686508782e-01
4.364652923763239767e-01
1.146674158649120950e-01
4.173217374096777066e-01
-4.696551769109179597e-01
-4.901989065179812588e-01
-7.141824609042493055e-01
-5.682500549375315568e-01
-7.962494391009578010e-01
-8.082245113025731120e-01
-4.119779453955010884e-01
-5.829907977135502239e-01
-1.654228030407882133e-01
1.329316786626679736e-01
-6.062002813661765410e-01
-5.601786750449272434e-01
-5.316749493925829739e-01
9.405489412647977110e-02
-6.980984601576391280e-02
2.690483637286721907e-01
3.352646180435965295e-01
7.811840099245109803e-01
-2.759520139640577185e-01
3.449197726906021999e-01
-1.086044189456448622e-01
3.680741887937618029e-01
-2.002465574350517641e-02
-9.102709706257491318e-01
-4.620179738175820838e-01
-4.354475003420177348e-01
2.529847878031787900e-01
4.385872980764279339e-01
-4.368366196929338585e-01
3.624273870482776216e-02
1.289845757737466403e-01
3.593179572487424922e-01
-3.694683637763291340e-01
-1.331649079062188767e-01
4.787812656619290230e-01
4.426147955289402303e-01
9.145578593929721833e-01
-3.630590841127798174e-02
-5.868890060940710196e-01
-5.435437650196981579e-02
2.870016784354046946e-01
-7.868146129320249815e-02
-4.567119021276019319e-01
-3.324776380998579750e-01
6.807177563401275444e-01
7.948613396226839045e-02
-5.954399987709138586e-02
1.649409506893013133e-01
2.908727922147787970e-01
6.255880053799935947e-01
-2.074254834818910764e-01
5.800354832515338677e-01
-4.301387144493568626e-01
-4.129069324614376146e-01
4.556694073840538151e-01
5.776132775667425223e-01
3.838009350903354155e-01
-2.294399008277579477e-01
-1.253744157834553730e-01
7.532418144676933380e-02
8.154325113951488291e-02
-5.978859328135381901e-01
-4.627018751073144753e-03
8.537581818186523730e-01
3.758523955406168904e-01
7.662635688997700978e-01
-7.609764139379791015e-01
1.730811736898180131e-02
-1.259430094717910453e-01
-8.355998758090192602e-02
4.814133012266175182e-02
8.044691721362895453e-01
-5.464574529390516799e-01
7.749157922967226941e-01
-1.532494488666747978e-01
-5.119792582487068255e-01
3.220843373983558466e-01
1.240716560798438006e-01
2.185847720547297035e-01
-3.131031909613780639e-01
-8.797338799445287849e-01
-4.223456418387078193e-01
1.304506280789329009e-01
-4.745622285170764676e-01
2.720952097042858009e-01
5.694635534360286133e-01
-5.546321178815586395e-01
7.223882082753890765e-01
5.916385691090225718e-01
1.965946275875112004e-01
5.792425621998186225e-01
-4.041986301182601271e-01
-5.957005177360733539e-01
2.977918794069889796e-01
3.004170163771656132e-01
-5.254730178447236666e-01
-3.137509202672512654e-01
-2.515992280679550386e-01
5.531113422407026858e-01
-1.216066994808976953e-01
2.324582684836070390e-01
-8.784441112357510573e-02
5.269277720171158114e-03
7.195559984542431176e-01
9.571722853662809061e-02
2.609611449379704573e-01
1.107328556694378713e-01
4.115661986362796343e-01
-5.467007567404313928e-01
2.225485015837883052e-02
-5.259242932000294246e-01
6.044634754206290594e-02
6.151105450267024821e-02
2.445724421255895953e-01
-9.545278682866599196e-01
2.036047067275112421e-01
