-1.379657842181378768e-01
-6.593431159672151765e-01
0.000000000000000000e+00
3.483802056435665317e-01
-6.684920925130730662e-01
-5.710296212024128515e-01
-6.148658908277169211e-01
6.911931829152551110e-02
-1.475668163115855247e-01
-7.448884925896809284e-01
3.044028174540378551e-01
1.296653941998866522e-01
-4.398001793136541160e-01
9.645935592057184316e-01
-5.640495989508909069e-01
-4.119193696111955738e-02
-1.915429474481036287e-01
-5.379408623933628064e-01
6.953913035901737594e-01
-3.759690840398930423e-01
5.036541847894546731e-01
8.601125560599156561e-01
-8.629921710438754889e-01
-9.215609543940670445e-01
9.905185226579690250e-01
-3.819408117392479873e-01
9.781117667270043947e-01
9.041323185077414504e-01
7.011783978570451659e-02
-3.252828169564049854e-01
6.569972174370111162e-01
3.161240906826565666e-01
-9.777487845598729077e-01
-4.377047385920262990e-02
6.052779484677350830e-01
0.000000000000000000e+00
-9.146466831357522587e-01
6.928132023949074014e-01
7.723718117742937039e-01
-4.286618014712062497e-02
6.253963689273416282e-01
-3.887027571468339993e-01
-1.344965192243268159e-01
5.799963757848083379e-01
3.878922899548269410e-01
-4.373793757569588436e-02
8.492300929931224651e-01
8.964730287520332741e-01
6.311648957914426372e-01
2.112102790138632724e-01
-5.049427318629684525e-01
8.837353942405679064e-01
-8.884774250820766106e-01
-2.342885745937046682e-01
-6.009468154156683006e-02
8.963433868550230166e-02
-1.566969371902049435e-01
3.012863321948104911e-01
-5.479064253370615756e-01
3.661235137692739894e-01
-5.816094889390592826e-01
2.415519282730822503e-01
-8.403517933472810508e-01
-9.007484015105693409e-01
-7.948398463073422793e-01
-1.213910618926861140e-01
2.097765453152107273e-01
-1.775978407203144815e-01
5.067084272587041305e-02
-1.404525661266549097e-01
-8.958039838993621107e-01
-4.910752578032469007e-01
2.983998047882630011e-02
-1.221938993214943814e-02
-8.081227282359355613e-01
-6.369616058987226381e-01
5.805280847897795748e-01
8.798855317222740169e-01
-9.362428615719986524e-02
7.533884335626132023e-01
7.475586625495560522e-01
8.896808572052101738e-01
9.127487214733731591e-02
-4.390995513548181517e-01
-5.512986609235106528e-01
-5.558023182209121948e-01
-2.291496960217569434e-01
4.927390375431128233e-01
-1.298933958515919862e-01
5.222853236796989318e-01
5.340076560869118083e-01
2.580194148678716104e-02
-2.010328594746235709e-01
3.528190399467252547e-01
6.357553429704865255e-01
-7.573073148169373603e-01
7.473356647013309484e-01
-5.869364407804817940e-01
1.878163076795340558e-01
4.310220385499845541e-01
-3.291106876915312895e-01
-1.867004175355473361e-01
7.246877324864919867e-01
7.505757251185303236e-01
0.000000000000000000e+00
0.000000000000000000e+00
-9.629358409670578656e-01
1.028818954565300370e-01
6.789208457529156693e-01
-8.234409208527475599e-01
5.183994662526658637e-01
1.416729714026576659e-01
1.661854864455336589e-02
0.000000000000000000e+00
5.163604349275852101e-01
6.948028702430049108e-01
5.512301774929211362e-01
-7.910035541463982245e-01
-2.647006406039220661e-01
-6.937337162139363134e-01
4.946243026355889860e-02
8.495189712137709570e-01
-1.075435407733722482e-01
-8.440179911230130116e-01
-5.809060018523428681e-01
9.573228419174470982e-01
-3.917954694460477061e-01
4.365012898810254338e-01
-5.881382519610456328e-02
-1.317817500571625278e-01
-5.577468535420622153e-01
1.913726130613753185e-01
2.173516365034604547e-01
-8.951882527164800596e-01
7.186030881803096015e-02
-3.554619834802399403e-01
-4.120633449205346466e-02
6.661675864381155776e-01
7.169927112617784370e-01
-3.678770412404199774e-01
6.015764329095019125e-01
-2.248191507559043067e-01
-5.375488639212637754e-01
-5.826098185839425625e-01
-5.448587329278586910e-01
5.983475823440205232e-01
-3.556016704853917076e-01
4.261527130323794488e-01
-1.525787950805665982e-01
1.468293000021836103e-01
-1.656241425868130168e-01
6.454097737093145160e-01
3.430888928509592817e-01
8.666881144224358735e-02
-9.308600783025879899e-01
2.195715357761418574e-01
8.345862754533353023e-01
-1.110893689744802959e-01
0.000000000000000000e+00
4.388030187116849223e-01
1.199041260111470830e-01
-5.241636963050169129e-01
3.727979979413731382e-01
-6.979084598651250637e-01
-9.846558395638014272e-01
2.217282726261105008e-01
1.691514958517090772e-01
-3.718188034255835994e-01
0.000000000000000000e+00
-5.485090241755474771e-02
-8.209933206137465245e-01
3.137299573786174189e-01
-6.928493976887983852e-01
2.854925736323552510e-01
-8.760156575684596714e-01
8.821604684903686655e-01
-1.998860423954988974e-01
-4.931438081388475059e-01
0.000000000000000000e+00
9.585116499569403814e-01
-3.786311576538279322e-01
6.215912138268551157e-01
3.155348488283427066e-02
0.000000000000000000e+00
7.028622147759411298e-02
4.810096997947481690e-01
6.321789722861752558e-01
6.163783416606261056e-01
-9.666863775588052654e-01
1.599640171841820724e-01
6.463410607175040790e-01
6.684641813180054459e-01
3.302485625341320397e-01
3.239163440053034471e-01
0.000000000000000000e+00
-3.201927983229218011e-01
-3.949313787883521609e-01
1.750947756951144463e-01
1.151821617892485605e-01
8.032222698171120889e-01
-1.954007047457704260e-01
8.931779544278083405e-01
0.000000000000000000e+00
7.859225134439051796e-01
7.251998271431951970e-01
0.000000000000000000e+00
-8.713062255308270387e-01
-2.568442942547555230e-01
5.054125891658691749e-01
-2.966948622605443120e-01
-8.796952577573013965e-01
-7.246608479572098638e-01
9.913331227783559463e-01
6.158233138701114662e-01
3.753232400095054544e-01
-5.443026274999425151e-01
7.399675436804065143e-01
0.000000000000000000e+00
5.275720440066010708e-01
-1.565252427779562083e-01
-1.214401542492038466e-02
-3.547757179014798812e-01
-5.814853401710498026e-01
-7.740340003682160130e-01
-6.122133948970549522e-01
-9.503106610709541879e-01
7.710197549997632738e-01
-2.415495807373857495e-01
-2.290141346218599050e-01
4.224209426350866714e-02
2.003091742057576674e-01
3.290745198792190962e-01
0.000000000000000000e+00
-9.680361173681033549e-01
-3.778044430915605822e-01
-4.651411858438700975e-01
2.524318263671809781e-01
3.935618433454182163e-01
6.855829684675065483e-01
-2.987180026391622611e-01
4.274094030914277198e-03
-4.597949398270870791e-01
5.441817577632461767e-01
1.835296127222874052e-01
-6.906915191326112868e-02
2.334570120611912103e-01
0.000000000000000000e+00
3.439113713252017757e-01
9.568446884293277943e-01
6.397024020549133549e-01
-7.355109951749740915e-01
-2.068914989564216711e-01
9.918121435523511442e-01
2.247076527214635355e-01
6.061026211985713896e-01
5.339699718997881206e-02
8.711264547230019861e-01
-8.436532478128295764e-01
-9.490738748494762511e-01
-6.499592716076507681e-01
-7.001150317290305569e-01
-4.229732577630449519e-01
-1.127153097900845946e-01
9.295150904681264148e-01
3.118999091007230717e-01
