-5.990705843642798456e-01
-8.422698930166643283e-01
-2.065149268981545383e-01
-2.020723733851275128e-01
7.024723564027657297e-01
-7.050179083651300083e-01
-4.298522848453891765e-01
2.570326768615409652e-01
2.874526484292765360e-01
-6.157900665992177558e-01
-8.111533172723857099e-01
5.931056788381543488e-01
-4.548156979017257129e-01
7.993742819369826780e-01
1.647653630799001956e-01
-6.868585039753114518e-01
-9.409183818715360914e-02
1.139454906782686461e-01
7.829364871480148924e-01
9.776678092985988666e-01
-9.191531882243528795e-01
8.887047232019529286e-01
-1.572949454049219487e-01
-5.619232493580930132e-01
5.686845736760153258e-01
-2.710230220788711897e-02
-4.018106197376101196e-01
-3.714083973052086929e-01
-6.168910293988498772e-01
9.945820477708766649e-01
5.762274064146111208e-02
-4.394005831088756420e-01
1.870990317243048651e-02
-5.092531974380407611e-01
-2.074024471324875663e-01
8.541584334364127340e-01
-9.435289205691392844e-01
-5.835571026808139550e-02
-3.609508162456933622e-01
9.471475200124599425e-01
0.000000000000000000e+00
9.792655883699385999e-01
-5.923717230478804385e-01
-6.299279983604155753e-01
2.735910752903605303e-01
-4.739014406502499721e-01
0.000000000000000000e+00
-1.683674124001153238e-01
-9.109390542857080941e-01
3.265516912277499628e-03
-4.202298192952853562e-01
-4.887694357092131625e-01
7.196254279829283895e-01
8.074689490673505610e-01
-7.764933859786264936e-01
5.011540111788528318e-01
1.077115975091524902e-02
-5.262526983882691578e-01
2.789572656092393910e-01
0.000000000000000000e+00
-6.018836482723108894e-01
-6.257282856639290181e-02
9.311565530369096955e-01
-3.509737184694841083e-01
6.674020861726785991e-01
-7.695040185733861282e-01
0.000000000000000000e+00
4.731119393015601471e-01
-7.158543245401363109e-01
1.342966093630917346e-01
6.756752726059185310e-01
-8.679237991358934590e-01
5.071828256527766143e-01
-8.972826660362749340e-01
-7.541955246773757171e-01
5.973149553861669681e-01
7.026133981782520799e-01
-1.546906639460365884e-01
-1.899410742409515240e-01
3.449116429733114497e-01
-3.157820191652960240e-02
2.568304304603796773e-01
8.903654168634633770e-01
8.746412531878076102e-01
-5.914458954177412853e-01
5.033034347501557093e-01
3.354624802917616222e-01
-2.690150471492636086e-01
-9.359770701729159814e-01
5.161529581682651191e-01
8.221540158098228357e-01
0.000000000000000000e+00
-1.152657105537899795e-01
8.057520490258589518e-01
6.779250764500233117e-01
9.054539849382632344e-01
2.996711416862491983e-01
1.855731068072472567e-01
9.928689792141183190e-01
4.385370083983233247e-01
8.605292987873733868e-01
2.521729465985913521e-01
6.172295849325126760e-01
2.190347493571149773e-01
8.677089387617198391e-02
-7.983171798887678250e-01
-7.930923163047911562e-01
-7.048669040485024961e-01
-1.962826893994615851e-01
3.969747143250090815e-01
-7.981876088961017413e-01
0.000000000000000000e+00
-9.977058264744067539e-01
4.809395064791606167e-01
-7.523475056142991946e-02
8.127225955114101286e-01
-1.685160471412183725e-01
3.870431642225069524e-01
-7.467725047391946536e-01
1.985095686304430007e-01
-4.638402673629844486e-01
-5.719426207120803518e-01
7.727849263421022741e-01
7.906033551465152520e-02
-9.209040365218457147e-01
-6.488156515299408067e-01
9.914135946488462636e-01
7.871177748009339226e-02
-8.940315875738620299e-01
-7.325329374189271103e-01
7.377440705065543280e-01
1.933412708497319610e-01
-7.770106189950278797e-01
-7.206906555919483370e-01
-9.805443955915962295e-01
9.235449274838283262e-01
-5.756712098356171481e-01
8.183411860423313033e-01
-3.147970374571311680e-01
-8.932332453033677844e-01
-9.077936784088738165e-01
9.201530013166170363e-02
-8.264613138910499313e-01
8.842831371053283540e-01
-5.180314523655038528e-02
2.449281068880446721e-01
3.001835488269064545e-01
-7.273101031510880166e-01
-5.735626305765606503e-02
0.000000000000000000e+00
7.798040284912362008e-01
-1.935816210569742957e-01
9.897650769657542202e-01
-8.598378048387029793e-01
6.615080387139846696e-01
2.669696724433392454e-01
6.144317703008934650e-01
-8.742888677022353505e-02
4.746750488205719876e-02
-6.503558509994766812e-01
8.071741800393839039e-01
-8.547720604456066074e-01
-4.178632710673735318e-01
-5.150283081469904101e-01
-3.847762947499235864e-01
7.880122472805866085e-01
6.039620489062160757e-01
-9.717398243147625791e-01
-6.089175677039624368e-01
-7.316375255163782843e-01
0.000000000000000000e+00
-4.679610507749238923e-01
-1.551298481034222299e-01
5.541108007693122950e-01
5.192320390648219597e-01
-6.685436109831512930e-01
3.533045398491054812e-01
3.109257460513652482e-01
-5.826951515397613690e-01
8.986950588889459635e-01
5.893183527560363899e-01
2.296316803845539489e-01
6.684270552290547673e-01
9.005486029353375610e-01
6.662708673577608653e-01
1.218960271502269599e-01
-1.096497149505328839e-01
5.598945241192976319e-02
2.553998546308333673e-01
9.530456970030749542e-01
-6.225798801534256910e-01
-8.174400659439748917e-01
4.899218053832998798e-02
-5.449604639528682348e-01
-3.411633185375475552e-01
5.622444779545205940e-01
3.648570857703561376e-01
-4.814938738778868910e-01
-4.870174487916283379e-01
-2.154108778025594084e-01
-8.509079110268706891e-01
2.413098403318827412e-01
-8.737197416380599879e-01
-7.073254664113823864e-01
7.561164731382286064e-02
-3.581625257970033616e-01
-8.275878701174883556e-01
-1.817466364753994590e-01
4.487861574974898460e-01
-5.623782116335362957e-01
-7.531869057837417003e-01
-7.850006031955099051e-01
1.956726753365980453e-01
-7.736527000418469413e-02
7.608264494668421918e-01
3.994186449898393665e-01
2.504140607945524177e-01
2.021948912431659195e-01
0.000000000000000000e+00
-9.898721806133123913e-01
-3.816190004520270129e-02
-7.833768616563638876e-01
6.928440717494988021e-02
-3.070712481478776734e-01
-2.644408580331325531e-02
-6.821047824922803482e-01
8.389929337154187206e-01
4.109892720149068701e-01
-6.299128918214580430e-02
8.999413982861808048e-01
9.436819465953614205e-01
8.843373183862657250e-01
7.796636122346252140e-01
2.908328345754311872e-01
1.992715574106616039e-01
-5.401241077553333714e-01
-1.121812435288247478e-01
4.063030376223819573e-01
8.435191549913476639e-01
-3.525339349510314690e-01
4.452049921036804747e-01
-3.211349659775002419e-01
-4.768936029067820659e-01
5.874012511777408907e-01
-3.911715524027581381e-03
-4.573564564195160553e-01
-8.750384047299031298e-01
-2.788439011366943276e-01
-5.922713782492039503e-01
5.389085289587591809e-02
1.556032568343694855e-01
4.030144701536586549e-01
-9.485563988736365193e-01
2.055247102531034820e-01
-6.800547421375224832e-01
-4.405388933852980582e-01
-1.632695268524604337e-01
1.644382346224790847e-01
-3.863938724001929614e-01
9.827602370872035031e-02
8.048156124248986298e-01
2.902282241932896412e-02
0.000000000000000000e+00
2.265556289385188826e-01
-3.811649468125932749e-02
