9.772175150048507675e-01
-1.021852604351503047e-03
8.102031907942928157e-01
-7.361265669803680467e-01
7.596324493741173356e-01
6.505481383261735306e-01
0.000000000000000000e+00
6.503744678172358462e-01
5.722067684901442908e-01
0.000000000000000000e+00
2.189369355173154119e-01
7.156572885906649084e-01
-7.726068502428264928e-01
1.425578325396810175e-01
2.246575457025001832e-02
-2.326503202568328266e-01
4.455234810584443594e-01
-4.467252148751899021e-02
9.820318559954800408e-01
0.000000000000000000e+00
-1.641499515494837524e-02
0.000000000000000000e+00
-4.015073337574737722e-01
-1.070228116762936832e-01
-2.176951306977048528e-01
-7.809762362301704286e-01
0.000000000000000000e+00
6.563534638376884445e-01
8.956142096856170021e-01
0.000000000000000000e+00
0.000000000000000000e+00
4.876173176339431148e-01
-7.836720905189860087e-01
-5.186248111403732874e-01
-5.495541666597070218e-02
-1.746301055628340926e-01
1.768032373922050482e-01
0.000000000000000000e+00
-7.878760280537084881e-01
-5.410906289664978441e-01
7.490768508634189082e-01
8.938293925949953866e-01
0.000000000000000000e+00
-2.250312453376817068e-01
-5.838907125959638122e-01
-1.427582455067100131e-01
-2.241100242840254192e-02
5.870906921031644465e-01
0.000000000000000000e+00
-4.402249678423568735e-01
-9.183808783054484559e-01
-5.394364103513658026e-01
-9.851532524659896151e-01
-1.936983346194138811e-01
9.019514412919147350e-01
0.000000000000000000e+00
4.196084988396164839e-01
-9.747185403444658114e-01
2.076648201908348756e-01
-3.844060830227020720e-01
3.780779952410049938e-01
4.675393577859872085e-01
6.850026847189206736e-01
-3.753521121950853523e-01
-5.918274459420711509e-01
9.883600706849757778e-01
-7.392902643036645960e-02
3.908931524315653050e-01
8.208412911198248452e-01
1.144195755256998126e-01
0.000000000000000000e+00
-7.465716783868984185e-01
1.562077443306280067e-01
7.632356680264877902e-01
0.000000000000000000e+00
-2.670596429387286364e-01
0.000000000000000000e+00
-3.623767742903436506e-01
6.152616977741252047e-01
-2.783273660785612336e-01
0.000000000000000000e+00
0.000000000000000000e+00
-1.033069769291670159e-01
5.434558201197099425e-01
8.681241542762225816e-01
9.114237363371016087e-01
-7.795391751548828019e-01
0.000000000000000000e+00
6.668640009592996520e-01
-7.011947043245755351e-01
3.821550828197997074e-01
-7.114882208931065932e-01
8.553163140621096172e-01
3.293714297840944494e-01
3.404783567847424752e-01
-5.597630747789783534e-01
4.372400849005423362e-01
-2.739375742764593724e-02
9.432639045023643032e-01
0.000000000000000000e+00
1.609263112503538373e-01
1.145313472990583392e-01
-6.025270892423687519e-01
0.000000000000000000e+00
-9.048022447519761258e-01
7.932097748846842489e-01
1.856887071992467941e-01
3.927560001483800800e-01
-6.680463527008984048e-01
-5.672114034443133113e-01
1.000000000000000000e+00
-2.386121329784529899e-01
5.709364032218966489e-01
0.000000000000000000e+00
-4.571418093512620295e-01
-1.514642037433102661e-01
-3.858501853196680265e-01
0.000000000000000000e+00
7.596131002268798893e-01
-3.847604514471498760e-01
1.000000000000000000e+00
5.875045883256360124e-01
8.729469968612924013e-01
-5.085601996181468021e-01
6.075041961737358553e-01
1.374529776958619276e-01
0.000000000000000000e+00
5.705559822792540814e-01
-5.413599272731359768e-01
5.216882768880903853e-01
8.908358266205677056e-01
-2.069674413677333735e-01
-1.321798261808677655e-01
9.416453085686404822e-01
1.034808112478351610e-01
-6.227282429359305427e-01
2.850066157375448217e-01
9.847430417782003786e-01
-3.896640922584385658e-01
7.825001147024275294e-01
-4.527745696315761403e-01
0.000000000000000000e+00
2.919141664201649888e-01
2.677880910314438534e-01
0.000000000000000000e+00
9.306655945862803980e-01
4.888543790251058674e-01
-6.727090230257304349e-01
9.990861926022609474e-02
0.000000000000000000e+00
-2.830842531984398835e-01
8.823308065858648241e-02
-6.865433465012564795e-01
1.249958443377314765e-01
5.169642244930214847e-01
-9.632166822612404644e-01
9.093323589522759320e-01
0.000000000000000000e+00
-4.734862927775234098e-01
-8.213870946722036104e-01
-6.076147429686100665e-01
-7.572340111972580834e-01
-2.571918598091769148e-01
0.000000000000000000e+00
-9.968978623214280743e-01
-1.907062698336854656e-01
7.320428100957498962e-02
2.054051177701421427e-01
3.694309020700570212e-01
2.787020765682667878e-01
3.381217700230432222e-02
-9.426742580363508539e-01
9.015984721988573591e-01
-3.395137519176353869e-01
9.821293450434447347e-01
8.062004503697792757e-01
2.841516570186890522e-01
-8.338960682161999927e-01
-6.026283577702478134e-01
-3.260364657877252714e-01
0.000000000000000000e+00
4.396825705470082113e-01
-8.981104631096135105e-01
-8.751621851439348454e-01
6.626181385312122085e-01
0.000000000000000000e+00
-8.160082664771940442e-01
4.168034661225215043e-01
1.228234928523153080e-02
8.880318254571966108e-01
7.780797912433152774e-01
0.000000000000000000e+00
8.213080932424743352e-02
2.290584367049166570e-01
-2.359775787389895296e-01
-5.714228212643628346e-01
9.781056338027482866e-01
0.000000000000000000e+00
2.384693430476290121e-01
0.000000000000000000e+00
8.343237263807679049e-01
-8.149468878130199379e-01
0.000000000000000000e+00
-5.019430893921670300e-01
-4.178729565802986046e-01
1.461833471839959486e-01
-1.608518518823556231e-01
-4.222985663383056476e-01
-8.045601556489323514e-01
0.000000000000000000e+00
0.000000000000000000e+00
-4.403309811264983775e-01
6.932228093754460030e-01
6.485558454210108570e-01
7.079350642449757647e-01
0.000000000000000000e+00
1.743593788487405316e-01
-3.598931519654645361e-02
6.889699268774474028e-01
8.684206169627637362e-01
-4.776354725373028742e-01
5.017342375378683883e-01
-9.878746945094244447e-01
-6.799926123325032989e-01
0.000000000000000000e+00
-6.067019351276314865e-01
4.657271585311353324e-01
4.899205503123675864e-01
-4.791534013055386843e-01
-9.589320892457717238e-02
3.197274623068853128e-01
-6.017389218898981929e-01
-7.573785268422263961e-01
-4.167910165894672669e-01
7.232973415348871171e-01
-4.092887588637441620e-01
8.335581455434775133e-01
1.346460802854190231e-01
6.405491980803406094e-01
-8.882265809083971231e-01
2.088071159949534128e-01
4.043869908311197303e-01
8.804739648735762092e-01
3.131336123990833276e-01
3.264160131965134770e-01
-7.129073292105150284e-01
2.099265585721601379e-01
6.223888205108147886e-01
0.000000000000000000e+00
-4.599309307313493300e-01
-4.165037779645335281e-01
-3.214051687693280090e-01
-7.881832553070400316e-01
-7.511126540359103210e-02
5.742501930177401626e-01
1.288676662433989595e-01
-7.652074787142800760e-01
-6.250494581768643032e-01
0.000000000000000000e+00
-5.638346837823516450e-02
-9.747520099052719988e-01
-7.698596450374377564e-01
9.503819382039592201e-01
8.843719444766862114e-01
5.925641883215229111e-01
