2.219979970249842671e-02
2.190564082719996530e-01
1.636678756349638220e-01
6.811016115336988586e-01
-5.534877134096563012e-01
2.928472330868999718e-01
-2.656002033089670533e-01
-1.742408705538189273e-01
-2.181768190515245287e-01
-3.886444270312822136e-01
-6.712774366555722683e-01
7.708690297087021914e-01
-4.279819601469236345e-01
-8.241377870797983451e-01
2.125363345959599415e-01
-5.248882108945096547e-02
2.298940111247966267e-01
5.736762147692638925e-01
-2.327460521139349814e-01
-7.255767737262744932e-01
-1.426248154600786855e-01
6.350839520646484049e-01
1.788783389319074379e-01
7.699251182393971327e-01
-2.498668845018217066e-01
2.394750534950440546e-02
3.867173846061780496e-01
0.000000000000000000e+00
-9.461853331311154136e-01
4.711612677187384524e-01
-5.485932480462537564e-01
9.790229966000068007e-01
-8.899922990469985029e-01
1.685451846942596643e-01
2.854266398585930675e-01
-1.683786011226286461e-01
-3.848605063909473628e-02
-2.287221154459966876e-01
1.694129075328557610e-01
-9.439156491333007548e-02
3.438376196754228120e-01
-2.053777117906230854e-01
6.655985147663638912e-01
-8.712579912606261967e-01
2.985089062260345427e-01
1.673479134784941758e-01
7.903380988927773965e-01
-2.675392033083101584e-01
6.196032144784449081e-01
8.812371830418045393e-01
6.634870866365506492e-01
-5.883338364194485859e-01
-1.514128878772648679e-01
0.000000000000000000e+00
8.135406556632269748e-01
-5.335967301628102843e-01
2.747630102813573560e-01
-7.808784807249105064e-01
4.722564627108867819e-01
1.948693960111921031e-01
-6.846704565797483433e-01
-6.885058631705605059e-01
-4.440710425019784857e-01
8.452234678846674842e-02
5.385391413911764236e-01
-1.865435527065398835e-01
3.149966950107490615e-01
2.673769697175094606e-01
1.087841148411827774e-02
0.000000000000000000e+00
1.837987490216081710e-01
6.553308616767096195e-01
-4.614976657385309045e-01
-2.135404070748896932e-01
0.000000000000000000e+00
-2.217662199733712036e-01
7.638684223516716276e-01
1.343298423679704368e-01
-3.945276636051426311e-01
4.033974676374596502e-01
-1.907636185916282978e-01
2.830948685349574112e-01
4.883358754496194831e-01
-3.398060294477116550e-01
3.879652774387343239e-01
4.029150685603621884e-02
8.149055069899333592e-01
7.323414859415973144e-01
-3.074769194062541566e-01
0.000000000000000000e+00
8.095829842401995879e-01
4.928547654990602656e-01
0.000000000000000000e+00
3.377209238818820181e-01
1.212910438395423951e-01
2.402217026774566555e-01
6.678940342335230040e-01
6.858582739012144547e-01
-4.818635944379934255e-02
-1.935368239370212629e-01
0.000000000000000000e+00
-7.967566522385893801e-03
-2.288506337159501858e-01
-8.323317324119410276e-01
2.504096183111245710e-01
6.756641008100988666e-01
-6.764168666130048191e-01
1.403355695598947905e-01
-6.238579523837123331e-01
4.515688367066836850e-01
-3.337486289434419828e-01
-2.212186708597010387e-01
3.486902334554662919e-01
-4.238961697388630157e-01
0.000000000000000000e+00
2.828866070525516974e-01
2.897078542584052840e-01
3.477602217466382872e-02
-5.205277790177510466e-01
3.811043939211898324e-01
-7.161113122492090977e-01
5.960452763738022242e-01
6.667112983624258193e-01
-7.617041712834565770e-01
1.729881621845826278e-01
2.446698328146779400e-01
6.370844522885529271e-01
-5.915135896395522230e-02
2.078247313339161850e-01
-6.820215788192696138e-01
5.322826138959260156e-01
3.496200230121886410e-01
2.227307153515946103e-01
1.483779579619762812e-01
2.706588558753745266e-01
-3.596282233526773564e-03
6.380152710984080544e-01
-3.812406541746999888e-01
1.771105193251653054e-01
4.901518249903718399e-02
1.137123613011872258e-01
-1.120363988831427488e-01
1.017981998776217312e-01
-3.159015211199339701e-01
0.000000000000000000e+00
5.322075849237396517e-01
7.926602128848433404e-01
7.800149738754288409e-01
-1.241789373135163133e-02
-5.244241291815967543e-01
6.223357195602683412e-01
6.035560839295081026e-01
-6.754067122627105402e-01
8.012309796949104168e-01
2.932125332500110787e-02
1.790755474831540184e-01
-4.749719660962894441e-01
8.734190868383379103e-02
1.605687094846265928e-01
-3.019383795274751536e-01
-2.569421087621108490e-02
-8.609615824539362805e-01
6.832991068213800645e-01
6.484694674112951862e-01
-1.643637553584474387e-01
-4.414067961558346131e-01
-5.927722318785546562e-01
-5.138264492467219391e-01
2.242813647278084077e-01
-5.086225767832636135e-02
-3.075130156651594837e-01
9.467981040299666695e-01
4.444407698927534400e-01
-1.550788510551573129e-01
-6.058529402758207061e-01
-2.426212419319416225e-01
0.000000000000000000e+00
-7.609269055704758200e-01
6.522115342991225972e-01
3.933550030337457093e-01
8.535402762893902207e-01
-7.315172495680510867e-02
-1.742009157122252905e-01
-5.128617068492934417e-01
8.995387137368170416e-01
-6.806706820116403822e-01
2.849892381513660644e-01
4.603029096961401834e-01
4.408108816248713091e-01
4.004800251649346388e-01
4.434796406313219475e-01
5.736168204081318889e-01
-7.585352388701139814e-01
4.038004147702840552e-01
-3.142404321705299375e-01
1.017426544807862460e-01
5.104603752045790976e-01
-6.367954517635785461e-01
4.033478473354309424e-01
-6.652373822725023977e-01
-2.872880538081106772e-01
-3.419061342431320427e-02
0.000000000000000000e+00
3.841914310950644840e-02
0.000000000000000000e+00
-2.450879053848083189e-02
0.000000000000000000e+00
-3.089804408312232242e-01
-5.862614553877327772e-01
-4.030902672226307493e-01
-5.973761932705683453e-01
-9.098944936943974549e-01
0.000000000000000000e+00
3.255002160322073568e-02
7.259053632967381597e-01
-8.414181490223447968e-01
7.240121481345552779e-01
-1.985702809485553888e-02
-3.243221117438241374e-02
-2.817020403391026218e-01
-1.146675153883946474e-01
5.033667173335314438e-01
-2.617323741071900245e-01
6.117593323249431725e-01
1.187471930394198849e-01
1.340515169198462087e-01
0.000000000000000000e+00
-5.607251644113878664e-01
4.800554448228347981e-01
9.712768242226708093e-01
8.018540170336599382e-02
-5.048499874802605536e-01
6.817877793115032503e-01
4.872146303653150934e-01
5.809157748857119996e-01
-8.111421452799109089e-01
-7.103332905594967883e-01
0.000000000000000000e+00
-7.156882136540848593e-01
-4.324906356909050120e-02
0.000000000000000000e+00
3.037921862300108078e-01
0.000000000000000000e+00
8.326970964715438850e-01
-5.936033419309637571e-01
-3.697651417065267454e-01
2.808118413956560699e-01
-2.952942570729522043e-01
7.522244765224317398e-01
-9.241066258142037748e-01
-4.145014133652084043e-01
-3.518527777039403004e-01
-7.545308220868753857e-01
-1.703629565654911082e-01
-1.886611167091898078e-01
3.497120405447109448e-01
0.000000000000000000e+00
-7.076637813501236440e-01
0.000000000000000000e+00
6.200792583730498908e-01
-4.315175825639956941e-01
6.322772802112062163e-01
0.000000000000000000e+00
-1.268625903278643441e-01
-1.688134770967332221e-01
