2.825084323387290763e-01
-3.626039285965415027e-01
8.090899562163330616e-01
6.976542528590594650e-01
-9.033992875704360825e-01
3.341199249238370750e-01
-4.198349048683674978e-02
-6.235093552678751955e-02
4.644021157948652334e-01
8.570029358562344934e-02
3.528001680153404762e-01
-7.231953923268878981e-01
1.957680998219948343e-01
-3.472282530190288208e-01
-9.321290389237102056e-03
-7.509411446566575943e-02
1.299688471552747915e-01
2.246954946625821514e-01
-1.421352470187716155e-01
3.315414154363580113e-02
-9.979911587589776478e-02
4.193643619580496584e-01
-3.408825856579921019e-03
9.764268806372367049e-01
4.489561113694341965e-01
9.727852144765348763e-01
1.558955435847694249e-01
-1.942640478453197539e-01
-7.437542273842427942e-01
-5.063697292598378086e-01
-2.637014945289245516e-01
9.032484009357382160e-01
-7.942663752187136827e-01
1.606673972508547710e-01
-5.650604358584401243e-01
-2.188782580062473282e-01
1.309970529502866021e-01
7.473979982902581032e-01
-2.616722672919947774e-03
-4.822558248779087453e-01
4.322745522607626123e-01
-2.762646433213307162e-01
9.783917064596541202e-01
6.787405789971406866e-02
2.701000906981302907e-01
5.743339771043898256e-01
7.017355266526900115e-01
-5.598407853455292238e-02
8.675320706450506680e-01
8.077329140517629513e-01
9.890034149925215345e-01
-1.153460373976877007e-01
2.573474353852934771e-01
-5.096282991164274856e-01
4.395926680690767294e-03
7.963084465230914066e-01
4.445261685612041380e-01
-6.432250473713798655e-01
5.259045063301821532e-01
-5.894445751940424749e-01
-5.077921625049411358e-02
-4.308657976889758157e-01
-4.594660367750675878e-01
5.206637939196346876e-01
3.872946405797885738e-01
-2.544755815845427538e-01
-7.385428653015038702e-02
7.309463545733430045e-01
8.535757300791434465e-01
6.471871848536571159e-01
-4.844364869950065766e-02
-3.048911667692912053e-02
-6.808295618002502270e-01
6.238826773551145455e-02
3.572842003964442608e-03
1.305362337677916096e-01
5.811652261273838604e-01
2.285118899204798271e-01
-1.656048136686129324e-01
4.029895945674239477e-01
3.524048554914644971e-01
2.966000364423667358e-05
7.813372167734289331e-01
-8.579994555650738430e-01
-3.946401807004238926e-01
-3.287605063289077423e-01
8.284501025875533609e-01
5.637892439848425363e-01
5.962937884461061433e-01
6.279144411662720415e-01
-1.664223523087262069e-01
-1.507078412661187472e-01
4.168303061119917885e-01
6.402760466811870943e-01
2.281625337697715528e-01
3.545160783838219309e-01
6.627729805290446530e-01
1.202503446255582531e-01
9.298795837078679960e-02
-6.332895409608239878e-02
9.223603753045236386e-01
2.184533167208811411e-01
5.581215577469019612e-02
-6.256954387248943039e-01
-3.220756193067765283e-01
6.860985074104440917e-01
-5.618046297911583054e-01
-1.433941350065930376e-01
-2.150164742849795529e-01
-1.094599198721308841e-01
9.463969856818553461e-02
-7.270894822845926919e-01
-1.351676518862182652e-01
-4.606592472871516852e-01
-7.182557936137797805e-01
1.907705756253283980e-01
-7.676666429629873667e-01
-4.470679248445122433e-02
-5.438319563243987353e-01
4.477265299269498899e-01
-3.774650007163833920e-01
6.054257694882438923e-01
6.690277792472213436e-01
-7.418422987970325899e-02
5.988356045241677306e-01
5.455812029915524386e-01
1.162585732671824329e-01
1.233324577209957418e-01
-1.979776090405940547e-01
-9.256058144501504437e-01
2.435944281730151872e-01
-4.315074652721524462e-01
1.971778037699574715e-01
6.890742921664151366e-01
-5.935976957758750672e-01
2.067579163351669913e-01
9.054236842009445452e-01
-7.145201522624721191e-01
2.569342587616950668e-01
-7.711917985004936027e-02
-2.123646603352941920e-01
-8.957095681708797386e-02
7.431502775877871780e-01
-5.672685843631888325e-01
-4.161894267495186428e-01
2.586988431399293593e-03
8.472834649518705685e-01
6.516818140661042591e-01
1.635871865258287927e-01
3.031337980608087568e-01
1.430664861302293270e-02
3.918370123727897836e-01
-4.446406623106498313e-02
7.393780636483447966e-01
1.842984120424449868e-01
-3.625578220595356282e-01
-8.961431632998322350e-01
-3.437828130225908385e-01
5.254936384930117277e-02
-3.919185619778156049e-01
-3.605740176080968196e-01
-8.438796004776153437e-01
3.545760995447715946e-01
5.847983415340778368e-01
-6.589898202383279724e-01
7.603202033917283442e-02
2.686202839333539649e-01
-4.410654169883314601e-01
-6.354659376143351190e-02
7.680041177809853181e-01
6.339197537747003064e-02
-1.886551073720355021e-01
2.692729325538006369e-01
-8.192934067525052544e-02
-8.951002737740050286e-01
6.009130926626897740e-01
-2.532531457037821010e-01
-3.454480829982273238e-01
-4.764012171278022567e-01
4.327960430076591702e-01
9.280389094765250091e-01
-5.830732868721198725e-02
9.716496697313452280e-02
-3.604000096791526442e-01
-7.883473386411715689e-01
1.575488561891132122e-01
5.832805071328863722e-01
3.765632919345830026e-02
6.961332041379677538e-01
7.199457566367133410e-01
7.708647281394657158e-01
1.408222633556283909e-01
-5.829088088796445799e-01
-2.724826455718116769e-01
-1.102007388811182681e-01
2.210346827945416093e-01
5.785917887712954677e-01
-8.118687071723057480e-01
-2.442479678007435095e-01
-3.912548319422480825e-01
1.574262212827160778e-01
-5.250951583883509688e-01
3.463414411565376438e-01
-4.260961834308873986e-02
-8.212606919848183251e-01
9.285696503762247422e-02
-9.245616278067072535e-01
-8.386920374740862716e-01
-2.035079043742948901e-02
5.285573698696288680e-01
-5.068164114676811938e-01
-9.017352214392015952e-01
7.720473001361310983e-01
1.278166973459388123e-02
6.463104487392565822e-01
-6.230355505690099438e-01
2.020612958586208152e-01
-4.234488905149843552e-01
3.744279760041928085e-01
-5.760888167272744109e-01
-9.225647121596601830e-01
-1.318121461807001682e-01
-2.926034041766984450e-01
1.641563110039495899e-01
-1.550077417696118509e-01
4.001768245286784209e-01
6.726279271318232056e-02
-8.262749166799060463e-01
7.088634872490976457e-01
-8.736140375014657122e-01
-2.982596608559753837e-01
-6.585081275620673358e-01
6.359308065486617423e-01
6.062005165944490681e-01
5.059367486069741293e-01
-8.096903386884815035e-01
-4.121311625239904020e-01
-3.144572635517724479e-01
-3.523649597070824813e-01
-4.226297518318166135e-01
4.868963512926839377e-01
7.368131618746379674e-01
7.213909649989663775e-01
9.794790671712633179e-01
5.743837036031418375e-01
-4.722486228395063601e-01
7.046603858750248861e-01
-3.946145967370524033e-01
2.025723703508359314e-02
-6.623973933176235951e-01
-3.461882721980387156e-01
2.600259231763761281e-01
-8.500820807897773168e-01
-2.055689153815292436e-01
-1.835018771411466298e-01
7.170012143528495807e-01
-7.369091740545601343e-01
9.315112292869007771e-01
7.604611276546803245e-01
4.372040418169056419e-01
-1.518570550205847192e-02
5.085093760412725539e-01
1.977620822987069815e-01
4.962205838891442511e-02
4.373626469554657836e-01
