6.574558312292949624e-02
4.762087541925900669e-01
7.287473289990456515e-02
6.865319816930047780e-01
-5.651998626492907851e-01
2.187406991280397839e-01
3.244891241031958584e-01
-1.235162301720839489e-01
-6.696701818757384572e-01
-6.615872627026084807e-01
-6.662621421902545915e-01
2.399607851871331243e-01
-3.335479809419819031e-01
-2.909765253076689040e-02
1.430672425808763304e-01
-5.789481792658904280e-02
5.358513290179849065e-02
2.888641209922937492e-01
-3.300647957175836256e-01
-6.638325002785142592e-01
-1.248345036257526020e-01
3.008750343975997721e-01
-3.358074015442615301e-01
5.681898261147890761e-01
-1.541404972472843471e-01
1.836841065052491617e-01
1.646546186771879194e-01
8.243576202211891357e-02
-8.312893286822766736e-01
5.057920217141687047e-01
-3.882503574841136285e-01
-5.859512450143745665e-01
-7.289405955098846590e-01
-2.882238465550356898e-01
3.982888811225446246e-01
-1.454086401291090347e-01
-8.133629726792312997e-02
-4.153397286537948707e-01
-2.440203576398828622e-01
8.798142496546151881e-02
1.991281766894871796e-01
-3.992417890606111963e-01
3.348782357414400446e-01
-7.487046078630101020e-02
4.822608832453258998e-01
-7.800234151454246700e-02
0.000000000000000000e+00
1.243842307103281836e-01
4.508249660468428566e-01
9.027145635443662997e-01
1.045474902827892294e-01
2.379249782257487067e-01
4.567074012836162544e-01
3.295874858791222328e-01
6.920784838868727640e-01
-5.145798163817512094e-01
1.433721271491717741e-01
-1.532641816883084651e-01
0.000000000000000000e+00
6.768226785203307339e-02
-6.337675749343556209e-02
7.825997680644336540e-02
-3.370641953234667088e-01
-2.695489141524221033e-02
4.634696539789796566e-01
0.000000000000000000e+00
3.159649789813887555e-01
0.000000000000000000e+00
2.968304905439623359e-02
2.761675409795068606e-02
6.838937304082498558e-02
6.260404735750020322e-01
-2.324492137688913829e-01
1.157969279864294876e-01
0.000000000000000000e+00
3.085601598133537182e-01
9.834111853982954732e-02
1.150990001487546821e-01
-1.407920635960543954e-01
-1.293420791043952689e-01
-2.052279408848557973e-01
7.134371828212748845e-02
3.762408158451674423e-01
2.239856721746946167e-01
0.000000000000000000e+00
-2.305330254950005431e-01
8.066723375317470524e-01
5.891908876882715473e-01
-3.124866739298107210e-01
7.960074197060200418e-02
0.000000000000000000e+00
5.007044562805503807e-01
-2.677650897575718503e-01
5.817739093936129535e-01
2.372377147070854897e-01
0.000000000000000000e+00
4.231042548444602369e-01
7.094071795480645370e-01
-6.749670905280739930e-02
-3.906991254687816606e-01
-1.976058990180377672e-01
-4.726811835236810477e-01
5.857912215969118819e-02
-3.998673324649189009e-01
9.609345830992621629e-02
2.698245692558496334e-01
-5.727253456579892710e-01
5.317465162360510839e-02
-2.864696705262830267e-01
-2.798761923213729519e-01
-1.826468240442879198e-01
-1.646639212292512200e-01
3.361879735360165378e-01
-1.451091832514356250e-02
-1.380911075004932209e-01
3.734942797914153623e-01
-1.988752915432430990e-01
1.643876541400770275e-01
2.028258222266686173e-01
2.868596812165516985e-01
1.334855573128576056e-01
4.812868874503215544e-01
4.689943573129367604e-01
-7.927044520831608709e-01
2.707174703190515785e-01
2.848952948759323478e-01
-1.209373487621309834e-01
-2.787896851136534987e-02
1.327744497401882051e-01
-5.223312630381975463e-01
-3.107131130304312538e-01
-6.931196792311835608e-01
-4.603651024426155813e-01
5.552768378690096929e-02
5.793845712373767443e-01
8.428111425764843456e-02
1.935251035610528469e-01
-3.355656716661942207e-01
1.095381870832751875e-01
-2.207335681972744934e-01
1.384211925890733996e-02
5.548978836808141080e-02
1.004584044816705518e-01
-2.712239300476781967e-01
2.845220817655811849e-03
-1.902220036154023131e-01
5.587319951877030011e-01
3.878829892407106850e-02
-2.512128587604266564e-02
-1.347093187212039522e-01
3.880213884449783546e-01
2.666807838129731656e-01
-4.350071627160697618e-01
5.795873291713826703e-01
1.560317032249015825e-03
1.620590195685209511e-01
-1.893157537737525098e-01
0.000000000000000000e+00
1.495542084549144612e-01
-4.880782695154221029e-01
1.038031809341629849e-02
-6.181115271269210787e-01
4.764932022038314008e-01
4.008975287849699254e-01
-1.150145238371243217e-01
-2.126929076117258233e-01
-2.364700388022998312e-01
-4.928156936794818033e-01
-1.652400573327396371e-01
-5.126445745049902636e-02
0.000000000000000000e+00
1.937220171449545170e-01
3.541459265998727624e-01
2.449342307364807680e-01
-5.077407018532291705e-01
-1.725226045693306620e-01
-3.255466207200235496e-01
-4.702821539782298110e-01
6.025418815435246156e-01
-1.947096508802801662e-01
4.827130288449524298e-01
-9.672793687144128072e-02
2.276012268319423937e-01
-2.039192510382506485e-01
0.000000000000000000e+00
1.012277384201372976e-01
4.110952833402339301e-01
4.747104752815151096e-01
1.509906582726462387e-01
7.039812164443731701e-01
7.950923031780445793e-01
5.745319656041615319e-01
-6.268530038531062998e-02
-2.401500151568787822e-01
-1.129731759918523037e-01
-1.644583263796092487e-01
5.068685687943310647e-01
-5.175771573412429882e-01
6.667291187263908459e-01
2.304556611965192514e-01
-3.438536221374162150e-01
-9.396661018267834023e-03
3.479091615187121511e-02
1.192394363227308393e-02
5.165597051115488059e-01
-2.428018494725555920e-01
1.241801073121957394e-01
-2.039121460402219532e-01
-4.243479254177373594e-01
0.000000000000000000e+00
-6.805133621745476091e-01
-7.573376769929872632e-01
3.682154122581434708e-01
5.631663541038239157e-02
0.000000000000000000e+00
-3.707605994869828669e-01
6.146732644221202246e-01
-6.198492280484393241e-02
1.085203535169186190e-01
6.568737470362852049e-01
-6.094562950523882972e-01
4.554464552781025688e-01
-2.825741296370325450e-01
4.922267013563547677e-01
1.024518670170984358e-01
6.584164508244060021e-02
2.725532585213863435e-01
7.294518242605033675e-01
3.020597037530162732e-01
7.813701557495212890e-01
1.758303592616465294e-01
-2.177180885437592639e-01
2.734835788606364004e-01
2.557685604889279318e-01
0.000000000000000000e+00
5.788970591127902132e-01
-5.874644481862562051e-03
-2.638909988121463171e-02
-5.075423882142914289e-01
-7.303412165868596040e-02
-2.908962253695530076e-01
-6.069419899681088859e-01
1.057164039154066260e-01
2.520079609937766474e-01
-4.268636754472965866e-01
-3.698215472700968065e-01
3.504472591336524889e-01
-2.493073743719838864e-01
5.913031099214215436e-01
1.526325293806513606e-01
1.074590941438983149e-01
-7.869019487826614534e-02
1.721500627038973774e-01
0.000000000000000000e+00
-1.990194727383010065e-02
2.249275965714661041e-01
4.951652510880757974e-01
-6.983687543094192485e-01
-1.192807467509789457e-02
5.387976101771762005e-01
-2.684853847133514826e-01
-7.841170626387600207e-02
-2.161607481380861950e-01
-6.836751970941656875e-01
-1.976801110549058771e-01
