-6.434082283066113739e-01
1.579559006527687659e-01
5.305710545594360950e-01
-1.595797255848007412e-01
8.281865087840135642e-01
8.166374904035373916e-01
4.061888107921676760e-01
4.437037135627851514e-01
-5.284104302312564450e-01
4.363936056277273323e-02
-1.739150261691526644e-01
6.217650410836095265e-01
6.083042110891188903e-03
-7.543530684257309105e-01
5.322272406408610212e-01
2.079697468730387633e-01
-5.502335791044860036e-02
1.800289844563331965e-01
5.757067955138767124e-01
3.347345956933538980e-01
7.557822892306672591e-01
5.235385677662998116e-01
-6.949987174813249124e-01
-3.262101286523394483e-02
4.442290598193014972e-01
-3.972246345166338122e-01
9.980983369754029000e-02
5.549635393316391108e-01
8.186487651720311121e-01
-5.025594495961205332e-01
1.053155184225157137e-01
8.385112762112783003e-01
-2.678019795398381420e-01
3.825577760268194377e-02
6.093379236417630906e-01
-1.897019926151886360e-01
4.152993377466837055e-01
3.804495022769557311e-01
3.613982537718272714e-01
-6.681204219728047455e-01
3.673943508106903844e-01
7.232152659793242844e-01
1.812412369598316864e-01
-7.952174017589265231e-01
-2.119227934466238750e-01
-2.751898852155988950e-01
-8.514678161561390901e-01
-6.739185774513368754e-01
-7.471384773653352296e-01
6.345961558438422134e-01
-3.542658202960255465e-02
-6.967046335227038423e-01
-5.043446931782606668e-02
-4.053108774965065719e-01
-1.263165966725642575e-01
2.388848099895072852e-01
-2.030980869455706328e-01
2.864116272330988200e-02
3.355929891354919592e-01
7.041995341357570881e-01
-1.585443042406720626e-01
-5.573031518248661165e-01
-2.425836088058236362e-01
-2.705573777156251580e-01
-3.659609361204910760e-01
-6.289823733114479065e-01
-2.741618458662223867e-01
-9.915550227571732211e-01
-6.727373095992190688e-01
-1.547984993572423806e-01
-8.038835175660303811e-01
2.235129706306612229e-01
4.832945393485304497e-01
-2.108464655376035835e-01
-1.602307295825552425e-01
-3.916554432992797041e-02
-2.992639759405282263e-01
-3.677380573634494998e-01
-6.173474473327901224e-01
4.434997750425967444e-01
-2.708388850539614201e-01
-1.291855978970317120e-01
5.278526086989508981e-01
8.309609839097387152e-01
3.953891653017078955e-02
-8.604091132245790252e-01
-7.558716726198798641e-01
-4.851734539533953949e-01
8.689590245493136744e-02
-4.213812870857033266e-01
8.671158758045690584e-01
-2.658666084947057806e-01
-3.613009365432348075e-01
1.367719734137334830e-02
-2.063806292272409026e-01
6.697421041761225657e-01
-2.582365371010718613e-01
2.846019335553640062e-02
5.510033903634375951e-02
-6.365627881767029761e-01
1.506316770815949169e-01
-2.388899891577484502e-01
-5.358379506402384251e-01
-5.521314226371809575e-01
7.351447485312090357e-01
-8.575529563021094814e-02
-2.181107891234800311e-01
4.901244076410482542e-01
4.896076526959016184e-01
-3.928193972461932471e-01
-1.575099286156608491e-01
-5.130942507802173091e-01
5.989456547142121279e-01
8.181253529287871862e-01
-3.991677660419643003e-02
-1.699759566623224027e-01
7.109940989029078784e-01
-3.522617131320744388e-01
-3.268528849926316537e-01
4.205930347051312634e-01
-6.076191628925744492e-01
2.597707029215294838e-01
8.480304990761298178e-01
1.435879428720274464e-01
-8.555596351559933144e-01
-4.282416617284995342e-02
9.446039525032029482e-02
1.451547769448773353e-02
-3.314580457151636850e-01
1.647515209094553290e-01
-1.861571381062715191e-01
4.528521568769745542e-01
-4.943352998175427615e-01
-3.517409131227164920e-01
-7.155224749932337369e-01
2.960013388416569136e-01
3.644530457347426866e-01
7.827621162942034472e-01
8.589536949333896887e-01
-8.131318017852653401e-01
6.701501819279299665e-01
-5.547278402372265438e-01
6.748503597448429758e-02
-7.469174654863167118e-02
-2.285861838237200905e-01
-2.745806600286107013e-01
5.969570304399313132e-01
-6.354750022862803993e-02
-3.286874924155148703e-01
5.171249177246692863e-01
1.464195420521078872e-01
-2.195822692790815045e-01
-3.641369476522423598e-01
-6.071586714522705930e-02
-2.901248934188341844e-01
4.394317265004314410e-01
9.046504677467540056e-02
-9.044772858118479419e-01
-8.531573504931358465e-02
-2.420800606887059114e-01
-5.687872207496683652e-01
6.832487998848072452e-01
-1.214302140679455744e-01
-6.500651541960112967e-01
-1.913715565923640449e-02
-2.468121818539255885e-01
-1.487121219681862283e-01
-5.607360997261632285e-01
-2.908524997873147555e-01
-1.051332515212882734e-01
2.786510684207385014e-01
4.385311992968044525e-01
9.098595180987121278e-01
-6.815673105614912242e-01
-1.144719538861058983e-01
4.242346764161876727e-01
-4.275929932448726545e-01
-2.003649436108658477e-01
-2.689158167394448129e-01
-1.383827249124568171e-01
-2.857801632647224976e-02
-1.471420941945270344e-01
-2.459360976215940187e-01
5.944846454405288139e-01
7.137229870086860828e-01
-5.343195725608324009e-01
8.036117184385132006e-01
4.825607042583666684e-01
2.107771705060474676e-01
7.051925793005764387e-01
-8.838500709632721719e-01
-1.543822693192312134e-02
-7.378959433419549629e-01
-4.290037245886725303e-01
2.268408876091812520e-02
-6.976281589445055831e-01
3.755773166165500276e-01
2.422430987456065110e-01
7.981003102540693561e-01
4.444688033735089694e-01
-8.462232322044141997e-01
1.429315905261250852e-01
6.629247655273303730e-01
-4.358477387960552063e-01
-2.210238981932755031e-01
4.490321383303521596e-01
-2.715931383752235306e-01
-1.759650654046089890e-01
1.154827141625460185e-01
-4.225480921395770584e-01
4.264217826512897158e-01
2.724585460308191487e-01
8.650230592777102823e-01
-2.181165110668083496e-01
-2.200738351073494581e-01
3.222477000717021700e-01
-3.384435701627746401e-02
1.349196866964058328e-01
-1.244067365331466557e-01
6.477645023255231838e-01
-8.992903243338026265e-01
8.843615383245051476e-01
2.942691950135500334e-01
-2.102146971720008639e-01
1.913739384300554569e-01
-2.136772089597084312e-01
4.520927105403342861e-01
3.112261024059370662e-01
2.989425686076325750e-01
-2.165246572217264798e-01
-3.176108592467396380e-02
1.169636075996113023e-01
2.312187410679234500e-01
-3.723226193978885351e-02
4.827765685669803686e-01
2.258179380297077599e-01
-8.803731627905452273e-01
-6.398456480936466351e-01
-6.481757597049032649e-01
-6.130215236429787939e-01
4.792890658719990427e-01
5.532013807599192035e-01
-3.924831138079928894e-01
7.465644215889490065e-02
-3.620211770148820674e-02
5.083379210547542271e-02
-8.225042826207984090e-03
5.740728854349474997e-01
3.558337062979544108e-01
8.708646463257051495e-01
-8.927766715092312344e-01
2.141440108288547584e-02
5.004428724618025237e-01
5.623612939853671611e-01
-4.133952768681492529e-02
-4.319192889618872488e-01
-8.856563237055996574e-01
1.395436979917192843e-01
9.076414334810996021e-01
7.317914806512808568e-01
6.333408742627173460e-01
9.676549499738923421e-02
-6.630686606209759137e-01
7.875924405597828359e-01
3.912536395113314081e-01
