-5.109720333356929656e-01
7.839853745312211353e-02
4.265959515636117971e-01
-3.760518220691305702e-01
8.276713433415769927e-01
2.798785670974742734e-01
3.425168207962272504e-01
5.752193159061145256e-01
-5.166710512482244333e-01
1.118282439213101470e-01
-1.791958326655922196e-01
2.691165573835622715e-01
1.314183936193869320e-02
-7.662619031069778375e-01
-2.698214164928861014e-02
2.000227921830083633e-01
-5.245273206551679529e-02
3.569395941760207525e-02
3.047387438922066760e-01
1.560026807813892913e-01
3.757835056878412461e-01
5.259784670775988769e-01
-3.941535650028668569e-01
5.374085386621721416e-02
4.393470061088444178e-01
-9.321481594808224413e-02
7.544264071117236237e-02
5.051272980721256411e-01
-3.130061300665224616e-02
-3.107119010328551756e-01
2.638583471967902438e-01
8.019454441611921780e-01
-4.802382134375763334e-01
1.124784432623562036e-01
1.004083647509949190e-01
-1.545791543655229416e-01
6.031120962467805685e-02
2.728632646841070986e-01
3.176746297015007880e-01
-6.607875676256761421e-01
-2.281247582279979647e-01
7.238116783413742761e-01
-8.992916706714738917e-02
-4.588391314650340780e-01
-2.670810885762612275e-01
-4.255108783987171517e-01
-8.385637396335142713e-01
-6.840480458904736327e-01
-5.473037400048640366e-01
4.761042306185395145e-01
-2.922564536268091873e-01
-7.014372242022500759e-01
-4.707094612739544381e-02
-3.637469837570768139e-01
-1.228105919342972058e-01
-2.727607134695048674e-01
-1.708916157503032607e-01
1.387559825729357543e-01
3.564918010734086096e-01
-1.535510125691422407e-04
-4.964319186354601010e-01
-7.256805014692985223e-01
-2.079417423563447442e-01
-2.735429578199147782e-01
-3.972976645027002651e-01
-3.650971524986333927e-01
-2.021825917862729305e-01
-8.851112156000428000e-01
-3.148900224651157154e-01
-1.579715328660718787e-01
-5.716704031069940184e-01
2.010476216443644326e-01
3.871825212060719390e-01
-2.098625870291382645e-01
-3.991146727182141862e-02
7.714756703781451563e-02
-5.394910178454754845e-01
-4.090728695693588435e-01
-5.959457242955378264e-01
8.047836706870122037e-02
-2.137440909939812561e-01
-8.368626955079656871e-02
7.866759528617792152e-02
2.660093889873366702e-01
-4.842635781711802229e-02
-8.303921952795345618e-01
-3.314077447154341050e-01
4.427511553588766025e-01
4.815594647545477780e-02
-3.386776668900433052e-01
8.644976858640762707e-01
-2.912694120555457955e-01
-1.529769533485417221e-01
2.006813707037304051e-02
-1.887077374012783582e-01
4.518438760120009334e-01
-2.574988306593426479e-01
-2.617420660722425962e-01
8.412468466476672596e-03
-2.433939566742188143e-01
1.048312223492014195e-01
-3.800672610472420887e-01
-4.782153965963639175e-01
-5.410367610293145280e-01
7.408943390767928072e-01
9.059303976766835964e-02
-1.497682402930829992e-01
5.114834688616699543e-01
4.030725474436553379e-01
-4.195548439202695934e-01
-1.559194079178145564e-01
-6.780519032306611127e-01
5.067111714234454611e-01
7.769562871344061206e-01
-1.661024532557322034e-02
1.853402134275167895e-03
6.743260507930403103e-01
-2.793170919109428940e-01
-1.896401858062803647e-01
4.070555022726943806e-01
-6.108224504847812319e-01
2.531481342323132488e-01
5.660777786269119982e-01
4.824935259104217583e-02
-3.152337528242331599e-01
-6.466526542240348674e-02
2.429430858661759673e-01
-1.441426541291037852e-02
-3.521291807649143957e-01
1.639691390290525796e-01
-1.856288051216540280e-01
4.527705322382686859e-01
-2.636298192475184377e-01
-4.107477128336066707e-01
-6.135771015975712839e-01
2.112953862238808600e-01
3.681774726038961054e-01
8.028804892902934309e-01
3.334922225335645862e-01
-7.488408904075625205e-01
6.364110113456701301e-01
-5.714172995916046993e-01
-2.952523454015011650e-03
-5.508183996326099230e-02
-2.299146537255197797e-01
-3.381223769537305412e-01
5.634301408979370818e-01
-2.212802142826762047e-02
2.919542015197374996e-01
1.020295065709015958e-01
1.202634731109068211e-01
-2.741616704739990862e-01
-3.379142780680814973e-01
-6.264186667060477054e-02
-2.882928593352608870e-01
4.334051449610774598e-01
2.900026718572635276e-01
-8.796118176459630789e-01
-9.051541558522061687e-03
-2.282272571360069169e-01
-3.499322404356040028e-01
6.768393351005573821e-01
-8.106257696286689463e-02
-6.455774442615809239e-01
-2.755621696932274850e-02
-2.623098969051121943e-01
-2.021692707538327027e-01
-5.859307586011063274e-01
-3.979829095823935736e-01
6.197291625217730970e-02
5.946090512955249513e-02
6.182834840295928780e-01
8.838628731711777320e-01
-6.749629094100039195e-01
-1.172416723326809435e-01
3.461871025357301512e-01
-4.639628022925217365e-01
-1.327094358887495051e-01
-2.673451879213251114e-01
-1.381460253334046984e-01
6.518578327968574740e-03
-2.490240140701302507e-01
-2.607913180541840403e-01
6.037484880650519914e-01
7.803771659052984866e-01
-5.721495009900881001e-01
7.965979319474281173e-01
4.843066402736272980e-01
1.805933849226886434e-01
6.992830004947917510e-01
-5.109034972444967959e-01
-3.739308822218710866e-03
-6.552934116588499114e-01
-6.361304402023896243e-01
3.630559859837929199e-02
-6.878298260343436166e-01
4.815592397013336856e-01
2.520683390136591595e-01
4.855274824717665805e-01
3.345561958271350278e-01
-6.460768527760755164e-01
-1.010446346120145722e-01
5.188990501344752371e-01
7.728262593178311657e-02
-2.453243614279893570e-01
4.927936075646300318e-01
-2.224479127391115474e-01
1.577925500118596280e-01
1.050137926048680392e-01
-4.205725515394065916e-01
4.078295707555710248e-01
2.720636003503186240e-01
6.652911441493654099e-01
-7.580097878702952985e-02
-1.820471864548272312e-01
2.122841080474986986e-01
1.009366527665367386e-01
8.049472655495319706e-02
-1.624304290300853382e-01
4.421616972872900453e-01
-8.984090132275066587e-01
8.692164115632816657e-01
2.492912357139006607e-01
-2.396890561145471887e-01
1.873853895548173720e-01
-1.535864513353253635e-01
4.537125898162233661e-01
3.797276169065905149e-01
7.747160080939541338e-02
-6.772958407506436511e-03
-9.460887161926982702e-02
1.344683011884289792e-01
2.287718515384933315e-01
-1.369336743379402366e-01
4.846516384596156191e-01
1.950426583349031961e-01
-6.553478584680267893e-01
-3.433755063191074597e-01
-8.034954835124108463e-01
-5.805798222546723064e-01
3.734636527721738042e-01
3.378832801595874624e-01
-3.994002481361683676e-01
5.601050652086435322e-02
2.759568282752582480e-01
4.869946653003088405e-02
2.748860779731655823e-02
4.225311968102329896e-01
3.422577597995417054e-01
8.697116715057006120e-01
-8.006806282679330700e-01
-3.650625918523468516e-01
2.633703105767028207e-03
5.686269732829170032e-01
-3.442384983698259376e-02
-4.784347783407588151e-01
-8.911305014512015399e-01
8.112906885868503837e-02
8.713273927815399222e-01
8.693099612497315887e-01
6.248222441708057850e-01
-3.655642121709847675e-02
-7.359658184978392637e-01
7.890837450783794171e-01
2.920476058511202733e-01
