-5.104802895154567643e-01
5.491760504680533866e-02
5.063744523424655863e-01
-3.630659958058367609e-01
8.232283790842321869e-01
4.870471750472814554e-01
3.511681773360412206e-01
5.447030286357990025e-01
-5.156233504134691836e-01
-2.727700136485584903e-02
-1.549264033332093393e-01
3.582249350631137030e-01
1.261565886139873888e-02
-7.605927692540205287e-01
-1.033320405089132449e-02
2.238867369491869680e-02
-4.181689030473732110e-02
3.914524992114847696e-02
2.313039171627661039e-01
1.386530983097462033e-01
2.019860247802119368e-01
5.267087783237814902e-01
-5.279836540228831643e-01
7.296441475527840059e-02
4.366736471476502235e-01
-8.070531311038316169e-02
7.427031565425849802e-02
4.982041185468186750e-01
2.972692076255852300e-01
-3.123061460156781877e-01
2.862779579123156393e-01
4.623709196494075746e-01
-4.063865309803996739e-01
9.096634522681881774e-02
1.173645572654935243e-01
-1.459035209554833401e-01
6.454990251660883138e-02
9.192540165393325857e-02
3.085586875244893390e-01
-5.581289000641552756e-01
-1.583775286713081654e-01
7.238423321211332473e-01
-2.637106251578855143e-02
-4.060076662363275579e-01
-1.714774133143434354e-01
-4.303247273073972368e-01
-7.391515119684608504e-01
-6.812202831498064270e-01
-4.030624770985323790e-01
4.989032847363120138e-01
-2.893342535273626948e-01
-7.032078749821571995e-01
-4.697729028007563423e-02
-3.935221227803828437e-01
-1.215519449936746377e-01
-2.069100246636284557e-01
-1.587464237748177354e-01
1.338699496773743114e-01
3.101616774376750874e-01
1.019156066544007339e-01
-3.487667921133332238e-01
-5.930866634229201573e-01
-2.013402682656327825e-01
-2.730076334174899588e-01
-3.778674226617316223e-01
-3.934089378450178476e-01
-2.188978885253946294e-01
-9.285399904063073029e-01
-3.841911048704597098e-01
-1.569799768871082968e-01
-5.758618805999655699e-01
1.038029851572154320e-02
3.865202052071454175e-01
-2.086708364680163741e-01
-3.334563623582502412e-02
1.104264701961152617e-01
-3.577402555851054711e-01
-4.108261610221634053e-01
-2.087636090005113298e-01
3.169836179475684634e-01
-2.214654142977152684e-01
-8.341259625944399958e-02
1.097573739638496304e-01
4.121475604624333933e-01
-4.608188390291183267e-02
-8.203834918242727259e-01
-3.576783158950638808e-01
1.053194898866812446e-01
6.078876997902059320e-02
-3.446932610041571476e-01
8.632848916641494563e-01
-2.676769338081769201e-01
-1.248864852634129080e-01
1.709168553223675349e-02
-1.848176093686393628e-01
4.339358911815758280e-01
-2.572360466323827533e-01
-2.349008225324386578e-01
1.659263235712609905e-02
-2.644765134515043581e-01
1.384893291961596384e-01
-3.697013908652796443e-01
-4.794389123111893469e-01
-5.351367218760010314e-01
7.264338721755653205e-01
5.784721754244664949e-02
-1.452380114272813494e-01
4.993157804924411858e-01
3.848680737746558167e-01
-4.169929187180225205e-01
-1.540861628054202848e-01
-6.485082815512199783e-01
4.892110339877060454e-01
7.436565491630684477e-01
-1.655756043757825730e-02
1.449165984977573117e-03
6.871215035747995081e-01
-2.992336772484457397e-01
-2.021747168052286936e-01
3.739243267654099312e-01
-6.103738167972412310e-01
1.301918492737343391e-01
5.838504302399452062e-01
4.763790468374058673e-02
-2.236959861140784545e-01
-6.304041861896123033e-02
2.478400944092225833e-01
-5.729027446986238031e-02
-3.400283655135180050e-01
1.641007176210635687e-01
-1.857114098624673693e-01
4.427926196230174138e-01
-1.836150708401190490e-01
-3.900688899711328705e-01
-6.482525239293076558e-01
2.922938146937237303e-01
3.683829011415937216e-01
7.897364397123630697e-01
3.219174042763842669e-01
-7.472384268865117640e-01
6.106385333599101406e-01
-5.702528969455695762e-01
-8.970844492885120258e-03
-4.445039868387037907e-02
-2.346380929438229290e-01
-3.510222075094147076e-01
5.603572742794007411e-01
-1.179570347109043862e-02
3.383692725441770910e-01
2.277891109986465157e-01
6.235042445479185846e-02
-2.473796856096685537e-01
-3.457371307901376256e-01
-7.051705407507644074e-02
-2.867588860677395268e-01
4.397504901056144000e-01
3.156379914054405211e-01
-8.819730925904194496e-01
-1.249590678651429226e-02
-2.162552042722479251e-01
-3.970604556406913122e-01
6.689426719407347566e-01
-3.016673935506206800e-02
-4.679667869113272594e-01
-6.807601198747214796e-03
-2.653494946480015604e-01
-1.938055629263388258e-01
-5.230727405760117188e-01
-3.600816079726537611e-01
6.110806964184196943e-02
1.040630393404750470e-01
5.110565369835385896e-01
8.522224789457939487e-01
-6.761499748735371185e-01
-1.178811937187229097e-01
3.565673176042082337e-01
-4.584821824429277659e-01
-1.300635074401757518e-01
-2.645580811697376689e-01
-1.380081214195042483e-01
1.050406440600699237e-02
-2.307019340514959160e-01
-2.583836097911971219e-01
1.693700584064141423e-01
7.838978879741523853e-01
-5.748495643436306590e-01
7.767700509465974568e-01
1.196566474583976858e-01
1.938462593848554461e-01
6.988869268277962954e-01
-4.645112601952725018e-01
-1.016282932196225543e-02
-6.544564875920545477e-01
-6.283278032328494245e-01
3.278140311468960566e-02
-6.930953567553306272e-01
4.799562593694907675e-01
2.367455393949710885e-01
4.854875131005398359e-01
2.067896823313625787e-01
-4.702963220837559355e-01
-1.000373508300654024e-01
5.284003910745296295e-01
7.748373675833780672e-02
-2.097393103642780643e-01
2.821823197611358358e-01
-2.148238163859879646e-01
1.405698892483247253e-01
1.010702717602290496e-01
-4.211955003683020005e-01
3.917616523705292897e-01
2.721230773120461022e-01
4.703351302204993867e-01
-8.054149640003270549e-02
-1.845225676538868875e-01
2.078326667608698108e-01
9.502724098359957572e-02
9.046296601292364015e-02
-1.506641159727123702e-01
4.316519137856686394e-01
-8.918011610393397071e-01
8.772599012561426157e-01
2.457593110873625419e-01
-2.256080375730894760e-01
1.877586893158006698e-01
-9.239892235188440495e-02
4.655094949039745300e-01
3.407653183610860892e-01
9.581812128523350958e-02
-7.050217743209404031e-02
-3.572277965822485968e-02
1.177206665410910069e-01
2.291071267814168422e-01
-1.934663828881743319e-01
4.838219906829126504e-01
2.052937026297519951e-01
-6.487536555709789710e-01
-3.410508316756508118e-01
-7.748791213698036362e-01
-5.482488917569279252e-01
3.535723387674706841e-01
3.082641720441666733e-01
-3.985840893356873416e-01
1.007694695619950065e-01
2.132833488161713087e-01
4.767620682540828908e-02
3.972961875857675129e-02
4.760622476794629243e-01
3.756342249518247467e-01
8.635078615180951100e-01
-7.463082065846465829e-01
-2.629943626718895811e-01
-7.085769946131206809e-03
5.607998182649291952e-01
-3.985239111010407953e-02
-4.765393590748079333e-01
-8.842172556337022371e-01
6.873504181244891389e-03
8.868962355987231039e-01
8.797777824774581923e-01
5.686154158518110791e-01
-5.528409506214797958e-02
-7.010944277420246840e-01
7.890136374863866431e-01
2.891873202876951154e-01
