-5.097389351872511076e-01
4.791159517337927054e-02
5.160073084334541038e-01
-3.543898355464968342e-01
8.276830141010295128e-01
5.088623530281314311e-01
3.599277958573683378e-01
5.463805498679642492e-01
-5.161592447164504716e-01
5.641022762191118950e-02
-1.767606405009495563e-01
4.127462592195339508e-01
1.290793787360360219e-02
-7.631998532415871228e-01
-1.367315593481894520e-01
-9.996311286480491151e-03
-4.512316896975529512e-02
3.849415534850821052e-02
2.561822197723589434e-01
1.390774822390160037e-01
1.967884833438701964e-01
5.269793947048700966e-01
-5.114917535307474949e-01
5.466077805512095655e-02
4.406042840630351454e-01
-2.108286307046416952e-02
7.537149108761138916e-02
5.033476320624500344e-01
1.641431829028800193e-01
-3.081952151177869137e-01
3.048778918388793113e-01
5.430564887000640523e-02
-3.971115130194948772e-01
8.854950567754564517e-02
1.128510280329465404e-01
-5.695746288839826851e-03
7.924739354943140246e-02
2.190386006803734520e-01
3.027077077554158335e-01
-9.337055005270680774e-02
-1.591248106702271015e-01
7.239190289166302916e-01
-2.952097514568964576e-02
-4.021918107497020611e-01
-1.634363541980937695e-01
-4.201913360732413283e-01
-8.408219223816036925e-01
-6.805724414432303693e-01
-3.645189244702889408e-01
4.739535522335001083e-01
-2.866929365112295680e-01
-7.014445718714038547e-01
-4.666783337225133277e-02
-3.650137686148575145e-01
-1.228590858524281487e-01
-2.771423302518362108e-01
-1.649297166636541911e-01
1.282451727494691163e-01
3.430119788530387459e-01
-7.019231435571198809e-05
-3.476500181545050250e-01
-3.803778114198276272e-01
-2.276986931460437125e-01
-2.710857886818764384e-01
-3.735801675511585818e-01
-3.945744818453030822e-01
-2.157246591102731370e-01
-9.029416685542802634e-01
-3.876814842650426196e-01
-1.564142916759826696e-01
-5.734976603781036797e-01
-4.863080175674680625e-04
3.873810957711217862e-01
-2.074796993224484742e-01
-3.182200731024872192e-02
1.029388409050802367e-01
-3.751531205315081774e-01
-4.124162006644738754e-01
-1.687830400286493560e-01
3.906233647960601907e-01
-2.173636712801995108e-01
-8.368202016891471140e-02
8.997563995235303980e-02
2.671250467765811654e-01
-4.635232380186991158e-02
-8.549753651308824587e-01
-3.595534531903639142e-01
1.074338944638572324e-01
6.688243594017685700e-02
-3.449284624464239446e-01
8.652991534393554840e-01
-7.475814031885495703e-02
-9.564325408553088492e-02
1.963848571463087250e-02
-1.858464213263427145e-01
4.519177898708505725e-01
-2.575213007406553234e-01
-2.369420308559155863e-01
1.504040593628937911e-02
-2.921202031849169378e-01
1.037577338621443190e-01
-3.604625930666814915e-01
-4.826420844443586322e-01
-5.359579881128342382e-01
7.409237131868775528e-01
2.187342510548867178e-02
-1.456584570507261922e-01
5.141506821721752996e-01
4.018991094935926434e-01
-4.168971319363234396e-01
-1.542896745567020056e-01
-6.794725036262942997e-01
4.888212990794155166e-01
7.532095744578147789e-01
-1.655618959729544468e-02
9.346820292523167623e-04
6.874271008547063744e-01
-2.990671358215539755e-01
-1.929787022194391632e-01
4.064256141059360283e-01
-6.105779901444050584e-01
9.660961232312512137e-02
5.843634908654226079e-01
4.558022658062851201e-02
-2.335147089368629358e-01
-6.411808422538095575e-02
2.629720942174920695e-01
-2.110511215526149342e-02
-3.385542879301398078e-01
1.639658290128055973e-01
-1.858687685955321411e-01
4.523357432676421430e-01
-1.920320126363928015e-01
-3.894779213465608403e-01
-6.428634763690116438e-01
2.912287130913889244e-01
3.689588478304053898e-01
8.311367632832871166e-01
3.223093374179608617e-01
-7.470183923825162164e-01
5.402516726554479343e-01
-5.696660925116422414e-01
-1.398616721178174045e-02
-4.606591312689199691e-02
-2.351337688601562448e-01
-3.507595742856240428e-01
5.638047964854880911e-01
-1.314822208522224874e-02
3.468888517072217237e-01
2.393073380563107699e-01
2.904922178867936494e-02
-2.603647109059037401e-01
-3.391415722374311326e-01
-8.328192865939057499e-02
-2.879657421869018519e-01
4.354609054535701906e-01
3.420258103117500559e-01
-8.808610043135151058e-01
-1.107040581624583152e-02
-2.156546527900571053e-01
-3.905578947521400335e-01
6.755162109335316467e-01
-2.020565902692457796e-02
-6.455427116324949921e-01
-3.590863818306519028e-03
-2.697349211374266975e-01
-1.930134415228250966e-01
-5.147586817785738678e-01
-3.642231148989907852e-01
6.412679624509294574e-02
1.113259202772008682e-01
6.080855383340119102e-01
8.968438584373541467e-01
-6.745863420212208084e-01
-1.176074099879773766e-01
3.508408144910690196e-01
-4.580696156662424912e-01
-1.339071936538160368e-01
-2.645193186369933502e-01
-1.365064200643326675e-01
9.926920314626387978e-03
-2.090202517734903453e-01
-2.584092835032775204e-01
6.039474216611386836e-01
7.791722828533094170e-01
-5.755118580341574974e-01
7.928311071862016446e-01
1.214878704370939561e-01
1.851626752968905665e-01
6.988412265970552761e-01
-5.055993522634577575e-01
-7.665200836464276801e-03
-6.550039529760736112e-01
-6.327418524869699024e-01
3.253136305546944218e-02
-6.898218335699948245e-01
4.976901539019995546e-01
2.510599598754387207e-01
5.052646881126641176e-01
2.355384278611399873e-01
-5.120241065533424063e-01
-9.898232614433860599e-02
5.226235091175830405e-01
7.835107422162729263e-02
-2.191536196225065958e-01
2.641277366495319856e-01
-2.185782442764594991e-01
1.497282017698993162e-01
1.006074361708697573e-01
-4.207694334997145735e-01
4.101022400651515021e-01
2.721196193287648835e-01
4.299253859531518285e-01
-7.609900592003610020e-02
-1.820342604145520626e-01
2.082014902055886463e-01
9.657917475504460003e-02
7.766684808200643997e-02
-1.606153023440487493e-01
4.423092090160502532e-01
-8.985284978444518789e-01
8.679148135139690412e-01
2.396490695772309776e-01
-2.157717815276666840e-01
1.854105105402431564e-01
-5.490164278239105522e-02
4.469597305297610124e-01
3.598174735071774100e-01
1.705638604493514565e-01
-7.208458524230415554e-02
-8.840282444890447400e-02
9.396007460846582393e-02
2.290334763522801631e-01
-1.394481157971537988e-01
4.839043817318213758e-01
2.050063758550055015e-01
-6.385760608748265454e-01
-3.548568733114403906e-01
-7.696043489614021738e-01
-5.748469114500858179e-01
3.575260775468698804e-01
3.384329667545425413e-01
-3.985726314815631333e-01
9.952150796483136275e-02
2.229565726743947818e-01
4.868931458379890248e-02
3.964529830927940313e-02
4.677240855238387063e-01
3.625435805828698399e-01
8.676249741122241677e-01
-8.010547039536595193e-01
-3.168317032414105228e-01
-1.202806887836128588e-02
5.741501861856092015e-01
-3.707171022233362451e-02
-4.731014180254284884e-01
-8.872952424614821698e-01
8.051566574644332397e-02
8.802634261590220888e-01
8.674573429602182584e-01
6.267106781054531117e-01
-5.320271064274956219e-02
-7.007867193520076476e-01
7.889841859288977410e-01
2.875068363559042939e-01
