-5.106303479767998477e-01
5.928469999210019686e-02
5.063981070011716046e-01
-3.632888617793170738e-01
8.238335298212209334e-01
4.622623503466209982e-01
3.578295996621915220e-01
5.447047503383644074e-01
-5.154958585374391777e-01
-6.903536570010661982e-03
-1.487179319604929606e-01
3.622691247349448807e-01
1.260452672796186918e-02
-7.603978354834409759e-01
-1.412171588397085308e-02
3.294329612043480487e-02
-4.170010114297560688e-02
3.973443529402381769e-02
2.314818428186421750e-01
1.388515394875746711e-01
1.989886285961648404e-01
5.267379357884522939e-01
-5.286911194762963229e-01
7.704094030673039328e-02
4.364927741078278300e-01
-8.826301083089770072e-02
7.448475935639678469e-02
4.996420822276758655e-01
1.785738245401292112e-01
-3.135452586768390226e-01
2.919213788268243959e-01
4.589435801594021758e-01
-4.086365176425090784e-01
9.093366984477459225e-02
1.170962734908846253e-01
-1.580427225641711231e-01
6.444083901103013490e-02
1.392888032408678145e-01
3.084448050873662694e-01
-5.554469641114430090e-01
-1.579959098635274339e-01
7.238458183919979083e-01
-2.634192954418218546e-02
-4.148468343481267473e-01
-1.704538413144431608e-01
-4.297103746923917056e-01
-7.422640821584921555e-01
-6.804922587539440348e-01
-3.877288164397756365e-01
4.902261641774241507e-01
-2.888866084774941445e-01
-7.032536836326049867e-01
-4.692453199510625284e-02
-3.817175721356750873e-01
-1.216245622498643986e-01
-2.070665034827320894e-01
-1.579002194262865422e-01
1.336226789851926722e-01
2.800805673476463586e-01
5.636933752005820336e-02
-3.487315042475639948e-01
-6.266051386382327504e-01
-2.000626680827291837e-01
-2.734186900578811641e-01
-3.753285006948500202e-01
-3.904597605559427809e-01
-2.179347380115003452e-01
-9.363509494347876938e-01
-3.826989408502197154e-01
-1.570099013409210764e-01
-5.751560588450826961e-01
2.555285835405350647e-02
3.859368900910644662e-01
-2.085343693365465101e-01
-3.722047080049736140e-02
1.138813198205933380e-01
-3.534876640740175491e-01
-4.108722717672144142e-01
-2.050478733129496300e-01
3.392494061816794249e-01
-2.224588619285044200e-01
-8.341140011911740704e-02
1.393180500753684325e-01
3.524512477782992814e-01
-4.583878584808336043e-02
-8.222722909518851431e-01
-3.573924191067307521e-01
1.062621989297287128e-01
5.821645803868621266e-02
-3.447270931803452787e-01
8.636742141257420791e-01
-2.446753806908406326e-01
-1.258651566614989448e-01
1.674489235427382983e-02
-1.855901017604014713e-01
4.387627713842651156e-01
-2.572221672035514550e-01
-2.338667432498482968e-01
1.618226705253979214e-02
-2.636014511830808149e-01
1.313033552824733052e-01
-3.696514771471949290e-01
-4.765066542236059965e-01
-5.351372826203617539e-01
7.254164676267201850e-01
5.483446782279373377e-02
-1.452334167381603147e-01
5.016075769219900948e-01
3.888900065583256738e-01
-4.169979480399066407e-01
-1.540855279808927003e-01
-6.489173175462146226e-01
4.892319701206221949e-01
7.433176780069026268e-01
-1.682401485882586631e-02
1.906017903869368759e-03
6.871544274681056219e-01
-2.991390598016583913e-01
-2.020120029335352729e-01
3.679953812825971227e-01
-6.103359845291815855e-01
1.074696956733591641e-01
5.840952015220985949e-01
4.777723042260872965e-02
-2.233233969790883178e-01
-6.251775999187443589e-02
2.345521655539626882e-01
-6.441921242421512483e-02
-3.400630367169813484e-01
1.624204759233764395e-01
-1.858122050504206202e-01
4.474743368388115483e-01
-1.818486416468471367e-01
-3.901667987675981886e-01
-6.518333952450485747e-01
2.920706706365748806e-01
3.683851739762294963e-01
7.959516878821173425e-01
3.220695986405957556e-01
-7.472239912781364346e-01
6.173965603264883750e-01
-5.703405592178667494e-01
-5.658577480946749144e-03
-4.409608567688234199e-02
-2.349108548761265070e-01
-3.510064162269146970e-01
5.600231562185945533e-01
-1.134124674827718428e-02
3.397760544487198331e-01
2.043234983072971800e-01
6.211739474614856593e-02
-2.488876875903557051e-01
-3.426454718875880934e-01
-7.244459131196509527e-02
-2.873972731976034978e-01
4.396076619743646274e-01
3.133866496442315741e-01
-8.816350193111480715e-01
-1.235883464736466444e-02
-2.162763560967622678e-01
-3.978820457013341194e-01
6.687874678810021845e-01
-3.158142944891313697e-02
-4.916833190581051949e-01
-7.637969550168356714e-03
-2.682107877173276478e-01
-1.933965510773279495e-01
-5.232226731065903191e-01
-3.620476118566288704e-01
6.114182963677517596e-02
1.035566214186990214e-01
4.930225478003472106e-01
8.568914014048345518e-01
-6.770680535229757213e-01
-1.180648047276727231e-01
3.566553526698645893e-01
-4.588852461338289723e-01
-1.280991591009731367e-01
-2.645635370268357156e-01
-1.382775331008156694e-01
1.126124362308767064e-02
-2.334524790750482914e-01
-2.583914750822781103e-01
1.395962110575660886e-01
7.864123109221297092e-01
-5.748894419232039033e-01
7.455113254897498543e-01
1.188780991901247225e-01
1.887151706933689610e-01
6.988846613183999912e-01
-4.629047062492207543e-01
-9.939467185783765549e-03
-6.544808672067053967e-01
-6.285368989158981456e-01
3.340586917596630179e-02
-6.921297277261677650e-01
4.799730703532339993e-01
2.357060627805490638e-01
4.942171132273439627e-01
2.029905293076695871e-01
-4.389831288900312711e-01
-1.004276226123696214e-01
5.286956406418840126e-01
7.778091724719522759e-02
-2.114758341451389856e-01
2.801539615473545020e-01
-2.142769686365668114e-01
1.494477069284474713e-01
1.010730652797322132e-01
-4.208579504055895426e-01
3.945374425179580258e-01
2.721263055771906969e-01
4.849931688811391917e-01
-8.645861108443168852e-02
-1.845229313148389338e-01
2.068956958218510778e-01
9.546452371544994486e-02
9.181196996138642208e-02
-1.506724728521008916e-01
4.344312085983810245e-01
-8.922344646866889883e-01
8.663088951591276787e-01
2.494970584581305828e-01
-2.232548498717823460e-01
1.867465076368689803e-01
-9.963816133878193593e-02
4.668007700405467642e-01
3.387377655011903355e-01
9.769930414894220649e-02
-7.196272222358923720e-02
-4.726254674063441741e-02
1.063539105194821616e-01
2.296740489864899648e-01
-1.742236277010286438e-01
4.838440742683460805e-01
2.053137253881195112e-01
-6.463282115454569432e-01
-3.398650958313791937e-01
-7.754085075218483114e-01
-5.557647701020470565e-01
3.511237919457143586e-01
3.070335940584730805e-01
-3.987089945724637263e-01
1.002122656401851220e-01
2.129194448167840703e-01
4.749577679422471027e-02
3.952958656179642039e-02
4.768661764186214458e-01
3.774224462125162494e-01
8.666765410759863508e-01
-6.976008681092543684e-01
-2.773510871044097548e-01
-1.668413611713919636e-03
5.275798174918091554e-01
-3.947583955986734561e-02
-4.806532859056246165e-01
-8.842322278343164310e-01
1.121570411532071647e-02
8.865917760472104003e-01
8.796046947420136375e-01
5.686871873553021040e-01
-5.488670811375813419e-02
-7.011734941121934295e-01
7.890133744657694681e-01
2.892528857895851901e-01
