-1.586914063504827332e-01
0.000000000000000000e+00
4.170467479507862230e-01
-2.953653216544535054e-01
8.274438570249048608e-01
9.630127945876264250e-02
3.419979533222080037e-01
7.028770603995043720e-01
-4.982991922226140402e-01
4.504681578827436361e-01
-3.870197309048654943e-02
2.218088851867900946e-01
2.134764687353393406e-02
-7.694155652313594551e-01
-3.070549894354336340e-01
1.981788111144790754e-01
-5.476046074210557529e-02
4.839243028696760263e-02
5.841140143736887058e-01
2.354029957229389347e-01
-9.882578240998102226e-02
5.338033927762882991e-01
-3.126178027317511043e-01
2.924487106676161852e-01
4.447385015699292232e-01
2.309476866603791811e-01
1.801160942498769291e-01
4.639314140000626030e-01
0.000000000000000000e+00
2.500694913402614628e-01
2.252796344459050970e-01
7.861510428512076265e-01
-5.093692375580657350e-01
1.105933560724414177e-01
5.446610911239868624e-01
-1.544395060996532620e-01
2.532782096152729201e-01
2.727158443045402114e-01
1.431032367271806161e-02
-6.694478424410237327e-01
-3.164510835994498450e-01
7.250960187731370077e-01
-1.851984984898636111e-01
-4.978381610023931980e-01
-2.741539367451015230e-01
-4.124095081256313744e-01
-8.383671442164146725e-01
-6.850397380215182963e-01
-4.654400672476736167e-01
2.217569297429952124e-01
-3.627921758662047136e-01
-6.966392805183173609e-01
-4.648425176663832648e-02
-3.637255240588569971e-01
-1.222425309212230721e-01
-3.950667135098372973e-01
-2.028598583020707613e-01
3.153100533528457317e-01
3.565461790305909928e-01
0.000000000000000000e+00
-5.845487895383602028e-01
-7.496857445969040690e-01
-2.491757556798591955e-01
-2.691093047362846380e-01
-4.006742454769672834e-01
-3.669025171127416884e-01
-1.563291509495878251e-01
-8.801748153723334411e-01
-3.270971813757321822e-01
-1.637499590022100104e-01
-5.714844807878715072e-01
1.995282391107937037e-01
3.127705209698167232e-01
-1.380158379771218580e-01
0.000000000000000000e+00
7.208135790866461445e-02
-5.359131052345641466e-01
-4.318214856067584817e-01
-6.902052240703567820e-01
0.000000000000000000e+00
-2.035014368914926930e-01
-7.088313225087819469e-02
0.000000000000000000e+00
0.000000000000000000e+00
-5.070297460848881971e-02
-8.737297654138471703e-01
0.000000000000000000e+00
4.745128465231397419e-01
4.238056291664601960e-02
-3.339298037578483092e-01
8.706779947444227563e-01
-3.137645657070637362e-01
-5.972735522362568328e-02
-3.328791128440916625e-02
-1.523307803861741472e-01
4.652812984471492719e-01
-2.599096723117688690e-01
-2.798659429973223700e-01
-4.396097791296657564e-02
-6.963144857709151481e-01
4.862630109246747490e-02
-4.945137443889646711e-01
-4.497120653251200362e-01
-4.997555772949564545e-01
7.424101858712097712e-01
2.210630076160712276e-01
-1.527435908126950626e-01
4.077069909792484514e-01
4.150485994196212447e-01
-4.192706800264042744e-01
-1.584227446334966483e-01
-7.177686711817671261e-01
3.808122811298990662e-01
7.278033286147660430e-01
6.660568405002952573e-03
-1.199204147953780997e-01
6.752959971524987726e-01
-2.404170223767564674e-01
-1.946861376232830176e-01
3.732303632685036177e-01
-6.109597012108414216e-01
2.521874089899948101e-01
1.293187703747192829e-01
-2.824268603281447909e-01
-3.509236655226416479e-01
-3.011043518729731791e-02
3.204296445479328237e-01
-7.862437679242874344e-02
-5.446955154748782668e-01
1.638493424840402057e-01
-1.833088525548213221e-01
4.529541012404453837e-01
-2.793357721959970896e-01
-4.333861394069982165e-01
-5.218179579069096574e-01
1.906010830988904836e-01
3.658395209973552831e-01
8.659815945329911724e-01
3.585108332343768245e-01
-7.593617465799672450e-01
3.152848166121826057e-01
-5.487527636621865046e-01
1.055123867493714673e-01
-6.421133410771302785e-02
-1.899088229023880303e-01
-3.361046011513478815e-01
5.618509692861858307e-01
-8.962480970033749605e-02
3.919704492655893269e-01
-4.404834297770177098e-01
8.397830668426853329e-02
-2.960277484309860041e-01
-2.125971885030440989e-01
-1.555114322505066204e-01
-2.900446855508688193e-01
4.101133646335382577e-01
4.562290076660918681e-01
-9.095761124855020752e-01
0.000000000000000000e+00
-2.344818565568850266e-01
-3.111961828747486503e-01
6.951116332856573932e-01
-2.483171110973036166e-01
-6.438026643850930375e-01
-1.498203086108466087e-01
-2.591570298316648868e-01
-2.224834247851049385e-01
-6.055016681344618235e-01
-4.069145409940727598e-01
4.797229098798151681e-02
-5.638594578485554842e-02
6.641200827804839557e-01
8.847026120285870210e-01
-6.604668856837957458e-01
-6.117181880649085607e-02
3.347247843956704383e-01
-5.073490679293952699e-01
-1.126246377841934598e-01
-2.684401853112068359e-01
-2.549012653228116543e-02
5.969066271309539373e-03
-1.531862264826736042e-01
-2.667938948170294200e-01
6.148629143859070112e-01
7.774021458142276186e-01
-6.358687497001083155e-01
8.058881476643704467e-01
4.846524327461003145e-01
0.000000000000000000e+00
6.970117738423249332e-01
-4.657820146783030468e-01
0.000000000000000000e+00
-6.966164495350876118e-01
-6.474794563201071718e-01
3.785365777450313413e-02
-8.879224799447598127e-01
5.395212532210681422e-01
2.523457929456797144e-01
4.749238880939473106e-01
3.848901367635998438e-01
0.000000000000000000e+00
-1.562705078173921569e-01
5.082185419601472631e-01
1.329038795325325761e-01
-2.584505577641054153e-01
5.876630182935598246e-01
-1.332480822989455804e-01
2.462859367052344928e-01
1.167388080283845164e-01
-4.306187377240452419e-01
4.101046384509159370e-01
2.726248380415944306e-01
6.479112099229370481e-01
-7.486266136475036581e-02
-1.822689170425691174e-01
2.495604309094979212e-01
1.134821471074466959e-01
6.119805126866061096e-02
-1.636545627445573359e-01
4.356637339342938620e-01
-8.957384769050172890e-01
8.566902128469817690e-01
1.339158349537193649e-01
-2.847779885139431477e-01
1.757153936770770031e-01
-1.468433302928371098e-01
4.323183895313409408e-01
3.051341249297387925e-01
3.675437993958384497e-03
0.000000000000000000e+00
-1.234270279145189830e-01
1.441652773957829425e-01
2.284268949924092018e-01
-6.181065942334952601e-02
4.849630939405657482e-01
-3.486499696637224144e-03
-5.189654688423575024e-01
-3.994097259347417217e-01
-8.444638590161688274e-01
-5.262892589256642495e-01
4.810721062182412577e-01
6.452320408430377574e-01
-3.962354757790654269e-01
5.501924099055172102e-02
2.877462592530237173e-01
4.694761955019773753e-02
5.748728992929055814e-02
4.153581930245778264e-01
3.419125367923734338e-01
8.607822954375466962e-01
-8.009008983248583347e-01
-3.541253379878983587e-01
-6.079886435643538922e-02
5.686365545691447476e-01
-2.427917950033498320e-02
-4.813502658020633040e-01
-8.856113463654013973e-01
1.634205049513698660e-01
9.127829529766923189e-01
8.773270708852816124e-01
6.234309710708554331e-01
-2.495052621717838010e-02
-9.207398554430918924e-01
7.895164904497917746e-01
3.034207851828644720e-01
