-5.097791429149315379e-01
5.907720574043685835e-02
5.063416543380753199e-01
-3.579834160382288077e-01
8.233634818958750490e-01
5.009391833996266197e-01
3.573845967888435449e-01
5.443462909627266866e-01
-5.154796059997189817e-01
5.612904412901131845e-03
-1.482342322444558658e-01
3.785344172762820092e-01
1.263059857007656911e-02
-7.598406894331442007e-01
-1.540117351881229585e-02
8.673005651960841167e-02
-4.206456166458814178e-02
4.160623014989739410e-02
2.310615337371015876e-01
1.388872157104346639e-01
1.975263995103451464e-01
5.266677189286325111e-01
-5.105693236419067693e-01
8.218784788988592327e-02
4.345011062590704576e-01
-9.020636769826548274e-02
7.464994306949371272e-02
5.017152567952690712e-01
3.096610893005484755e-01
-3.105553695772249045e-01
2.962735742026290087e-01
3.770619659172081972e-01
-4.094166234740020949e-01
9.092814244691060921e-02
1.175334469361445366e-01
-1.604677205047025934e-01
6.381662619898266497e-02
1.630240236259868636e-01
3.125279477522797666e-01
-5.362602811539531888e-01
-1.578580512223188015e-01
7.238525297640274747e-01
-2.621033967564668013e-02
-4.040466550497298082e-01
-1.699422643106031638e-01
-4.276799056763626039e-01
-7.423563685353649078e-01
-6.805531777625239975e-01
-3.754670709504997483e-01
5.043399645437569578e-01
-2.882780262429750495e-01
-7.028918574864505553e-01
-4.689297567547551920e-02
-3.936102640342649117e-01
-1.216991522665977488e-01
-2.098579225299137263e-01
-1.577382513687203280e-01
1.338310977395597012e-01
3.402158366625072095e-01
9.985993453124689112e-02
-3.487355112091127252e-01
-6.769517143762601163e-01
-1.993595648353561067e-01
-2.737783091660722645e-01
-3.858857241359242574e-01
-3.904317787200113354e-01
-2.177289741698723025e-01
-9.167168088960031547e-01
-3.852360301543293897e-01
-1.579633829159438896e-01
-5.749956107675854300e-01
4.085530390555978247e-02
3.858367793876006369e-01
-2.088079418994606973e-01
-3.126814026684844594e-02
1.079592009280474496e-01
-3.440887410627108678e-01
-4.107099504451351413e-01
-1.659122523933874993e-01
3.032709601959848178e-01
-2.212915093281808687e-01
-8.359057428327010264e-02
1.075560668624033350e-01
3.452603327705466851e-01
-4.502997471760649545e-02
-8.247594977254312232e-01
-3.572748981986304528e-01
1.063925009372873320e-01
6.237544504685043484e-02
-3.446830269528604607e-01
8.632564458407452346e-01
-2.902073519706021010e-01
-1.270387436704067674e-01
1.645024653593735176e-02
-1.848385623892977170e-01
4.318980555237936225e-01
-2.572231086326438043e-01
-2.357548011821823941e-01
1.661301385687688481e-02
-2.627920949300746045e-01
1.147116368555507054e-01
-3.703145609229714363e-01
-4.796446948357370732e-01
-5.351374653847558172e-01
7.233918895981599206e-01
4.917552864718609945e-02
-1.452290222828097610e-01
4.988633135282436459e-01
3.890464923487075843e-01
-4.169921873571195148e-01
-1.540824684056842919e-01
-6.513503667769462435e-01
4.893139192184842168e-01
7.431178702418795856e-01
-1.688776971906819774e-02
1.891299806846445707e-03
6.871967576206259309e-01
-2.991281708444888943e-01
-2.022791273221476172e-01
3.631874831518694946e-01
-6.103034408788200471e-01
1.297795748437450825e-01
5.838634103467935654e-01
4.798932847380080191e-02
-2.245479983122794787e-01
-6.249387085815861359e-02
2.473018079295877247e-01
-6.538355118802745281e-02
-3.386584746685475378e-01
1.641837981193513818e-01
-1.859171408908721623e-01
4.389470351093739398e-01
-1.861619561908491871e-01
-3.901771437551283528e-01
-6.541851115984131937e-01
2.914360947301644078e-01
3.683864767727123568e-01
8.236740093945997820e-01
3.220885226664374490e-01
-7.472405912688204754e-01
6.108851789192822901e-01
-5.699781153493703734e-01
-5.512801932475431405e-03
-4.129250542254313261e-02
-2.350580566978008878e-01
-3.510017670834968961e-01
5.592356749290724460e-01
-1.012058674715927802e-02
3.469828873010286641e-01
2.272154966529492670e-01
6.878606015518508310e-02
-2.494739243433296005e-01
-3.482631664586062770e-01
-6.968057833981641802e-02
-2.865241106806819538e-01
4.397527808557827322e-01
3.182816042379114085e-01
-8.813860919795132309e-01
-1.254909321985159774e-02
-2.155935533982458185e-01
-4.000343671165326742e-01
6.689603676043706093e-01
-2.397250715433856330e-02
-4.674390148653363997e-01
-8.556831006531278108e-03
-2.696308008986376681e-01
-1.929467056766707156e-01
-5.233361273772695332e-01
-3.557031850021585839e-01
6.098701291448048456e-02
1.101734928269057501e-01
4.680178269406120029e-01
8.497072338425396554e-01
-6.745643041601707690e-01
-1.181541267362916509e-01
3.565586842162959957e-01
-4.591528987587117361e-01
-1.262612350484943746e-01
-2.645334262812015225e-01
-1.383345327047869333e-01
9.968654268172486357e-03
-2.283984269916577436e-01
-2.583948235199832744e-01
1.203649419709876683e-01
7.802107216578307858e-01
-5.749022184168871563e-01
7.451854700178542901e-01
1.188391773758067510e-01
1.880432978540623468e-01
6.988820850411905372e-01
-4.682798080782988870e-01
-8.499154640510585626e-03
-6.544491093953365146e-01
-6.292821255376006562e-01
3.443742058046570659e-02
-6.951296683513623620e-01
4.799048715935430587e-01
2.389359373101437312e-01
4.851551840074413979e-01
2.239332166953602044e-01
-4.084159636846744768e-01
-9.897029675370214163e-02
5.288738011549271034e-01
7.541639812699042766e-02
-2.082596330714341359e-01
3.185756729618263727e-01
-2.152922339433404886e-01
1.532537969143964451e-01
1.010517360120211927e-01
-4.207747800580566855e-01
3.761657069707289858e-01
2.721262683326312048e-01
4.988632972950940436e-01
-8.691137661155737271e-02
-1.845258574938442031e-01
2.079776725848677676e-01
9.474743748763307660e-02
8.910135259192500379e-02
-1.590486271941718988e-01
4.434662879903958355e-01
-8.932358525123308413e-01
8.805190529803854638e-01
2.458615712240096451e-01
-2.196370508370018015e-01
1.867565962005451330e-01
-1.065692985386056946e-01
4.668059733372282305e-01
3.577355903942531223e-01
9.083612209026439843e-02
-7.199659319779146138e-02
-5.679021408802728543e-02
1.024697925478453980e-01
2.296654934017300365e-01
-1.957230711987925642e-01
4.838665750007059563e-01
2.053960224678713087e-01
-6.410584103473195849e-01
-3.412989363117909791e-01
-7.760025991564500902e-01
-5.470986770225556572e-01
3.474710889804318303e-01
3.037231377693712098e-01
-3.985891741861832260e-01
9.953876945020947997e-02
2.120892603908296759e-01
4.799570531279591379e-02
3.741315626095249175e-02
4.768984415102441310e-01
3.750570253598746184e-01
8.665432297038878628e-01
-6.894133943927459596e-01
-2.996476863545294300e-01
-9.805065674405387399e-03
5.265404466441793163e-01
-4.073193393637961068e-02
-4.734982560287722686e-01
-8.842390891440945477e-01
1.472464307559166394e-02
8.861028891302271671e-01
8.747208512371457134e-01
5.719511026955692579e-01
-5.468092582301668780e-02
-7.008443956599443858e-01
7.890040913315083948e-01
2.894629485079801556e-01
