-5.089781712993619589e-01
5.974302167620937354e-02
6.119244183264825887e-01
-3.781995756414329724e-01
7.303252934076918113e-01
3.980077696051285141e-01
3.594035945954785483e-01
5.247931038274632476e-01
-5.121887266889469936e-01
-4.349879214400058092e-01
-1.338459212130712617e-01
3.378544748441320578e-01
1.123624710268004458e-02
-7.271327513903118600e-01
1.730653259837321434e-01
1.521067674308584083e-01
-9.773972641005243545e-02
1.032696437910188281e-01
2.813846845458896073e-01
8.531397802139926989e-02
-8.294946453121852803e-02
5.352412020215222554e-01
-5.372335700289888605e-01
2.054025726184890155e-01
2.170061829322456892e-01
-3.020868667562354865e-02
6.669994903363495042e-02
3.104000788685218892e-01
5.003281466948440448e-01
-3.743839534959242377e-01
1.962521860285380837e-02
7.934086594565772366e-01
-4.378639659304239817e-01
1.295018351349508934e-01
1.736566073243540620e-01
-1.159573208635129998e-01
9.279807229957809378e-02
2.628142851367221144e-01
3.170270599218930618e-01
-4.847160473587340812e-01
-1.262701427598553749e-01
7.117227703073290002e-01
-8.295626649054697876e-02
-4.295274631696146539e-01
-2.395852251840781821e-01
-4.880175820214094351e-01
-1.677066155188424723e-01
-6.915143986070222404e-01
-5.565187806079131549e-01
5.098065066229434672e-01
-3.195563735175319664e-01
-7.121963870786569561e-01
-5.191663166482813480e-02
-3.992123731735575110e-01
-1.108518453170737050e-01
1.182914703669770903e-02
-1.817272791462855586e-01
1.294356554344155419e-01
2.781949072922431654e-01
2.292862559008047585e-01
-2.643898320976066363e-01
-6.486670578523485720e-01
-1.635506841079306661e-01
-2.738826848765022470e-01
-3.892853446985850008e-01
-4.430674080448013252e-01
-1.505246795059970999e-01
-8.735891880167431234e-01
-3.713884885503798694e-01
-1.586063840409362991e-01
-5.746351743917719190e-01
2.353843728428318127e-01
3.788438874735334250e-01
-2.098183956748730372e-01
3.844486235320822287e-02
9.394618972257920420e-02
-3.463991599343359540e-01
-4.123242528100108384e-01
-2.509383995250464849e-01
3.850826822602003707e-01
-2.469044182457711123e-01
-8.160803123953191962e-02
3.855549378255834769e-01
7.812531291980642223e-01
-4.235215375874206573e-02
-8.146613627137656577e-01
-2.948474482704523392e-01
1.353698527848162525e-01
6.493938880437193084e-02
-3.413324961655759271e-01
8.579444743910975557e-01
-2.864169058215498831e-01
-1.477213591782869373e-01
2.278896172215374299e-02
-1.735626248371665015e-01
3.654102186684698994e-01
-2.525298269754249203e-01
-1.951809838225562477e-01
1.945937761657501319e-02
-3.934138062300231997e-01
2.645014085210575239e-01
-4.158779979268582006e-01
-3.992321103334881549e-01
-5.036378165402067841e-01
7.029445166093177821e-01
1.133103639607563884e-01
-1.429618861245724737e-01
4.856672750876004363e-01
1.062744123859253043e-01
-4.142854626281788355e-01
-1.576950208680445997e-01
-5.648054623479780156e-01
4.016494647674950791e-01
7.264239534505961826e-01
-4.902936486263434132e-03
-3.057731886768708801e-02
6.733616615711743858e-01
-2.813471272022051717e-01
-2.170442192073541721e-01
3.389173011307652361e-01
-6.098212361997917830e-01
1.195866735485752669e-03
5.985624446467160409e-01
3.842705101510415777e-02
-3.095873935459143023e-01
-4.508472655452108735e-02
2.219159117413471438e-01
-1.518422674441969322e-01
-3.368728255431757690e-01
1.308767346321844105e-01
-1.809475408373973637e-01
3.256256918876024309e-01
-1.706299625287882593e-01
-3.818755507505931512e-01
-6.448555000505130641e-01
3.405633033358091977e-01
3.682087706057245446e-01
7.530967880954777538e-01
3.123004622664014018e-01
-7.267687162175857640e-01
6.363070763847690214e-01
-1.237032852939871086e-01
-3.373145774525505933e-03
-3.676745614333438994e-02
-2.187231218122995258e-01
-3.491542838476192068e-01
5.216164669237253193e-01
-1.867924728103431253e-03
4.890366893029112622e-02
-8.114034224280838870e-02
9.420834973022942926e-02
-2.320878785264845201e-01
-3.866980893605782565e-01
-1.236898818170204528e-01
-2.810243818218109979e-01
4.594401058635658730e-01
3.630953528464478941e-01
-8.899366823074559285e-01
-1.169264021105547238e-02
-2.178140501184606670e-01
-3.952108822516021691e-01
4.194120722062217449e-02
-1.667408027377621088e-02
-2.297808567558088516e-02
-1.581871636574253004e-02
-2.533606337675140541e-01
-1.920292785686028014e-01
-5.690170697524558063e-01
-3.200094174297367644e-01
5.658076126889011181e-02
-2.243981934798103609e-02
6.087532028690146868e-01
2.024648232531907899e-01
-6.834286367686207564e-01
-1.188516138892258545e-01
3.521632170127442785e-01
-4.846888570777205807e-01
-1.234903914300897743e-01
-2.185072739706670486e-01
-1.394477629957709131e-01
5.280653658724013960e-02
-2.617406633300324303e-01
-2.645021138116373516e-01
5.081962904093275668e-01
7.855784338177974613e-01
-5.731908055797912960e-01
7.642225394489507995e-01
4.736065810445807545e-01
1.430128525614385859e-01
6.545877492497620409e-01
-1.864881855837257629e-01
-1.037084473802138938e-02
-6.609259213496307961e-01
-6.188349760172615621e-01
4.463102181337804536e-02
-7.441690225615144039e-01
4.582216128147486023e-01
2.322715976004530725e-01
4.343710608149652375e-01
2.245003576410584401e-01
1.043745219268748109e-01
-1.125056672215723197e-01
5.372309938671293583e-01
7.429989673118238269e-02
-2.081862584921834736e-01
4.544521299150344751e-01
-2.096085822945341626e-01
7.085053975493536826e-02
9.311499007266478556e-02
-4.215288881075994198e-01
3.226569051423583412e-01
2.751079617704404456e-01
4.259231266449692299e-01
-1.125062108138829148e-01
-1.858263188071197225e-01
2.070194737402399898e-01
-5.275562676544864535e-03
9.839505824713420945e-02
-1.448970796830311991e-01
3.987754887890165856e-01
-8.771421077224051954e-01
1.150086202832623083e-01
2.506590831156698118e-01
-2.458456091561455614e-01
1.940751078119954398e-01
-1.237237217391980726e-01
5.369446316911782313e-01
2.517796207315980417e-01
9.161041888237925201e-02
-5.601849759023366099e-02
-6.978515711607874428e-02
9.750717312255285929e-02
2.528326663070145641e-01
-2.440957131101295086e-01
4.962271111588894557e-01
2.112506501373155876e-01
-5.063173317038747179e-01
-3.218741466118675287e-01
-7.539686869743846831e-01
-5.039275878800379971e-01
2.896183603173211329e-01
2.510171153620259776e-01
-3.992457826044181757e-01
9.707436729261373354e-02
2.087400217847201755e-01
2.287708698084173556e-02
1.802090183289404429e-02
4.413957433810419273e-01
3.789103389615405826e-01
8.594191889002996687e-01
-3.521378287449221101e-01
-2.248555463968175960e-01
1.689467798040865040e-02
4.199376096395320834e-01
-1.751769694266621102e-01
-4.914230701141404922e-01
-5.477902679693482657e-01
1.129111376253042337e-01
9.099469043504685439e-01
9.236194682382644627e-01
4.127757537389648013e-01
-5.245314592136836318e-02
-7.857657396141770612e-01
7.894841130461948131e-01
3.242668814915280473e-01
