-5.117088424394995450e-01
1.108352462213338663e-01
5.159998710239125375e-01
-3.785511780076522559e-01
8.277786501074002601e-01
4.966576872914239549e-01
3.610555441889905515e-01
5.421307482733674910e-01
-5.161364660872768129e-01
8.177122540339250290e-02
-1.817698168830822469e-01
4.288389696432780562e-01
1.155470697838760670e-02
-7.577408063392341298e-01
5.835003584140456556e-02
2.014253249104427379e-01
-3.186490270197849667e-02
3.518000778639909787e-02
2.103563283370679382e-01
1.581513455092868337e-01
4.748443124933588999e-01
5.259585676632008155e-01
-6.053421730938054468e-01
4.272007375727665535e-02
4.389377122974006395e-01
-2.455613539475993284e-02
7.516625218747773063e-02
5.035125976448497909e-01
5.234167452179412372e-01
-3.181502280287042961e-01
3.075636801653873764e-01
8.109769452954134206e-01
-4.784756974357460835e-01
8.710690567576255539e-02
1.001944210805726376e-01
-1.769035977927373993e-01
5.675715122960267589e-02
2.696514246714980523e-01
3.123020350789692534e-01
-6.609755951387747963e-01
-9.263357836209444585e-02
7.235659697040046634e-01
-1.286497481283299313e-02
-4.035056401999795872e-01
-1.081046798760303407e-01
-4.265277038417928934e-01
-8.431289524248378742e-01
-6.796887886615534669e-01
-5.679894335366442171e-01
4.997203440536363006e-01
-2.394491983206279984e-01
-7.031433699803151249e-01
-4.708442846717848101e-02
-4.032321371835103641e-01
-1.230166192965443106e-01
2.854910736467709820e-02
-1.308890493249856291e-01
1.362703724453324938e-01
6.104140145544244972e-02
4.914845175139766380e-06
-2.238634874453173940e-01
-7.183131775152579168e-01
-2.023241286540851946e-01
-2.739609963947318150e-01
-3.823121526936785752e-01
-3.993034132720694185e-01
-2.389502778638397940e-01
-9.807750340727219296e-01
-3.874443310931777740e-01
-1.560654088829062369e-01
-5.815074084087344941e-01
2.401774785490500552e-01
3.897597804515272046e-01
-2.084191752368664829e-01
-7.623884400178858323e-02
1.172011831490933909e-01
-3.429427237718686849e-01
-3.979168597829909615e-01
9.673172279000774587e-03
3.950943301794256901e-01
-2.291153113713122746e-01
-8.374560626102019179e-02
4.572482182564828190e-01
7.378608911412540827e-01
-4.507563685971965189e-02
-8.157777216775888851e-01
-4.638811208823991339e-01
-8.634575834361264690e-02
9.535796194845252982e-02
-3.458630945011646474e-01
8.640789410568622264e-01
-2.913452550005310449e-01
-1.541095391031663264e-01
2.092095336248647047e-02
-1.882324590842681944e-01
4.454583913312274990e-01
-2.574749135254200127e-01
-2.296202764256370099e-01
1.798726887116164352e-02
-2.465718651616806978e-01
1.045627653908659110e-01
-3.587179939572797682e-01
-4.863037102324504479e-01
-5.428826931398230693e-01
7.408505350763364694e-01
4.944612002688125035e-02
-1.353491894195650302e-01
5.137380415812899948e-01
3.992854150614504327e-01
-4.128525210106289700e-01
-1.533687269212493931e-01
-6.750423231501726518e-01
5.147034073295092549e-01
7.819857816063650047e-01
-1.966045357835441085e-02
1.397213633922518052e-02
6.951519182491013860e-01
-3.021233031455674012e-01
-2.044979552990349170e-01
4.071285570706822399e-01
-6.092949860226459791e-01
2.534546709171405787e-01
5.751890800041190577e-01
8.142446162711451663e-02
-1.949870483850031366e-01
-6.447418299830373623e-02
2.323445851161798636e-01
-4.783390104870144030e-03
-3.379154343690353723e-01
1.639800649560385071e-01
-1.860599483295321543e-01
4.523546204386302838e-01
-1.638449067820703098e-01
-3.885060447182055454e-01
-6.728544727850085394e-01
3.159099792749737179e-01
3.691256316935631054e-01
8.033599313142552045e-01
3.030155921055963097e-01
-7.452594232477938174e-01
6.434428516241001983e-01
-5.888548906290054230e-01
-1.807283948992433054e-02
-5.194525593418229670e-03
-2.462351870996038472e-01
-3.514817558159327726e-01
5.659137226415369426e-01
-7.815054223645812037e-03
2.893675180774511468e-01
2.378864097779888609e-01
1.197349189267504638e-01
-2.403176863883177139e-01
-3.376438969776582866e-01
-6.198585915593488038e-02
-2.877562892535887595e-01
4.401267329299253794e-01
2.840410577747704002e-01
-8.734580008151868746e-01
-2.456496712168298666e-02
-2.154258196199684283e-01
-4.636754704491142243e-01
6.748398271237070478e-01
-8.168024832981309047e-02
-6.474913653368095101e-01
-2.718120626537433998e-03
-2.696071453689136144e-01
-1.927467899265067897e-01
-4.709721739078042146e-01
-1.994198268735322133e-01
6.606885308011911651e-02
1.271341111122984979e-01
6.083988300707402486e-01
9.023117801986011433e-01
-6.838558515183993380e-01
-1.172313088429239591e-01
3.625543960551953493e-01
-4.468969913609293076e-01
-1.486266209476831968e-01
-2.645637320594185216e-01
-1.379728806007421427e-01
1.054661433229656109e-02
-2.604243116998381513e-01
-2.570936431851131854e-01
6.042883600791744136e-01
7.997051580334849641e-01
-5.732734596235299351e-01
6.652950857506291227e-01
4.843840200970598864e-01
2.114069828489384684e-01
6.992761222743844041e-01
-5.123707270594811680e-01
-1.053997625970006825e-02
-6.524456576419617182e-01
-6.304691962536480565e-01
2.545988185963939110e-02
-6.936485148141531276e-01
4.825026714138225814e-01
2.463179021170631422e-01
5.359438643780038980e-01
1.819118618632472040e-01
-6.848214298955694890e-01
-9.813201190119207051e-02
5.227665265635799141e-01
7.654370546136948783e-02
-2.041955819482073609e-01
4.865688230780144119e-01
-2.225054683905652586e-01
7.047572222519542240e-02
1.007483805360947504e-01
-4.205372316809038447e-01
4.073464572819185392e-01
2.720114737154101237e-01
4.360841706002392959e-01
-8.311229676663313415e-02
-1.819633648349072985e-01
1.995124466901457838e-01
9.139133511799499288e-02
9.788913737554789940e-02
-1.475559759890056333e-01
4.469786851021835261e-01
-8.995932446245940017e-01
8.727508699835906381e-01
2.497193223312396126e-01
-2.399764407536977562e-01
1.905472450112997707e-01
-5.168604906576411417e-02
4.774740569104598542e-01
3.841289127006644599e-01
1.934408319584986491e-01
-7.038438308655006748e-02
-8.560342954092620138e-02
9.597314561171430003e-02
2.290223483109979363e-01
-2.335466961101341221e-01
4.837356297263201155e-01
2.241619973780345776e-01
-6.809577289456654192e-01
-3.038974667627596382e-01
-7.536557307292868213e-01
-5.810586886072035551e-01
2.733593142363535677e-01
3.325042069034273018e-01
-3.993892286148868487e-01
1.222814631681432007e-01
2.023599825289192078e-01
5.085960868667822876e-02
2.824253252369327352e-02
5.340894609924288217e-01
4.434173153237715992e-01
8.700806586124962827e-01
-8.010829742744067783e-01
-2.373602658500008622e-01
6.696683212949963715e-02
1.734247048010806869e-01
-4.801023863171985373e-02
-4.697166660671475147e-01
-8.918920502045289966e-01
7.657467622442498678e-02
8.707275119810516939e-01
7.974575803083561176e-01
6.269152727353097809e-01
-5.986662971643199466e-02
-6.717962219890014630e-01
7.888385023011822428e-01
2.847243030146545117e-01
