-5.110463463725817279e-01
5.358246338976845741e-02
5.065078718840163585e-01
-3.630383137719510600e-01
8.263859429552964375e-01
4.553317814045207967e-01
3.448756545426197029e-01
5.447789554468487339e-01
-5.157976485127300226e-01
-3.441228200020999412e-02
-1.549955443650415376e-01
3.526990732557112596e-01
1.259785500058949355e-02
-7.605744515542118833e-01
-7.623228222861003212e-03
2.338908623065329845e-02
-4.169902969666234444e-02
3.906846375507417451e-02
2.320441466403878050e-01
1.386211546438019804e-01
2.027362614894565040e-01
5.267861776103553995e-01
-5.308541907860017117e-01
6.304785483586687611e-02
4.373931595657030158e-01
-8.031068339676974976e-02
7.368065082405363120e-02
4.976989285798247287e-01
1.624774397714454921e-01
-3.158549173324020076e-01
2.831059169270798148e-01
4.806731025882976516e-01
-4.046494372781071491e-01
9.099154622515719104e-02
1.167919242375163452e-01
-1.417761506324875798e-01
6.592632913887229440e-02
7.159253788711630873e-02
3.082246689835155262e-01
-5.606436561621797043e-01
-1.583980488575170154e-01
7.238275458433384157e-01
-2.652411191832039147e-02
-4.164381933891823095e-01
-1.714435656977260636e-01
-4.304039391352996180e-01
-7.375488032921392323e-01
-6.819648467844282580e-01
-4.394007279149859668e-01
4.841261280129163791e-01
-2.898589449834870768e-01
-7.040461855851685158e-01
-4.698055289605189422e-02
-3.799276721608883522e-01
-1.214569916839606939e-01
-2.016982263895680250e-01
-1.611051194903923844e-01
1.310032814398046086e-01
2.470848443060029154e-01
5.046142007129621188e-02
-3.488374478104463439e-01
-5.127996803248479063e-01
-2.014820406927186891e-01
-2.730104428200908484e-01
-3.744137732145775832e-01
-3.935890156154932540e-01
-2.194816422682998591e-01
-9.636138333136170520e-01
-3.814104880591295266e-01
-1.567913601184033334e-01
-5.768592707354103233e-01
9.605938483987172885e-03
3.868504402259143049e-01
-2.082558052375050317e-01
-3.801885007029626173e-02
1.137061566750674213e-01
-3.678434943881059849e-01
-4.109830214456364761e-01
-2.068669765785985382e-01
3.649981083223936551e-01
-2.290328181449379219e-01
-8.331933968716841166e-02
1.455836709295106890e-01
4.272305782911192118e-01
-4.631061176316539352e-02
-8.159099448140813005e-01
-3.577159900787689750e-01
1.051264701626023479e-01
5.792828468586046220e-02
-3.448787549798286722e-01
8.639570207486723108e-01
-2.459672816059827183e-01
-1.225498233855492058e-01
1.783195456511988547e-02
-1.858526908171619918e-01
4.456139046787858105e-01
-2.574268141181866865e-01
-2.331247667571320903e-01
1.597569706775644333e-02
-2.685610553715248594e-01
1.461122537876881067e-01
-3.696627413715158905e-01
-4.746602462349217011e-01
-5.351364145529664551e-01
7.267588151920592043e-01
6.317457488446660829e-02
-1.452388791837106452e-01
5.118933262015274988e-01
3.844687611782874326e-01
-4.170011073263868440e-01
-1.541031865025011272e-01
-6.460693548464051528e-01
4.891708954264487597e-01
7.449662593540329336e-01
-1.653568487410606719e-02
1.279229419711229096e-03
6.870798676181331111e-01
-2.992419200654130029e-01
-2.015423823239324563e-01
3.766617705036984232e-01
-6.103734786618573160e-01
1.030266980772737845e-01
5.842529505701062886e-01
4.553567421230381856e-02
-2.226047876526388025e-01
-6.318260563475786018e-02
2.296943144316054286e-01
-5.175830321882047419e-02
-3.404843686358886568e-01
1.587800912053782820e-01
-1.854712682662350842e-01
4.513870086353396482e-01
-1.727072811676261810e-01
-3.900472295733348194e-01
-6.478379355912957660e-01
2.948519307570999226e-01
3.683745208118842096e-01
7.854885590769566939e-01
3.218079892800260189e-01
-7.472115553544074196e-01
6.205519743454785964e-01
-5.706897910286068409e-01
-1.268306158177719307e-02
-4.585016533483524115e-02
-2.345819827682127379e-01
-3.510219954012691046e-01
5.625810936132951134e-01
-1.237321449797579992e-02
3.359964879019848860e-01
2.006533045754443911e-01
5.850747598633369156e-02
-2.467689907441199815e-01
-3.417681434847759103e-01
-7.903435902631987531e-02
-2.880005060089889657e-01
4.378650347329242631e-01
3.122813514219626718e-01
-8.831768849444896485e-01
-1.221851952256693130e-02
-2.176708715726629606e-01
-3.963578889963990104e-01
6.685725482869877556e-01
-3.372951819949807084e-02
-4.933084307261673684e-01
-4.222847096125941467e-03
-2.638852878343312947e-01
-1.954853342717680909e-01
-5.228767619895010599e-01
-3.628554034696775399e-01
6.113605203252254344e-02
1.027604526394761686e-01
5.192625479889216855e-01
8.565841095605760680e-01
-6.770131869553831505e-01
-1.178783312305619890e-01
3.567198833816908055e-01
-4.584913101388968792e-01
-1.314451163628371777e-01
-2.645966901009745298e-01
-1.364807377724953086e-01
1.382114347048878610e-02
-2.352432920779142789e-01
-2.583574112406020751e-01
1.751003448893407310e-01
7.985525994226317925e-01
-5.748007275154495277e-01
7.775384214819155426e-01
1.212162657677475081e-01
1.935939140529230884e-01
6.988963660272723422e-01
-4.604858884851260603e-01
-1.053824347322183767e-02
-6.544922239935034858e-01
-6.282403840649445348e-01
3.275244110453057883e-02
-6.904471732751779056e-01
4.800292349452228713e-01
2.353273933509711091e-01
5.030564442163423244e-01
2.031452380875085340e-01
-4.790400930479836727e-01
-1.021385845707612483e-01
5.278831680709664687e-01
7.801336064823576055e-02
-2.160903947213570209e-01
2.690936144423085596e-01
-2.139731536285565117e-01
1.220578459646721181e-01
1.011106593916550750e-01
-4.211956168253050414e-01
4.001297205936384938e-01
2.721224118962994876e-01
4.623574032102583109e-01
-7.983808903950302682e-02
-1.845221211043778786e-01
2.059774301783756367e-01
9.582056956075357679e-02
9.275910107840010244e-02
-1.503384225046526523e-01
4.253030371092362816e-01
-8.902161851806202897e-01
8.503484006380944704e-01
2.501184451389233399e-01
-2.255219755231892553e-01
1.884034376841679514e-01
-7.132427611147354463e-02
4.652336971048118830e-01
3.387785038982849550e-01
1.109251037582247579e-01
-7.052383207444090640e-02
-3.623334380059901189e-02
1.329226072054826846e-01
2.291270049016828625e-01
-1.364553248559333409e-01
4.837670388164854174e-01
2.052796005385104927e-01
-6.563278332165225493e-01
-3.335878685645751740e-01
-7.692773455275385697e-01
-5.554906205915490780e-01
3.543144708424446621e-01
3.147926246697506647e-01
-3.988442157878419048e-01
1.014646362209533775e-01
2.133868240101944869e-01
4.750463154984975456e-02
3.997993697626066323e-02
4.760290782948805033e-01
3.775252437725294397e-01
8.633808125346166262e-01
-7.462820591033387796e-01
-2.350961146109871447e-01
1.007951227639856950e-02
5.691654714031767481e-01
-3.909427973508443344e-02
-4.814646170471064690e-01
-8.841984956968450549e-01
6.782524309442721291e-03
8.897241106153763734e-01
8.922426868734525396e-01
5.583576898573960889e-01
-5.533980188956837132e-02
-7.023957927516223387e-01
7.890152569401589489e-01
2.883316162610481403e-01
