-5.113337415964572807e-01
6.651363285183485574e-02
4.899562440971864108e-01
-3.778943910947276663e-01
8.214039934663697196e-01
4.229776157702950234e-01
3.426247152620893188e-01
5.420932129969779911e-01
-5.147416729431125715e-01
-7.689157140785676803e-02
-1.404516854344047827e-01
3.501885580366373985e-01
1.156582834816227701e-02
-7.568501836581812414e-01
7.831348677461401342e-02
1.824666857017602506e-01
-4.054595137442616043e-02
4.391016885792854013e-02
2.226835061611585065e-01
1.386188863270888527e-01
2.070107296886029291e-01
5.259114035003342735e-01
-5.603100271063544691e-01
1.335656414553895721e-01
4.313144918408952644e-01
-9.336680940114412686e-02
7.369614038105533338e-02
4.963790166384894897e-01
3.845949678864241106e-01
-3.196927190248354811e-01
2.808581818173268574e-01
8.080916878565058692e-01
-4.619210435528324221e-01
1.045433744595422876e-01
1.247270498065929240e-01
-1.540095196569956360e-01
5.955737565416725776e-02
3.981973807142193122e-02
3.129245559038246194e-01
-6.492508638095175755e-01
-1.573379555459386292e-01
7.237909143869607487e-01
-2.562744113140549146e-02
-4.318574104594656293e-01
-1.813442939149169375e-01
-4.325575491022355390e-01
-7.371164738639085501e-01
-6.821315392027010871e-01
-5.502725092510661886e-01
5.040347551346177069e-01
-2.907155609559619602e-01
-7.055226836801399282e-01
-4.714203354606864849e-02
-3.977808067626213417e-01
-1.201748066621990685e-01
-1.024431713158337198e-01
-1.532192059219252278e-01
1.362315982667048897e-01
2.107930394225200621e-01
1.561356699608286158e-01
-3.495429579203520598e-01
-6.989349148767405318e-01
-1.927604998608528630e-01
-2.738288381347701583e-01
-3.890641229877260798e-01
-3.737479037729835030e-01
-2.323449423956461535e-01
-9.735955648229364101e-01
-3.666731792150211278e-01
-1.580658611100331512e-01
-5.782994311935166776e-01
2.212562830714392970e-01
3.846763048656850481e-01
-2.095665488677826982e-01
-6.107088966924802131e-02
1.165111172333753858e-01
-3.398127260573627906e-01
-4.017594516059099785e-01
-2.497730453086079716e-01
3.020610212175321441e-01
-2.286798330915295607e-01
-8.332991092358622842e-02
1.594349734192752610e-01
7.733765886795682665e-01
-4.495584705272075848e-02
-8.151761423096650638e-01
-3.570948226310957097e-01
1.033794692539595217e-01
5.698261284794686743e-02
-3.434265458231302581e-01
8.633253144216523900e-01
-2.913557239090852069e-01
-1.541395794560501409e-01
1.705511969630489231e-03
-1.848506648687553433e-01
4.174738846456794716e-01
-2.572069692267019425e-01
-2.288302391313044026e-01
1.791488559036287856e-02
-2.600937291005942509e-01
1.617978767158684827e-01
-3.783409537883959950e-01
-4.493804395149461062e-01
-5.329824519830416163e-01
7.149169841896872990e-01
7.047210204434489755e-02
-1.448566481379746640e-01
4.924722422019058854e-01
3.757693765864792423e-01
-4.170335837800195344e-01
-1.538649459119143525e-01
-6.440020952047846858e-01
4.896697240663333561e-01
7.333825138089170581e-01
-1.697379505290730339e-02
2.916645200173720309e-03
6.867217059563062165e-01
-2.994657360545716629e-01
-2.073809508107662958e-01
3.640361009795513580e-01
-6.093814907393707569e-01
1.811490524474847486e-01
5.838239145772179395e-01
4.848549324401887906e-02
-2.128714897141583684e-01
-6.131225788645099095e-02
2.307766355574641937e-01
-1.089399130048051695e-01
-3.408869570130901305e-01
1.454243475507602801e-01
-1.835703957426124688e-01
4.363499605146266558e-01
-1.652037038230955157e-01
-3.901749403028567653e-01
-6.543963417960775297e-01
2.972360512458029902e-01
3.682870719915638524e-01
7.802252153717188499e-01
3.209774638550634274e-01
-7.472880248840158002e-01
6.371562266362698068e-01
-5.711016104138936234e-01
-5.765202201183691755e-03
-3.787518873882061987e-02
-2.290151358027802952e-01
-3.510977440909346381e-01
5.592342278317962156e-01
-9.919657807956790141e-03
2.902923644128457825e-01
1.658144188822787135e-01
1.092114202046528676e-01
-2.411188032711718832e-01
-3.522404940946640139e-01
-6.915014398337576695e-02
-2.865091634005041410e-01
4.397878869917829503e-01
2.942519898982012827e-01
-8.844705764566840323e-01
-1.469410442220022220e-02
-2.178565839818951133e-01
-4.167592294595792723e-01
6.654529683094330128e-01
-5.388796394359192388e-02
-3.951937052708642817e-01
-8.993766002588427996e-03
-2.614341902333882084e-01
-1.954569205331679327e-01
-5.308784577631979751e-01
-3.482157032454832324e-01
5.859612091724587801e-02
1.008486593882333138e-01
3.922372489845959431e-01
8.325667570692565356e-01
-6.779095269070010144e-01
-1.181452783303734155e-01
3.577503836114702129e-01
-4.592454355241706310e-01
-1.234385650630097642e-01
-2.646172951434677123e-01
-1.382683394307235858e-01
1.496639243890720769e-02
-2.521131494989758970e-01
-2.583530678690901805e-01
1.206233159981806302e-01
7.977172939757071202e-01
-5.732599460291853966e-01
7.411396067847989544e-01
1.146668631953550593e-01
2.004431216184350828e-01
6.990628024437384180e-01
-3.845369940281184173e-01
-1.056720568306009772e-02
-6.526809542225007199e-01
-6.264454791833387048e-01
3.466300769222302458e-02
-6.953542718010707890e-01
4.756343604765412847e-01
2.357821357239936466e-01
4.822889434587107615e-01
2.010087637987103271e-01
-3.078932270757590572e-01
-1.044609210497887686e-01
5.342842520153036068e-01
7.501841965868358275e-02
-2.066986488904333508e-01
4.807083035037469920e-01
-2.140038621399137919e-01
7.188014109327013623e-02
1.011902748338085190e-01
-4.212086251418468708e-01
3.732668599249024388e-01
2.721665044588983395e-01
5.666800545536834210e-01
-1.012917284858951272e-01
-1.845374866986836393e-01
2.006905590098407577e-01
9.479446092069031271e-02
9.792250143707367793e-02
-1.486139983835925715e-01
4.184446675901032919e-01
-8.898667943872882180e-01
5.594042506462237885e-01
2.496251936575645536e-01
-2.397128303119070436e-01
1.907338940532020688e-01
-1.138811613629061859e-01
4.791884047192485618e-01
3.328432658795388299e-01
7.740625904475074981e-02
-6.717246672988932965e-02
-1.111707299077143059e-02
1.313502270570384711e-01
2.301013174161203600e-01
-2.037357042860432621e-01
4.835579356407039286e-01
2.054177667953185071e-01
-6.723989945982842276e-01
-3.071657407184396060e-01
-7.784973832668642402e-01
-5.223575052078115455e-01
3.334168648221683129e-01
3.016860591192184193e-01
-3.993188954937727519e-01
1.020429326113139468e-01
2.075403714015693346e-01
4.619859050075578871e-02
2.814262907472512773e-02
4.903721132061822363e-01
3.986905129025906103e-01
8.629848442520781093e-01
-6.230769450742930093e-01
-2.351834191145394382e-01
3.446821430145457360e-02
4.177845625536589225e-01
-4.073309253786590312e-02
-4.831767136500189075e-01
-8.781961489011893551e-01
6.568099275487512996e-03
8.996426599984610473e-01
8.989167491970890822e-01
5.120104719136004956e-01
-5.621084527152135635e-02
-7.028889401061922948e-01
7.891504323412097399e-01
2.906072074475664069e-01
