0.000000000000000000e+00
-4.904727971660016728e-02
2.728160058600368476e-01
4.648586982744713492e-01
3.088122753220012839e-01
2.598219407420256921e-01
-4.186524198807872743e-02
0.000000000000000000e+00
8.187683936560072873e-01
-9.553967254281672261e-01
1.943063928129720175e-01
-8.353642431429553206e-01
1.541067894929484261e-01
-6.134598554647934243e-01
-9.731293452722444837e-01
-3.048316557370522872e-02
4.267677267578473543e-01
7.035706356887514445e-01
5.717495233956699785e-01
9.317924226426084200e-01
1.376392164651261130e-01
0.000000000000000000e+00
-8.886587279384288163e-01
-7.489358393710301431e-01
-3.108822937001289866e-01
6.279187733201618826e-01
0.000000000000000000e+00
2.472474468649843438e-02
-6.524093719875738717e-01
-4.582319186377530329e-01
8.641039645557540005e-01
-4.567380840026162847e-01
-2.503020065586205600e-01
2.473651933856599872e-01
-4.676689116899606091e-01
1.024127307043245505e-01
2.342994406635936500e-01
-6.557647049348653834e-01
-7.918068159227193981e-01
3.809822836179133088e-01
9.592589233557025086e-01
1.687875715166733404e-01
-3.457374550679337410e-01
-7.203507117175937946e-01
5.752759281094039778e-01
-3.330290964960218592e-01
-9.411033058488185166e-01
-7.480115302210015304e-01
-9.979458896648130128e-01
-3.868550127508743053e-01
6.359230691419714976e-01
-8.536774800859352474e-01
8.845714874714896148e-01
-8.604907658473226473e-01
6.536854766452742105e-01
-9.454615169840117073e-01
-5.044719966118467180e-01
-3.741670308111857413e-01
3.889633376066170545e-01
-1.669043448036862110e-01
8.828242214066683857e-02
7.211108273081143771e-01
8.581464309669069035e-01
0.000000000000000000e+00
7.334782054622590586e-02
0.000000000000000000e+00
7.526020851169223924e-02
-1.652546812934470033e-01
-7.552900433460985052e-01
1.153134933328587852e-01
9.269365174446915212e-01
9.097616842051210462e-01
0.000000000000000000e+00
-5.949896972326462752e-02
3.202202420136002203e-02
1.897911465552479804e-01
8.932415476290691547e-01
6.809753896979764409e-01
-4.804956204703494382e-01
6.515956006175245285e-01
0.000000000000000000e+00
-5.690824466924104819e-02
3.522093592153805464e-01
3.442055729129860353e-01
3.608907511030268189e-01
-7.857098330847884782e-01
-1.612149757119714089e-01
1.983100143033051932e-01
0.000000000000000000e+00
-5.360835245884429945e-01
-2.716324962999390191e-01
0.000000000000000000e+00
2.769233176939498442e-01
6.167508409949367110e-01
3.905868823728595451e-01
5.533642645643772617e-01
-2.465074678966983068e-01
7.397252416295481137e-01
7.696773184127669865e-01
8.727876694161822435e-01
4.353111215589573479e-01
6.624788760486095551e-01
-9.941610519437007465e-01
-9.340649862989847119e-01
-2.525071271836407671e-01
8.222496132534746760e-01
3.185509584024388552e-01
7.304309582961967529e-01
4.755355608958260483e-01
-3.358871216839096618e-01
-7.385999441294266443e-01
-2.228300604654904760e-01
7.026034748114386996e-01
-3.878745514163883801e-01
0.000000000000000000e+00
-6.368263062851931000e-01
-1.330388700065334717e-01
-4.585978322447334943e-01
2.584432911963263635e-01
2.242651918880569362e-01
-6.381040147671301899e-01
2.681924139301565813e-01
9.954213618020770760e-01
9.804916525149438566e-01
1.118807217870352311e-01
-5.159451720505847661e-02
-3.047328605131169876e-01
2.243871996300716987e-01
6.275802269227230834e-01
1.679474514163468157e-01
-6.776326362201712250e-01
6.309967447540913987e-01
1.746745269727589811e-01
-4.482396075995356277e-01
9.390292416440182421e-02
-9.333172702309096014e-01
3.585858660674385856e-01
6.362944782602115712e-01
1.659920970490373904e-01
-9.422073462172564362e-01
9.648440569923062426e-01
6.343014263940585096e-01
-8.814147529516638269e-01
6.682574492266859512e-01
2.921430547044778780e-01
0.000000000000000000e+00
0.000000000000000000e+00
5.335991350902331565e-01
0.000000000000000000e+00
-9.969831445078001231e-01
0.000000000000000000e+00
9.528147296381286324e-01
-5.818685012383322253e-01
0.000000000000000000e+00
-2.800898879434221556e-02
2.888738898549947365e-01
9.511938528251118186e-01
-8.664136075226283040e-01
7.226527782286109591e-01
-1.770054400067329059e-01
1.361289508553302774e-01
9.857817528451930933e-01
3.771135732645254368e-01
-4.823002630222017473e-02
-3.944879773242779830e-01
6.645932926735993451e-01
5.817187958185485730e-01
-5.065947334353380072e-01
3.021867105840323475e-01
8.954742229177183876e-01
-3.525314763070785951e-01
-3.739288960723985422e-01
-7.601138381844723124e-01
8.748286683031583078e-01
-8.232226998472325086e-01
-6.632339062369863036e-01
-3.967332652662707293e-01
-7.347733628118298110e-01
8.155175597306487667e-01
-6.884463880674116520e-01
-5.695027437897957068e-01
-6.652478976120979048e-01
0.000000000000000000e+00
-1.135259549442566573e-01
9.261701367749224367e-01
-7.559237951927131327e-01
1.922171560187977413e-01
3.686480747979787864e-01
-3.198154797436425500e-01
-4.045551365652546583e-01
-4.285283122923768673e-01
6.220834413125282403e-01
6.419087237212222075e-01
-8.584793758108653083e-01
9.259815071047676760e-01
8.485393090098822810e-01
-8.774730613140695468e-01
0.000000000000000000e+00
3.907658526228185991e-02
0.000000000000000000e+00
2.306443758617091611e-01
8.348242612727263534e-02
4.095994850115152186e-01
-9.119654322966752602e-01
-6.159763296022966461e-01
-9.761667087832404111e-01
0.000000000000000000e+00
6.385870350987146171e-01
-5.574983315872910072e-01
-2.672409917207487773e-01
-9.420509351031269851e-01
-6.040641975435301347e-02
-1.529975964381213860e-01
8.645607734943210332e-01
-9.332784674508820544e-01
1.282316270163887939e-01
3.887110673618368040e-01
0.000000000000000000e+00
-5.592810162458377032e-01
-4.209846268838728367e-01
-7.090507097493525812e-01
-6.209248497712696047e-01
3.235661475079598670e-01
1.138474188565163914e-02
6.944327878421865385e-01
-8.489127724807024045e-01
6.519730785345090318e-01
-1.349107207751303328e-01
-1.311854412858981522e-01
5.441804470452498155e-01
9.150154126654299613e-01
-8.533609851588987993e-01
-9.629892146737912828e-01
-2.025788544441962102e-01
-8.304698101535368249e-01
-9.260476601265019703e-01
-3.893664812837527300e-02
-2.383230636776543232e-01
3.531183401739126371e-01
7.068925326419257527e-01
2.706516031336625439e-01
-8.070691416775426230e-01
9.820376470632163901e-03
-3.240501464086000816e-01
9.040675972491907242e-01
0.000000000000000000e+00
0.000000000000000000e+00
4.884759932102538116e-01
7.307168983904570592e-01
0.000000000000000000e+00
-7.319733884684342939e-01
-5.720385535458196724e-01
9.437372919718747255e-01
8.355130489100643931e-01
7.241583808711304915e-01
-1.311227115041642133e-01
7.977324085711738899e-01
-6.006772173240231272e-01
5.031761217334365099e-01
-8.425272019279916869e-02
-1.308569596163593474e-01
-5.904800311236877430e-01
7.250290081868193681e-01
2.795856061732000519e-01
3.096296960422231237e-01
