0.000000000000000000e+00
-8.229946333434992045e-01
7.627166740996285110e-01
0.000000000000000000e+00
3.672415285923282813e-01
-3.406417032320545601e-01
5.921495301050700988e-01
2.962621636965914185e-01
-8.628068306487142181e-01
5.551292615162746191e-01
-5.929769638979927038e-01
0.000000000000000000e+00
6.055464893161890405e-01
9.350076917057463799e-01
-7.196429010793177206e-01
0.000000000000000000e+00
5.973924995640178537e-01
-7.001168718009787018e-01
-8.944395715173607542e-01
-4.956680233995269802e-02
0.000000000000000000e+00
1.000000000000000000e+00
-1.520335043825644661e-01
-2.119249450224796050e-01
-4.513937921301418577e-01
-5.056063003213970841e-01
-9.222267528816747717e-01
2.302750195458549420e-01
-9.681473936039042272e-01
-2.560059971624950581e-01
6.302532580684603314e-01
0.000000000000000000e+00
0.000000000000000000e+00
4.681468917836155708e-01
-4.478454300044512060e-01
8.403143673441306749e-01
-2.812104301824394081e-01
3.172213451661054506e-02
0.000000000000000000e+00
0.000000000000000000e+00
-2.400308942017539415e-01
0.000000000000000000e+00
2.102811423535666524e-01
-2.925548544186578059e-01
-2.901902186229579073e-01
-8.544801250727773745e-01
-2.733549968554949139e-02
-1.710743904941285365e-01
-5.761946977241243495e-01
-5.294601937235396960e-01
-6.952442997980230466e-01
0.000000000000000000e+00
9.259498647735691090e-01
-2.383935296834982509e-01
-3.527770731982493579e-01
4.903802773531307224e-03
-7.534787921639836128e-01
2.510429761767125623e-01
3.242805846968033201e-01
7.734963460869748175e-02
0.000000000000000000e+00
-4.499525732888367546e-01
-8.290892442334987233e-01
6.483653045759503186e-01
0.000000000000000000e+00
9.156225340512043065e-01
0.000000000000000000e+00
8.154004988456584613e-01
9.809139442498024941e-01
7.554495234079239285e-01
-9.188189144510647832e-01
6.714804073630804560e-01
5.984883890291259334e-02
2.246722453932503694e-01
0.000000000000000000e+00
0.000000000000000000e+00
0.000000000000000000e+00
4.780410166543720418e-01
1.578166021719784595e-03
0.000000000000000000e+00
3.555541808627427081e-02
0.000000000000000000e+00
0.000000000000000000e+00
0.000000000000000000e+00
1.987786042790780083e-01
-3.312213602174036708e-01
1.833216625498070851e-01
-4.955007908170043773e-01
-1.619326801121756532e-02
-9.453271142858044040e-01
-5.022874404482318145e-01
-8.896130069739784929e-01
-8.542166572358393939e-01
-9.848401910145478944e-01
9.331822972530594562e-01
1.669283186176826472e-01
4.397587471147541560e-01
8.781671830611346152e-01
-6.757376775280508063e-01
-6.415865408175596141e-01
6.693890112816589522e-01
2.110309027826955397e-01
-3.312718032393915379e-01
0.000000000000000000e+00
7.636944153961744419e-02
3.536874361880546491e-01
3.869727866373029457e-02
8.064140925003093763e-02
5.436927764084298342e-01
-7.732733592860767668e-01
-7.137383792293445772e-01
9.477948664993283145e-01
-5.796973575535062650e-01
-3.031483727705608366e-02
5.279214668673268829e-01
-5.693182102167311243e-01
5.055172295988974440e-01
0.000000000000000000e+00
2.501931811963975516e-01
2.636377215227407866e-01
9.502236673729196337e-01
-3.239646405498983750e-01
-8.324623712427208222e-01
4.495009920291996863e-01
-5.517283229520979493e-01
8.507583063455195216e-01
3.975280284706526057e-01
4.453245421339895316e-01
0.000000000000000000e+00
5.315088540794590255e-01
-9.042692624810673152e-01
-8.203631002762383773e-01
6.304981788638801543e-01
0.000000000000000000e+00
-7.883891886013059125e-01
7.319143922349602427e-02
1.147556643643947716e-01
0.000000000000000000e+00
4.262032159122752795e-01
-3.414276944790184398e-01
0.000000000000000000e+00
6.327930776350167985e-01
-9.912279660593881214e-01
0.000000000000000000e+00
8.747997980225759029e-01
-7.677043301695321009e-01
-7.912211880026926991e-01
-9.131612243111228988e-01
-4.459207155457574068e-01
9.239140045615401586e-01
3.306605849592358926e-01
0.000000000000000000e+00
-8.142768202195205252e-01
-9.942896384198158799e-01
1.531250394574854568e-01
-8.541414342954272154e-01
0.000000000000000000e+00
4.815042323537288560e-02
-9.153060934275347726e-02
6.467397324524903901e-01
-1.708827100379695096e-02
8.090290118283105514e-01
9.190471259379378033e-01
-4.073610959658788833e-01
-9.855159194948397428e-01
-2.320825350684558863e-01
8.418370814160138771e-01
8.665935837326046443e-01
3.984681413556041552e-01
-8.126923312774370078e-01
-1.340862979638675068e-01
0.000000000000000000e+00
-8.918718351900341013e-01
-5.675778298006337597e-01
1.000000000000000000e+00
0.000000000000000000e+00
-6.906743128760002293e-01
-5.557757536312808444e-01
-1.116376556118310326e-01
3.945586567828855973e-01
0.000000000000000000e+00
3.913352212244824990e-02
3.437260424336989750e-01
8.496657135261260763e-01
4.964675031448142484e-01
4.332882668515436464e-02
0.000000000000000000e+00
3.566187310318633674e-01
-2.607822571432842906e-01
-2.983086525520339816e-01
0.000000000000000000e+00
0.000000000000000000e+00
7.457241400055489855e-01
-7.313959844723483261e-01
0.000000000000000000e+00
3.960878437346546654e-01
-6.544483697436680458e-01
8.315130201191323067e-02
0.000000000000000000e+00
1.000000000000000000e+00
-8.430911459773469119e-01
-3.383937798211860137e-01
-7.212757962756732866e-02
-8.982364045031454580e-01
-3.328958833812449836e-01
0.000000000000000000e+00
0.000000000000000000e+00
-3.335140931279283460e-01
-2.540091237745605302e-01
-3.852212823266587538e-01
5.342256418638144932e-01
3.154386165312506041e-01
3.762539615029985018e-01
6.166600719725789936e-02
4.095253621574879155e-01
-6.361949201477656857e-01
-8.851288799273779873e-01
7.869863636176468447e-01
0.000000000000000000e+00
-5.698176511926773546e-01
-9.334202446957398092e-01
0.000000000000000000e+00
-4.536807529804633976e-01
3.815163615909578088e-01
-3.938386311843888876e-02
7.330216311403496832e-01
6.425429066741339401e-01
1.672445571620717608e-02
-5.624313845191164507e-01
-6.450382933804397201e-01
-6.593960801501850266e-01
0.000000000000000000e+00
4.702602208858157606e-01
3.996639135737860560e-01
4.447169889506488172e-01
0.000000000000000000e+00
0.000000000000000000e+00
7.186692373834790981e-01
0.000000000000000000e+00
8.220697017258040695e-01
-7.545473004878517909e-01
-9.006049922598922119e-01
-8.752043733292209637e-01
5.693085427167954293e-01
0.000000000000000000e+00
5.301759947594155697e-01
-4.647351020424432821e-01
1.000000000000000000e+00
-4.738634287819440960e-01
8.965760422453878942e-01
-8.830309017651978287e-01
0.000000000000000000e+00
0.000000000000000000e+00
5.339976849010561466e-01
0.000000000000000000e+00
7.799484819602469088e-01
4.613784970192371659e-01
4.618601255780383497e-01
-8.077730923484398584e-01
0.000000000000000000e+00
3.453404305863574386e-01
4.696261758277797682e-02
-4.676539740284282320e-01
1.260848441119801766e-01
1.583759819588252959e-01
