8.377959996250432528e-01
-8.229946333434992045e-01
7.627166740996285110e-01
6.950971638125662544e-01
3.672415285923282813e-01
-3.406417032320545601e-01
5.921495301050700988e-01
2.962621636965914185e-01
0.000000000000000000e+00
5.551292615162746191e-01
-5.929769638979927038e-01
4.146784154265286126e-01
6.055464893161890405e-01
9.350076917057463799e-01
0.000000000000000000e+00
-8.155067776195301654e-02
5.973924995640178537e-01
-7.001168718009787018e-01
-8.944395715173607542e-01
-4.956680233995269802e-02
-1.023805435020395116e-01
-7.865777149705275306e-01
-1.520335043825644661e-01
-2.119249450224796050e-01
-4.513937921301418577e-01
-5.056063003213970841e-01
-9.222267528816747717e-01
0.000000000000000000e+00
-9.681473936039042272e-01
-2.560059971624950581e-01
6.302532580684603314e-01
3.657503095130503201e-01
-7.036880507203071566e-01
4.681468917836155708e-01
-4.478454300044512060e-01
8.403143673441306749e-01
-2.812104301824394081e-01
3.172213451661054506e-02
-3.070115877657988435e-01
-3.526655041943020930e-01
-2.400308942017539415e-01
-4.176072034394768817e-01
2.102811423535666524e-01
-2.925548544186578059e-01
-2.901902186229579073e-01
-8.544801250727773745e-01
0.000000000000000000e+00
-1.710743904941285365e-01
-5.761946977241243495e-01
-5.294601937235396960e-01
-6.952442997980230466e-01
6.928398636352997020e-01
9.259498647735691090e-01
-2.383935296834982509e-01
-3.527770731982493579e-01
4.903802773531307224e-03
-7.534787921639836128e-01
2.510429761767125623e-01
3.242805846968033201e-01
7.734963460869748175e-02
-4.882462539790248801e-01
-4.499525732888367546e-01
-8.290892442334987233e-01
6.483653045759503186e-01
0.000000000000000000e+00
9.156225340512043065e-01
5.191392057517378866e-01
8.154004988456584613e-01
9.809139442498024941e-01
-5.777326098498405393e-01
4.465703831550182912e-01
-8.236280050410393905e-01
-6.948234011324339043e-01
7.458422689234711633e-02
-9.821143998448282897e-01
-7.294002422238774486e-01
-7.992100919028919392e-01
6.182700733258426062e-01
1.535095489107898281e-01
-7.317823466174839808e-01
-2.940247130390891694e-01
2.280265222155537508e-01
8.805964508752535114e-01
8.976928474181833373e-01
9.902610380712708604e-01
2.258292160526156334e-01
3.590035116005114713e-01
3.279252897405009470e-01
8.814764276508522123e-01
3.919927324026593052e-01
7.028127598205453630e-01
3.144674269873459771e-02
2.065382125460200058e-01
6.148679002387118508e-01
6.828769236780081187e-01
-8.192505428473288998e-01
1.890990205160314463e-01
2.027573697628906046e-01
9.624790537501874965e-01
-2.462040526804929463e-01
-1.804756759804366784e-01
-4.769356467328371707e-01
5.850355032626883833e-01
-7.717998645561670035e-01
-9.384307028362832703e-01
7.467967220226605640e-01
-4.337327975156968218e-01
-4.053952155480067265e-01
1.478284702660093153e-02
8.466694487776689204e-01
-9.964548076244410524e-01
3.977246406131633716e-01
-5.980187459940704553e-01
-4.275311489408957222e-01
9.189397076366374595e-01
-4.783251889912223387e-01
5.358164330178842860e-01
-6.335699463799973064e-01
-5.673568467964253959e-01
-8.527530873508817333e-01
-7.463885585147780333e-01
9.930168151043659019e-01
1.403411881489189383e-01
7.044880609614383449e-01
-6.134957874792832389e-01
1.958487515893365671e-01
5.264236723475546054e-01
1.681725358534011949e-01
-3.246016209619735360e-01
-2.938796965678300843e-01
7.674912195584118191e-01
5.990532517175897187e-01
-3.554967734323417616e-01
-8.615732023757582958e-02
8.357999850276851550e-01
-2.753074903034831156e-01
-3.386156907835877750e-01
4.035697957936854596e-01
-9.199509235962375353e-01
-3.414276944790184398e-01
0.000000000000000000e+00
0.000000000000000000e+00
-9.912279660593881214e-01
-3.280126703575607650e-01
8.747997980225759029e-01
-7.677043301695321009e-01
-7.912211880026926991e-01
-9.131612243111228988e-01
-4.459207155457574068e-01
9.239140045615401586e-01
3.306605849592358926e-01
0.000000000000000000e+00
-8.142768202195205252e-01
-9.942896384198158799e-01
1.531250394574854568e-01
-8.541414342954272154e-01
9.290746755224865705e-01
4.815042323537288560e-02
-9.153060934275347726e-02
6.467397324524903901e-01
0.000000000000000000e+00
8.090290118283105514e-01
9.190471259379378033e-01
-4.073610959658788833e-01
-9.855159194948397428e-01
-2.320825350684558863e-01
8.418370814160138771e-01
8.665935837326046443e-01
3.984681413556041552e-01
-8.126923312774370078e-01
-1.340862979638675068e-01
9.924295017704276578e-01
-8.918718351900341013e-01
-5.675778298006337597e-01
5.022034365405534384e-01
-9.691656644037147661e-01
-6.906743128760002293e-01
-5.557757536312808444e-01
-1.116376556118310326e-01
3.945586567828855973e-01
3.197059699388038467e-02
3.913352212244824990e-02
3.437260424336989750e-01
8.496657135261260763e-01
4.964675031448142484e-01
4.332882668515436464e-02
-9.646464569154762358e-01
3.566187310318633674e-01
-2.607822571432842906e-01
-2.983086525520339816e-01
-6.521441931978015916e-01
-3.264932387112495782e-02
7.457241400055489855e-01
-7.313959844723483261e-01
0.000000000000000000e+00
3.960878437346546654e-01
-6.544483697436680458e-01
8.315130201191323067e-02
-1.875851575170179864e-01
0.000000000000000000e+00
-8.430911459773469119e-01
0.000000000000000000e+00
-7.212757962756732866e-02
-8.982364045031454580e-01
-3.328958833812449836e-01
0.000000000000000000e+00
-8.162015390244963253e-01
-3.335140931279283460e-01
-2.540091237745605302e-01
-3.852212823266587538e-01
5.342256418638144932e-01
3.154386165312506041e-01
3.762539615029985018e-01
6.166600719725789936e-02
4.095253621574879155e-01
-6.361949201477656857e-01
-8.851288799273779873e-01
7.869863636176468447e-01
0.000000000000000000e+00
-5.698176511926773546e-01
-9.334202446957398092e-01
2.901897533787616279e-01
-4.536807529804633976e-01
3.815163615909578088e-01
-3.938386311843888876e-02
7.330216311403496832e-01
6.425429066741339401e-01
1.672445571620717608e-02
-5.624313845191164507e-01
-6.450382933804397201e-01
-6.593960801501850266e-01
9.750518775862067056e-01
4.702602208858157606e-01
3.996639135737860560e-01
4.447169889506488172e-01
0.000000000000000000e+00
3.350436138415473497e-01
7.186692373834790981e-01
-4.331600583262806836e-02
8.220697017258040695e-01
-7.545473004878517909e-01
-9.006049922598922119e-01
-8.752043733292209637e-01
5.693085427167954293e-01
0.000000000000000000e+00
5.301759947594155697e-01
-4.647351020424432821e-01
-5.296201693904303287e-01
-4.738634287819440960e-01
0.000000000000000000e+00
-8.830309017651978287e-01
6.264810036661532244e-01
1.566143308925549427e-01
5.339976849010561466e-01
0.000000000000000000e+00
7.799484819602469088e-01
4.613784970192371659e-01
4.618601255780383497e-01
-8.077730923484398584e-01
4.047237550476885382e-01
3.453404305863574386e-01
4.696261758277797682e-02
-4.676539740284282320e-01
1.260848441119801766e-01
1.583759819588252959e-01
