-8.428739316198332610e-01
-1.741068529413447585e-01
-8.007756648179804593e-01
-2.935300364703474774e-01
-4.140762402278763687e-02
4.515176660077897530e-01
9.423602917022937397e-01
-7.140157019440183106e-01
2.310381001763395226e-01
-1.986450148028409135e-01
1.176067633389894507e-01
2.246197090718782263e-01
5.894546576639592139e-02
-4.923904478039002885e-01
7.415054659476625343e-01
6.881296966850891650e-01
4.066124043558299039e-01
6.761203472177637064e-01
2.406996865549686504e-01
0.000000000000000000e+00
8.300613723312082470e-01
0.000000000000000000e+00
-2.357973415921037486e-01
1.890048786286031568e-01
-3.967632517030776906e-01
3.544137369790172354e-01
-9.653450015319640087e-01
-4.829064665464222195e-02
3.406177600176314435e-01
-6.090028907843210160e-01
5.580280929788017374e-02
4.907275157771560092e-01
7.776814105108971198e-01
-3.086686373657543392e-02
-2.665453626026204059e-01
9.706318758703669225e-02
-4.035607755558570098e-01
7.223442259235031138e-01
-4.779922977760326930e-01
-3.914100208618933596e-01
7.467803667144812252e-02
6.824313173050600145e-01
8.471434812364075917e-02
-4.803940721877208997e-01
-6.016261434539509345e-01
-5.112702328645193361e-01
-2.960929453247362897e-01
1.278050497712635014e-01
-2.196446052079163991e-01
5.998960017534353817e-01
9.851655596747523891e-01
-6.361432756325111626e-01
-8.107725054250194408e-01
-8.534944421017609528e-01
5.660539703987934601e-01
-1.088431654710380059e-01
3.322423789060631183e-01
6.855545143788317475e-01
3.185884004661696522e-01
-5.680669001849507627e-01
5.962165076117054152e-01
3.685429999079503638e-01
-1.089829523625303054e-01
-9.008764633515882192e-01
-1.903847851178781525e-01
9.485131500012817796e-01
-2.335425567026179205e-01
2.339745533181101234e-01
-9.686696195865402981e-01
-2.288031285350500266e-01
0.000000000000000000e+00
-1.055632289373125143e-01
3.211206358118210424e-01
8.018603089098075287e-02
0.000000000000000000e+00
0.000000000000000000e+00
7.729370272723963264e-01
-1.779217787148292818e-01
-7.962956887161796171e-01
-4.773482891999147881e-01
4.721389297872158330e-02
-8.608130986978630439e-01
-6.153523640079348045e-01
0.000000000000000000e+00
7.906146352260092769e-01
-9.566154480836153162e-02
3.604237876259295259e-01
4.551686266941106229e-01
3.818863966071339711e-02
6.965398853917159627e-02
4.982440061064636883e-01
-6.465577616705451280e-01
5.034128537313533602e-01
-7.846661460942079280e-01
-8.472128671441840897e-01
3.153896008270666851e-01
7.923614849787516956e-01
7.424410812652726399e-01
7.489800701028450636e-01
-6.117414189994208051e-02
7.214089749661625195e-01
-2.054413263948613455e-01
-4.917902595714220837e-01
-3.722768314044253568e-01
3.197288429530480425e-01
9.694127850436644600e-01
-3.960917965809094277e-01
-6.136096547900236065e-01
-1.611092047660203086e-01
-9.973142500724934134e-01
-8.128248365426460342e-01
-5.260303031451307731e-01
1.100592458132432228e-03
-7.172141150670530152e-02
4.378590898158729594e-01
-1.910864962407403667e-01
4.043740511806632743e-01
-6.791110338748689301e-01
2.331103137525381008e-02
-4.267019660853923479e-01
-3.193807836157602775e-01
9.127789626796154465e-01
8.984616677927264039e-01
0.000000000000000000e+00
6.738140795090115098e-01
0.000000000000000000e+00
-8.248583969693017437e-01
5.546308335276919355e-01
-6.981894674271273971e-01
6.266713928211771201e-01
0.000000000000000000e+00
0.000000000000000000e+00
9.764911646561584835e-01
0.000000000000000000e+00
3.612509599206505939e-01
-1.141449978917030705e-02
-9.240063459317535699e-01
5.601974267638727412e-01
-8.792616740562708699e-02
-2.652966755881978056e-01
9.034554731515000991e-01
9.650936008355217588e-01
0.000000000000000000e+00
9.987066093982783777e-01
0.000000000000000000e+00
9.485965744823654511e-02
9.161347003600028849e-01
-6.297934205086472836e-01
6.817799767203853722e-01
8.801394520474272731e-01
8.075118495059880885e-01
1.572758600893324754e-01
-4.063048646535667441e-01
-8.875084848051719710e-01
-1.666432924352445610e-02
6.607612311431250163e-01
-3.051496558169282114e-01
4.722717593997090013e-01
1.319948464580829040e-01
2.576629331156996550e-01
-2.126701875520786711e-01
9.622448302841843937e-01
9.893875763841286641e-01
1.380102388492707721e-01
-7.076880116319661518e-01
7.302974654299536628e-01
9.083029597323619697e-01
-1.255208760159123305e-01
-2.313793389101532760e-01
-7.198336614403710865e-01
-4.015608925115925487e-01
-7.774601430898508969e-01
-6.659940019583385773e-01
-3.805108881675822730e-01
-9.345976271263465307e-01
3.749721409974042796e-01
7.891350694926113629e-01
-7.465718135942156497e-01
5.688486088140387587e-01
-5.884963962925431336e-01
8.508240834390878859e-01
-5.389447214479159420e-02
0.000000000000000000e+00
2.332164726879280003e-01
4.934296005726377388e-01
-7.377739796299405128e-01
5.580298434000801056e-01
0.000000000000000000e+00
-3.139154816755072019e-01
2.349467749158451468e-01
6.921442475684260742e-01
2.204830586608981235e-01
3.209802873451095273e-01
6.174102900533045002e-01
7.835347303414752496e-01
-4.683882222815529683e-01
8.367786302269430987e-01
5.083641602755921696e-01
-4.064202738842743745e-01
-5.855412264795056831e-01
-2.563401597144698840e-02
-4.101369303747461892e-01
6.416244026546791268e-01
6.147301635346833493e-01
8.559556188148162992e-01
4.671081381367581109e-02
1.944832749290281715e-01
8.959901181200513598e-02
1.591025382353137285e-01
-7.379377937790319031e-01
3.732661758919404438e-01
3.988858025597274981e-02
4.342010369734679021e-01
8.643121247447018707e-01
7.295692414718368823e-01
1.000003805647478039e-01
-4.523402659547335336e-01
6.701907826498523235e-01
2.062815814657139590e-01
2.863468691472128569e-01
-6.562910862213566787e-02
-5.995265257783457535e-01
6.183787159117319909e-01
3.249203649246057424e-01
-1.536324767852288442e-01
7.962584371077074952e-01
-4.068707733257346248e-01
-1.185655540297556598e-01
-9.727415786499247208e-01
-7.154208530340697703e-01
4.810507268728936303e-01
-3.168577957953442326e-01
8.446693048878186616e-01
-5.568542264224234373e-01
-1.220583570489226499e-01
-5.816244663861969144e-02
2.540583719149853703e-01
-8.003167727711344437e-01
-4.483182334567228366e-01
-6.506380698985909650e-01
-9.902436432415766543e-01
7.903096747432458713e-01
3.069695232260261086e-01
9.905110886658139435e-01
-1.081252090531088506e-01
-8.972510212049216172e-01
-3.209586605867214004e-01
8.496357290307443577e-01
-3.805069278223753848e-01
5.602675704091739650e-01
-9.081845215804329463e-02
-1.463857519450773026e-01
-8.709348412855244526e-02
-5.878793964003306005e-01
-2.251662598090649059e-01
3.889126823507720321e-01
-3.706414035679956864e-01
-3.283277333640968187e-01
-3.007236037830958164e-01
-1.536250655095650064e-01
-7.641541934235984712e-02
3.425254363319851780e-01
-8.482981752774827466e-01
-8.997785385451038120e-01
-6.958276015116129365e-01
