-2.654980101662787195e-01
-4.449313119711773012e-01
-8.421938605611423156e-02
1.153490208390846039e-01
1.213238700139389614e-01
-9.019921418064158480e-01
-7.472322645223210547e-01
6.100731815775295441e-01
-5.805735999566787875e-01
-9.097404563104096731e-01
-8.966161166822292916e-01
-4.978932481580509162e-01
8.138497087449509948e-01
9.737561233515379389e-01
-3.124014390913867345e-01
0.000000000000000000e+00
5.214227878701060970e-01
-2.385361531276073421e-01
-2.312699645227231926e-01
-4.916341396636347838e-02
0.000000000000000000e+00
-3.037274716209048542e-02
2.517397762071458267e-01
8.237697747529335590e-01
-5.108082656004795385e-01
-4.742589964584138507e-01
6.721689911244994597e-01
1.413603014959119442e-01
-1.091331724746920084e-01
0.000000000000000000e+00
0.000000000000000000e+00
-1.805054984440652710e-01
-8.884748540481712809e-03
3.914488204998047838e-01
-7.179775542704835978e-01
-6.578572164544720380e-01
2.090104223788942228e-01
-1.154487505037686823e-01
9.721267298025049186e-01
3.619853963898553850e-01
-8.991141085086384876e-01
0.000000000000000000e+00
-8.603799456390319733e-01
0.000000000000000000e+00
-1.531598796126210082e-02
3.148472568618969625e-01
0.000000000000000000e+00
-3.523713694842827149e-01
5.735066782625652948e-01
-1.561419842595990204e-01
0.000000000000000000e+00
0.000000000000000000e+00
-4.414846508041330164e-01
-8.892307327079143064e-01
-8.160869694650985107e-01
0.000000000000000000e+00
-8.008173520759442887e-02
1.657754146128147532e-01
3.687126790911638974e-01
-5.087205529787308667e-01
-3.992766624747337012e-01
1.516599345544333843e-02
7.359224530238905881e-01
0.000000000000000000e+00
-9.580989704711790900e-01
0.000000000000000000e+00
9.626074813811613673e-02
-2.867189588638159314e-01
-9.231873777991137509e-01
-9.841319539535624550e-01
1.869321340611804771e-01
0.000000000000000000e+00
8.833786605773010780e-01
9.788189709298973362e-01
1.771104466765893726e-01
7.346037663675497598e-01
0.000000000000000000e+00
-9.938353878290508980e-01
6.514329508799121538e-01
6.879993587251160836e-01
2.442755648747576558e-01
-5.138484736385990903e-01
0.000000000000000000e+00
8.679252762087930062e-01
0.000000000000000000e+00
6.211968380229571096e-02
-8.641590894736523865e-01
-4.911155548976278151e-01
3.739920431101708687e-01
-4.230059703477297983e-01
1.319197894580450559e-01
8.620387709913179819e-02
0.000000000000000000e+00
-8.342141376959124610e-01
-3.225763786157949120e-01
7.799163843331802237e-01
9.715243342640607072e-01
-8.075408028408923578e-01
3.651762759774597189e-01
8.984988977336467730e-01
2.406625561221968912e-01
5.487748555031120024e-01
4.627483628900233015e-01
9.853368293898423502e-02
7.400544856444528641e-01
7.018790202651756793e-01
4.476927154501892936e-01
2.044828330000540983e-01
-7.365639674458954733e-01
2.289101662958987760e-01
-4.243373825975038649e-01
-5.600540257154829060e-01
4.615257986290972614e-01
2.834014704855063460e-01
2.008419282765601110e-01
9.976511775641634383e-01
3.728286160760529988e-01
7.942174539573243486e-02
-7.512167470898274413e-01
-8.528857945899479542e-01
4.315722052318606838e-01
9.579186520013114325e-01
5.033177118772205194e-01
9.179907624183676340e-01
-5.873482013938737811e-01
9.935070000451453609e-01
-4.204000474743099236e-01
4.489554166725546747e-01
-1.011244262536403760e-02
0.000000000000000000e+00
-2.652948828705041784e-01
5.554523418180119521e-01
3.688011931113406305e-01
-7.370845363709215281e-01
-1.299332786887474889e-01
7.893741866602457247e-01
-1.328448500950516475e-01
1.742358963814898409e-01
6.721474841465819861e-01
5.548140108546844029e-01
8.346448750410204731e-01
-5.249435229443808471e-01
-4.169430293884546224e-02
6.767404872935212090e-02
1.789089811563788768e-01
6.088249684527027306e-01
4.500858792514752516e-01
-1.880326709333435264e-01
1.602981958645899319e-02
1.524896079597204412e-01
0.000000000000000000e+00
-5.694721162330067532e-01
3.188332474373360981e-01
-9.085079783554812494e-01
-5.602000537178890571e-01
2.075771884222308294e-01
-5.589046713501326646e-01
3.002841983029214123e-01
-2.093723696888121211e-01
9.861224031035418225e-01
-8.217268756511701966e-01
9.101664225485635029e-01
-8.474354856302617200e-01
7.505059791856822926e-01
5.478216344721991149e-01
0.000000000000000000e+00
-2.840073535039497887e-01
-2.053229762143451431e-01
3.634900100613092100e-02
-1.799674959494534932e-01
-4.333141086507064088e-03
0.000000000000000000e+00
5.874879847581513381e-01
6.948416375282810975e-01
-3.518633843423781826e-01
0.000000000000000000e+00
4.863719829435864117e-01
7.722719282152763487e-01
2.317596851335543828e-01
0.000000000000000000e+00
8.104626158018644055e-01
0.000000000000000000e+00
0.000000000000000000e+00
-9.216181774310965302e-01
4.762921025457149682e-01
-7.207062648528155258e-01
-1.023646237419129079e-01
-3.222447886606609746e-01
7.843053531817911761e-02
-3.925135044097751713e-01
-8.278090398212167855e-01
-7.561432855911278672e-01
4.524522970834139457e-01
1.000000000000000000e+00
-9.748394892107925536e-02
-6.703920382068349060e-01
4.157887168590534976e-02
0.000000000000000000e+00
5.309737904569766798e-01
0.000000000000000000e+00
1.765300611905764594e-01
7.721715718707089504e-01
-9.753491026038105804e-01
5.866889571970106410e-01
4.593919382363544912e-01
-6.855792849253548038e-01
-5.901467777356750322e-01
-2.975401665361825376e-01
5.410677072810323729e-01
7.666266475489296184e-01
0.000000000000000000e+00
0.000000000000000000e+00
9.635928341177779632e-01
2.052741628721141964e-01
-6.338395722979583979e-01
-8.052095804555210456e-01
8.677167497727356071e-02
7.022701581749091204e-02
-6.931284544604099374e-02
-5.523455851140397499e-01
-8.142724937866647750e-01
5.395005493745719249e-02
-4.423831355868725890e-01
-3.120793266193966353e-02
7.619241475590188273e-02
6.890416754472743488e-01
1.000000000000000000e+00
7.325430758404150033e-02
1.273191584925650321e-01
5.661648714755853629e-01
-3.593557288699595897e-01
9.036031459945284006e-01
-5.186735618378772728e-01
4.271588847868756922e-02
6.757845910992310579e-01
7.496489826995000882e-02
1.805716021085259637e-01
2.564525061575102516e-01
3.235942226710391001e-01
0.000000000000000000e+00
5.646287967427068288e-01
3.605166028589379401e-01
2.584042337981193871e-01
2.411269280691539230e-01
8.436984485633693964e-01
1.945703848036752781e-01
-9.619477534851512690e-01
0.000000000000000000e+00
7.266073152799563672e-01
7.427175286376792585e-01
-8.394483872146527581e-01
-3.992783853037520370e-01
-8.017880873972265121e-01
4.064188053129593747e-01
4.796761962640625487e-01
0.000000000000000000e+00
6.729048471980565438e-01
-2.259013605828696925e-03
1.626683775820856326e-01
-1.519193586633353910e-01
0.000000000000000000e+00
5.347968072938371620e-01
-2.040624962000021636e-01
-8.666554437898066343e-01
-7.570683318616433510e-01
