6.193126218671198835e-01
-4.610163725186393613e-01
4.228846396594749812e-01
-2.461915150270441721e-01
-8.982006238494868455e-01
-6.296070697125404347e-01
8.132368867396477796e-01
9.264176255630118817e-02
-3.135265886773523913e-01
0.000000000000000000e+00
-1.734795092446772546e-01
-9.147131520937179516e-01
4.245467663000161984e-01
0.000000000000000000e+00
-7.385137390206646391e-01
-9.000481132178479449e-01
4.394706587507861695e-01
2.345938468337351868e-01
1.000000000000000000e+00
-4.379801278631541006e-01
0.000000000000000000e+00
-2.677096149669577763e-01
1.000000000000000000e+00
8.255348284238381851e-01
0.000000000000000000e+00
7.404630353308589985e-01
0.000000000000000000e+00
-4.258056425713241389e-02
-8.628703812344380442e-01
-7.099414608818259698e-01
2.503566360451168205e-01
-2.495439808175370366e-01
6.849216784289595683e-01
2.622104512698548717e-01
-3.769980999405280198e-01
1.208146911590257666e-02
-1.672365305668033209e-01
-4.882336532933577722e-01
-5.165286094218297652e-01
-2.299907066958479795e-01
3.006990570929870543e-01
5.661979452111907118e-01
4.904837303406024418e-01
-8.011899964104234328e-01
-6.324309152058342764e-01
0.000000000000000000e+00
0.000000000000000000e+00
9.292099254523780161e-01
-5.901371189254038807e-01
-4.516508164008012916e-01
-9.697382393387619093e-01
1.584129238460723066e-01
7.547083627220392277e-01
-3.333672199516468648e-01
4.952728922945059953e-01
6.335003066708349007e-01
1.254842974399092981e-01
-7.776701450217669009e-01
5.949716231590236326e-01
0.000000000000000000e+00
0.000000000000000000e+00
3.942625424182044647e-01
8.674090794497006929e-01
0.000000000000000000e+00
9.466305429039487684e-01
-4.273026597720031017e-01
1.000000000000000000e+00
-8.199089891557880261e-01
-5.057092450773326142e-01
-4.576449318557573864e-01
6.710478582925303304e-01
-1.105792845181605699e-01
0.000000000000000000e+00
-7.364052566218834972e-01
-7.657642026633419974e-01
-2.219023686288679187e-01
1.323865820725833586e-02
-2.612453239197944921e-01
0.000000000000000000e+00
-2.403449137078839115e-01
2.873065488921093813e-01
6.865634680240528809e-01
2.289937843580605037e-01
-2.502767871534248290e-01
7.912716304553906177e-01
7.562349385658473366e-03
-9.255869069889643974e-01
6.979428527273736638e-01
0.000000000000000000e+00
-4.560404379972260447e-01
2.576765566873917557e-02
7.718927484281572493e-01
6.133711193991904231e-01
3.360330681934458052e-01
-2.272616691773117203e-01
-1.441238333642747005e-01
0.000000000000000000e+00
-3.144222709158939200e-01
-5.983121588916233691e-01
1.576912549219775528e-01
0.000000000000000000e+00
-9.256610485896314966e-01
-3.451262394573577641e-01
-6.743150829177499972e-01
-3.541841080184207069e-01
-4.049436046762755481e-01
3.963616481931642177e-01
-3.963395340366053787e-01
-4.916456844221905875e-02
-1.998842315767637157e-01
-5.933596486767269695e-01
-9.942177823574491757e-01
-6.451237868173054224e-02
9.262465388847147540e-01
-1.710091300375908840e-01
-7.919289414650010350e-01
-6.177458200686405387e-01
7.259402797356513393e-01
-4.406757382463153405e-01
-4.269740827584389553e-01
7.820424761416668868e-01
0.000000000000000000e+00
5.084927641238770057e-01
0.000000000000000000e+00
-1.264675194343860554e-01
2.293693529622651273e-01
9.803997990679877983e-01
8.982312192945032248e-01
0.000000000000000000e+00
-3.272168156921269055e-01
0.000000000000000000e+00
-1.962370258299701575e-01
-5.263289129549135748e-01
-9.115088292375210788e-01
-3.476725806247318307e-01
-6.705337460843212583e-01
4.591644258165268333e-01
4.409266019774471523e-02
1.000000000000000000e+00
0.000000000000000000e+00
4.085746298997545711e-01
-5.138984413366465276e-03
5.392007232580109388e-02
-2.640006966889465456e-01
8.851290861628624551e-01
-1.824674780492483439e-01
0.000000000000000000e+00
-9.448796338452842836e-01
-7.941492284764462006e-01
2.938028494787718881e-01
-4.020452371597746932e-01
2.389698691522612606e-02
0.000000000000000000e+00
0.000000000000000000e+00
5.340018653639302393e-01
3.803120165041442569e-01
9.344515527658583398e-01
5.933787407683921433e-01
-2.005572221883522577e-01
8.603551187346649698e-01
-6.249678068970012657e-01
1.877797726480601170e-02
-3.142139917592623455e-02
1.991391002679872013e-01
-9.916188073312417472e-01
3.121042804056872733e-02
-7.948402729770434050e-01
-8.157842855405905702e-02
0.000000000000000000e+00
1.972585141619900284e-01
-4.703889852190767940e-02
0.000000000000000000e+00
3.666503164063610321e-01
9.951587225401117287e-01
4.115395582896945736e-01
7.430903003353515057e-01
-1.015149011508680310e-01
5.054674740514288889e-01
-4.255893641633419211e-01
0.000000000000000000e+00
1.011455144154393970e-02
-2.355692233531616608e-01
4.963338417793368151e-01
-3.280576556180696546e-01
2.510141252024680192e-01
6.541480619168069666e-01
6.005556651892587361e-01
4.593011508111621843e-02
-8.392220377080246152e-01
6.852909412971095460e-01
8.153410730401917661e-01
-3.128021152447539865e-01
6.427660285556442421e-01
6.625272285088661395e-01
1.028809569146875713e-01
8.331015906098893087e-01
0.000000000000000000e+00
-2.595338367978430316e-01
-1.720275212051056712e-01
0.000000000000000000e+00
7.323944389304071212e-01
3.899446970175175498e-01
-9.043604880325897266e-01
-9.530013149904836833e-01
6.257062914751365668e-02
5.678477945056705778e-01
-4.152178547015461518e-01
7.253716634421887299e-01
-8.073611963368956257e-01
-6.544200894744516273e-01
5.936249656888423765e-01
4.306562845164199071e-01
-3.352596778445242620e-01
9.080615257881010649e-01
-4.702334434580175415e-01
0.000000000000000000e+00
0.000000000000000000e+00
0.000000000000000000e+00
0.000000000000000000e+00
-5.448077441644456620e-01
1.500204207969637604e-01
-9.300782646883161142e-01
1.126005577052178186e-01
-6.806804372964738725e-01
0.000000000000000000e+00
-2.603973309122604718e-01
-6.141230757260729423e-01
4.514363984997755708e-01
-6.777214349749129951e-01
7.843772898016725392e-01
-9.135948009664494052e-01
7.702115471157400250e-02
9.673745334313781363e-01
7.900711702557599025e-01
0.000000000000000000e+00
-5.122225093289407560e-01
-2.958830750193228720e-01
-4.936616849942654373e-01
1.272954966598045523e-01
-6.663680395789928212e-01
-9.113212336142444414e-01
1.263159748772855195e-01
0.000000000000000000e+00
0.000000000000000000e+00
0.000000000000000000e+00
7.256645586356160749e-01
0.000000000000000000e+00
-3.042399425342654506e-01
-6.774158649528927434e-02
2.868092783589579753e-01
-4.228720172482238748e-01
8.289467712996154702e-01
9.769925023213741344e-01
0.000000000000000000e+00
9.965670916231463838e-01
-3.587007291549222376e-01
0.000000000000000000e+00
-8.620796823575416212e-01
-7.036634951050935172e-01
2.219182266448165297e-01
0.000000000000000000e+00
0.000000000000000000e+00
-3.194888739948686940e-01
-1.403787112561412087e-01
6.674211754541419239e-01
