-7.188443249634156595e-01
-4.775054778190070959e-01
2.494555265593043081e-02
6.246824171129753411e-01
3.636905041186210275e-01
-7.865362922669694168e-01
-8.254570295091656629e-01
5.599421519286146287e-02
9.818841201452939427e-02
-2.686992551313424626e-01
-4.642865141052219258e-01
3.326299275179812609e-01
4.627477538926574319e-01
-9.368495187749487085e-01
1.774951596508038409e-01
-6.714685403982698642e-01
3.020149659792316643e-01
-2.264458153244932048e-01
-3.206382731725200275e-01
4.791451234721122998e-01
-6.311117196835527299e-01
-5.489849110992994774e-01
1.775574021703796579e-01
-4.374818343717894881e-02
-3.176104247409742773e-03
-7.019793443085882156e-01
7.309216458958266438e-01
1.564072840352913052e-01
2.608885216827170894e-01
6.509339923809440154e-02
-5.222300473460209647e-01
-8.957141698468337743e-02
6.005413618053796476e-01
0.000000000000000000e+00
-9.491690012525196840e-01
3.416309022833914910e-01
-4.541270771335641498e-01
3.161660461699438152e-01
0.000000000000000000e+00
6.462962357992260154e-01
7.052940665572314805e-01
-6.944046688344716056e-01
-7.661957263677730834e-02
-5.530462853111199895e-01
-5.021953538127610361e-01
3.624430166811324350e-01
3.573673602547399186e-01
-1.631634589828935278e-01
-3.297606863170026714e-01
-8.552787046374261681e-01
-5.183060894298161525e-01
-1.040199418188469255e-01
-2.142496656372181174e-01
7.477277546924481211e-01
8.607542847160041255e-01
-1.386946731834380608e-01
0.000000000000000000e+00
-4.174492601083500398e-01
3.915850015809750895e-01
5.879930332873885002e-01
9.350911001247983467e-01
5.831241487419339675e-01
-3.599837388764289825e-01
0.000000000000000000e+00
-5.189720066705727497e-01
3.425538067135763809e-01
3.564990253992442182e-01
-4.391816863022382500e-02
-9.137580755658282206e-01
-2.053860840036169089e-01
-2.880674972082755136e-01
-4.981764302895809182e-01
-1.591886370700820730e-01
8.570585469465771822e-02
-5.778301199801416654e-01
8.184597269282714027e-01
-4.396784251212687011e-01
5.229855887409113890e-01
-2.588473334133187254e-03
3.269535436006228424e-01
-7.151776229940315366e-02
3.396916746060298919e-01
0.000000000000000000e+00
-3.427566309374642239e-01
-6.768904890702777122e-01
-3.316922858596729196e-01
8.022949107335036745e-01
-7.499373748349420499e-01
9.471874009617406442e-02
-4.049178310905579559e-01
1.757010040131126716e-01
5.607779051468843035e-01
4.511690291306956757e-01
-2.845707343687896296e-02
6.470075946319069349e-01
3.692195333168169502e-01
-6.786977306199266646e-01
5.417249819663465527e-01
-7.681167811090796604e-01
5.784858870716812207e-02
4.304636911417688006e-01
1.967708804661462141e-01
-3.358089301878686150e-01
6.919074683447150598e-01
3.359154854290103409e-01
-5.553412349606215992e-01
7.457363953332655226e-01
-8.012567273602499984e-02
3.786368665315661408e-01
-1.711369518239994059e-01
9.374352986769211027e-01
2.411184902912278660e-01
2.302702874338612843e-02
5.562771194108784290e-01
2.456789446509218544e-01
5.310744263261588660e-01
-1.992338099695756259e-01
7.113804491992206658e-02
-2.003479813729461545e-01
-9.499490134565866661e-01
1.893955531687351312e-01
-3.659508107186425496e-01
-3.856105672344262714e-01
-2.097897836668319305e-01
3.314926167568116866e-01
6.542344772749476844e-02
2.415734107592116819e-01
-6.684055666895591941e-01
4.650246882319025166e-01
-5.174097469455918308e-01
3.138927268918230151e-01
1.230817814468071481e-04
-8.014799457707773023e-01
-8.891445825206918396e-01
8.567973374136385045e-01
-5.860721174005962819e-01
4.564446665375143097e-01
6.694853307943691156e-01
2.860970720776490062e-01
-1.070102098235616583e-01
9.387133245527448100e-01
4.602411079377558001e-01
-4.089548399586895311e-01
7.228554823540646046e-01
6.435897165861220737e-01
-9.586671972273667075e-01
2.747774976253299917e-01
-3.979414414368918906e-02
-4.047588492544845762e-01
-3.216875959080040537e-01
1.745373372811429014e-01
3.651406703032998857e-01
9.674863794420278384e-02
-9.825319514916978914e-02
-5.136770077302070803e-01
1.606141176106343216e-01
-2.395298498325399983e-01
2.531338525993155897e-01
-1.384131425711676855e-01
-1.574135034338134953e-01
-2.363308406940780593e-01
-3.708238998972643308e-02
-3.902348689576740082e-01
-6.375166913229346477e-01
-1.949656440487019526e-01
1.237059791437898487e-01
-1.714913225951435749e-01
-6.359671141389898752e-01
-6.381829783118683208e-01
1.657617091344733840e-01
0.000000000000000000e+00
-3.617876033661941992e-01
2.195273165378557323e-01
7.428669542870458553e-01
-6.236600922206299025e-01
-6.766619219712397548e-01
9.714758080645030658e-01
-2.852933458806918843e-01
-5.305763657598284722e-01
-3.483795313551281692e-01
9.863515567729320976e-02
-4.770439130577246445e-01
6.523323775237475086e-01
-4.058140745896059443e-01
-6.414759967562544407e-01
-9.323320457851980159e-02
2.280886878135770235e-01
4.043816985705548372e-01
-1.353328393962736353e-01
1.517340459744976125e-02
-9.440064587157771525e-01
1.287634528894540942e-01
0.000000000000000000e+00
3.348229589784651461e-01
1.424746973570572769e-02
4.264101712486264573e-01
-6.149014164513061376e-02
0.000000000000000000e+00
-1.237345099724316416e-01
3.319038269823290088e-01
0.000000000000000000e+00
-3.287318078428139168e-01
-6.962003915971828327e-01
3.290661337808675202e-01
-9.204533768496213353e-02
1.741098050526909691e-01
-2.369739759775340293e-01
-7.245015852092329123e-01
3.162867332694718203e-01
3.512920215273168667e-01
-6.091943635506533727e-01
3.154454662456614988e-01
5.760070805839770935e-01
-5.907463559813908027e-02
3.600054871550547042e-01
8.981582335614266555e-01
8.659635818874020785e-01
-4.430836067912040099e-01
-2.653332087759109267e-02
6.727077690490105288e-01
-7.478389492916887038e-01
-1.080029267017754979e-01
-2.897343346445636209e-02
-3.308204158893273128e-01
4.007204834054634568e-01
-3.795420833293338125e-01
3.478269625243327612e-01
-2.417345924280996372e-01
-4.537249420750406881e-02
-4.311474408312265805e-01
-3.366150131265860379e-01
-1.818663061332823905e-01
-3.434060213802492822e-01
0.000000000000000000e+00
2.140241615953001608e-01
-6.023750398239955395e-01
-4.205037989163368239e-02
3.589812863521870123e-01
0.000000000000000000e+00
-2.350269650500992347e-01
9.458165470555106591e-01
5.007296143017757606e-01
5.315857195615734110e-01
7.868828908809841205e-02
-1.125993973332080067e-01
-7.367981103634793083e-01
8.474306370848246894e-01
3.074378155833053065e-03
6.337441839724476944e-01
1.797469210909832249e-01
-2.712177964676324438e-01
-4.495014251985352677e-02
6.819388819635325838e-01
9.608193812445732507e-02
-2.227124721217211278e-01
0.000000000000000000e+00
3.599608989153121885e-01
0.000000000000000000e+00
-1.815781642196538093e-01
5.282341403684699399e-01
-2.258535371521088742e-01
7.091651583743924236e-02
-1.070044033370035202e-01
-9.433972305920224066e-02
0.000000000000000000e+00
