-8.551589381054822692e-01
-2.303332247833782542e-01
1.792922814555548972e-01
1.121793441498145638e-01
4.307854793035934549e-01
-6.571034365309880165e-01
-7.710011212618456122e-01
-2.896925284461456807e-01
3.519815295076798856e-02
-1.638146746026060141e-01
-3.427218219411168887e-01
3.125021167485755869e-01
1.808144212125708736e-03
-7.863054240751153889e-01
1.510480231896134118e-01
-4.235898956077865929e-01
3.982589952630894437e-01
-1.070340597052187454e-01
-2.462361428792813056e-01
3.330956169366812714e-01
-5.963996979866260650e-01
7.191898336638247180e-03
9.983892180106931913e-02
-2.903072827409306500e-01
6.463143323953343504e-03
-5.222900001045720497e-01
6.314355547924663803e-01
1.293933126079658269e-01
2.211821549833151435e-01
8.512216213465104153e-02
-2.677616547801841551e-01
4.436387235533205409e-02
2.808393147103340204e-01
8.927756560039609712e-02
-5.528161480490053625e-01
-8.491873976126823598e-02
-3.008076546182580913e-01
5.636592511672280370e-01
2.353263445905449669e-01
6.347098829611702575e-01
7.782223510203511996e-01
-3.811714143023846035e-01
1.338780144719756149e-01
-4.970674860084985935e-01
-3.861681161767193671e-01
1.220952844795295117e-01
6.174252453133909080e-02
-1.636089478133008202e-01
-1.602280911561590471e-01
-5.689653902967730659e-01
-2.771319544601276164e-01
-4.810543782364127413e-02
-1.157199159299086288e-01
2.993864920731411083e-01
3.320846314515993880e-01
-4.846117258377540260e-01
9.465938433680946007e-01
-1.672980303272460223e-01
5.930743629106141057e-01
2.752043813905829528e-01
7.527872555316832415e-01
2.757710040626022985e-01
-1.430966884055360488e-01
-1.886273089888023113e-01
-1.194830832103874058e-01
4.617688434909790751e-01
3.879909252795762375e-01
-6.531908748786766084e-02
-1.035076510201039801e-01
-2.992528115458894522e-01
2.594331117152772204e-01
-5.630800147602400552e-01
-8.417297309294663465e-01
7.131745837843116165e-02
-3.492594112251380389e-01
7.513005315101665138e-01
-6.050191000786209194e-02
2.186142306559601400e-01
-1.560025269897751150e-02
6.001116202095705399e-01
4.398014522401406667e-01
2.119854214572816364e-01
2.505420455280910064e-01
-1.975921262039922188e-01
-7.994175575604465234e-01
-1.878237592161418335e-01
7.452544926364628175e-01
-2.843647692781637870e-01
1.609380774688140558e-01
-3.559032975315954972e-01
4.024219219401568848e-02
2.054034983378858759e-01
3.937966507502314584e-01
-1.648893805236820165e-03
-1.165964219976460131e-01
2.512824756843771157e-01
7.244035028689577160e-01
3.436784374530620356e-01
-5.498728751925887615e-01
2.981613273967146371e-01
-2.557077769455687877e-01
-3.877540750776196643e-01
9.251045428828472139e-02
1.823876045701169346e-01
9.922926505072156289e-02
-3.845268221909663442e-01
-2.087572403080894257e-01
-1.448809385213676304e-01
-4.153376638745526206e-02
2.092480022889058877e-01
-8.657834222351711018e-02
2.384149254834521392e-01
1.508742141754595423e-01
6.788221204321918112e-01
2.978717801501262752e-01
5.653650992272440945e-01
-3.682723715184745283e-01
4.425334537072363184e-02
2.008862638702683945e-02
-6.033919862605888751e-01
-2.494784057848726810e-01
-1.507400715793089374e-01
8.645873278947224794e-03
-2.211050549561078271e-01
2.840038880413467970e-01
6.031321651370627653e-03
6.684065847613293032e-01
-6.500531846982633422e-01
3.482131350790286239e-01
-1.423622430817035600e-01
-5.411651314414879232e-01
-9.673906170502583751e-03
-2.404082369264840258e-01
-1.706108801336133074e-01
-1.999559581644696493e-01
-6.070014263905725294e-01
3.119502277507575361e-01
6.994149500806081665e-01
2.286110383873762308e-01
2.301029444194994666e-01
7.928581931186826637e-01
2.158373943481666501e-01
2.131068526694941678e-02
2.897000824368277105e-01
-1.581221517053969239e-01
-3.713580800135369286e-01
4.219753720940479513e-01
-3.011948042084721111e-01
-2.857112869080407624e-01
-2.734920724132592351e-01
2.470073432650213840e-01
4.180599431580094005e-02
3.586363923821932892e-02
-4.098052376438803823e-01
-2.852294628521150344e-01
2.318948648833105697e-01
-2.088822839031323209e-01
1.129377533126819586e-02
9.272931682588693436e-02
-5.041872055101107031e-03
-3.002303780830020696e-01
2.466945047225716503e-01
-6.658037927797246791e-01
-3.897644833743932336e-01
-3.233855646450712884e-01
5.374218907878685475e-02
1.928531259812329979e-01
3.048143126285103865e-01
-3.946048854106386505e-01
2.779328438782914801e-01
2.362582625398795821e-01
1.503375810061418627e-01
2.841862921966600841e-01
6.365463278270111491e-01
-6.341215086276467960e-02
-6.440252129034536033e-01
4.298186020435392773e-01
-1.716105187567102952e-01
1.998249371747150283e-02
-1.534644883866634335e-02
4.154495284397465710e-02
-3.095495688366045606e-01
0.000000000000000000e+00
-1.716864857530487343e-01
5.841627672116538744e-02
4.792342997185607967e-01
4.739148830076281849e-01
3.274035340593877685e-01
1.961448813144070213e-01
1.858092694112181420e-01
-5.709898459669688897e-01
1.140849466182550370e-01
-2.067326543359382651e-01
2.258420003028295819e-01
1.621859229140732162e-01
3.479668312205502767e-01
1.649876469682774460e-01
5.371849619482043092e-01
-1.082272750667300810e-02
5.741082383772749820e-02
-5.865471570366798115e-02
-4.034839389866006210e-01
-6.239960095949793617e-01
3.372568869500156552e-01
-3.664828978372270396e-01
1.403396224904166767e-01
-6.346416488183410920e-02
-5.628233873368302387e-01
9.615412652340667166e-02
2.633378291678838412e-01
-7.102253105812476042e-01
3.060513595855599012e-01
6.311603529005858082e-01
-1.967678076802679282e-02
4.432950578568409794e-01
4.573818878573336910e-01
8.563602003576966659e-01
-3.744025320014504055e-01
-5.411845767493740633e-02
3.525377554409868108e-01
-2.433306992196757335e-01
-3.531966706207697593e-01
-9.327929228372811021e-02
-1.839303620920427762e-01
3.211072971626031114e-01
-3.224138375819275426e-01
1.112517313846724254e-01
-2.899225567397895609e-01
7.875353349986460305e-01
9.713637070913171134e-02
-3.527630940273738247e-01
-9.564223644879944752e-03
-1.216595248838592963e-01
3.349245929934974164e-01
1.582344528497713343e-01
-7.809620457247778980e-02
-3.188015114528793686e-02
3.475135617479480632e-01
-3.812452652340541509e-02
-3.253382792650331701e-01
3.707621003131568727e-01
4.747396786652936518e-01
5.389968635441159117e-01
5.428962015116233220e-01
-2.175145166085103443e-01
-6.553471825953841590e-01
7.243080392432945658e-01
2.103268864758890411e-01
2.158983907969093397e-01
6.105814939735360047e-01
-8.093168632967391585e-02
2.126205533923397339e-01
4.852342329423495887e-02
3.784560918143023422e-01
-2.859346016298260351e-01
1.118690395932642745e-01
2.433171793418344997e-01
-1.365985601312395825e-03
2.765096052981311225e-01
-1.053456620384757153e-01
-1.234440755605499263e-01
-2.754323583697012578e-01
-1.605672095987192294e-01
-1.684746563103354522e-01
3.827173849641357650e-01
