-5.245429289106344761e-01
-3.818978328102909936e-01
0.000000000000000000e+00
3.393825948227112699e-01
3.502894854527144330e-01
-6.722325825396773258e-01
-6.146632724252583113e-01
-2.056337151065515401e-01
9.826736877569210160e-02
-6.655781693407802901e-02
-6.370683901543311434e-01
3.905526497094382599e-01
1.998138917832618100e-01
-7.401326625628997791e-01
-1.468379930324903992e-01
-3.822947478511655728e-01
0.000000000000000000e+00
-1.374490632436325965e-01
-3.872865199794922608e-01
5.250707143187620662e-01
-6.135786129097358099e-01
-1.435187400535060942e-01
1.567722806505527922e-01
-2.829961671168679596e-02
1.131373952257850313e-01
-4.600599244813257660e-01
7.356123245436448910e-01
1.699233792965635648e-01
8.793700855204754363e-02
-1.568082393748624348e-01
-4.652304790350522690e-01
-1.101457688831584542e-01
4.223908940969616221e-01
-8.174915559285596614e-03
0.000000000000000000e+00
-6.389331613918679265e-02
-3.729630155201032471e-01
5.021309237460546138e-01
1.676320538314078623e-01
5.182269517112448876e-01
1.450757188663368280e-01
-2.775894096532385835e-01
-1.766773924003385565e-02
-3.339200333487107319e-01
-4.628877303801499088e-01
1.708358561988307101e-01
2.592030740220322982e-01
-2.933991653394698029e-01
-1.632694855833890790e-01
-5.196970941431522384e-01
-6.300647376898318441e-01
5.318843969954522022e-01
-2.921413808204592621e-01
6.145257717904200057e-01
1.254469180431890818e-01
-1.620099170813157352e-01
9.001444517487964259e-01
6.454325789342697794e-02
5.394118429591189257e-01
4.776221504246472849e-01
6.975229710416330775e-01
5.236587777397150312e-01
-3.787960955394646945e-01
6.212408320907182313e-01
-3.245023882705007079e-01
2.815647033614903649e-01
3.196833648738566791e-01
-4.815903545714289580e-02
-6.198709452108728257e-01
0.000000000000000000e+00
3.757598661408987489e-02
-5.451559437784808670e-01
-4.474424669225293694e-01
7.353193552189518645e-02
-4.232396151929901373e-01
0.000000000000000000e+00
-3.218123995232970991e-01
3.487026036871927470e-01
5.758242947701582362e-03
4.928043523916187940e-01
0.000000000000000000e+00
-1.274465696961916694e-01
-2.522589938402610560e-02
-2.189915184888122923e-01
0.000000000000000000e+00
-2.671518281922415361e-01
8.488371589004295448e-01
-5.786834421581423804e-01
-6.433768493341415762e-02
-3.105794203443995594e-01
1.770327049376624329e-01
4.164177810119419898e-01
2.176191480897912700e-01
-9.043105604934542630e-02
1.448040092661166678e-01
2.550869381289020410e-01
0.000000000000000000e+00
5.564078528596957396e-01
-7.402775546821593888e-01
4.495314101380237792e-02
3.289135765205030704e-01
-5.281191274558382220e-01
0.000000000000000000e+00
6.089465834504433905e-01
-6.559679069145940566e-02
-1.735959104661004837e-01
6.745850065600099699e-01
-3.143017122530304963e-01
0.000000000000000000e+00
-6.627254815143903723e-03
5.030314359154336445e-01
2.017422130851326822e-01
7.055991490976910342e-03
4.269721309320115288e-01
1.582209554087200265e-01
5.113578334292812055e-01
-2.419763292364157103e-01
1.909848437407819788e-02
-2.032042266563235389e-01
-7.173879439982777662e-01
-3.363443727151854061e-04
-1.006278345335672314e-01
-4.997677082539619953e-01
-1.695598557294711872e-01
1.158419675475960003e-01
-3.338108314276684585e-02
4.180133477533080621e-01
-5.643970277264640512e-01
3.173568323935418989e-01
-5.201944055114664511e-01
1.957563295739938036e-01
-3.113359217134578985e-02
-5.451957235715124694e-01
-7.028422342721212246e-01
3.210960366706910873e-01
-5.473538433326274877e-01
4.573473729668698917e-01
6.200018521316565945e-01
2.233389201756553200e-01
-1.156416618939785784e-01
9.003724961549801620e-01
6.674575947803587095e-01
-3.887781901091421632e-01
6.894747695709766422e-01
5.160472924950566531e-01
-5.174339615983893914e-01
2.966792395606572263e-01
-3.470859439080394293e-01
-3.775327339216912326e-01
-8.445153468640040351e-02
3.672331642127915630e-01
4.295316198315818901e-01
8.532081813518917202e-02
-1.396998041516618327e-01
-4.664190488890260222e-02
2.017364115775505673e-01
-1.009684616431663906e-01
8.023831158892203580e-03
2.023485886637743300e-02
-1.476951358816702975e-01
-7.627274020925663978e-01
1.466978334527935246e-01
8.177559656042912573e-02
-6.232585693365985113e-01
-1.425724471466295051e-01
2.674062902686007853e-02
2.947563464378692363e-02
3.302854968559805759e-01
-5.009270480588772223e-01
3.756791259959936236e-01
3.845864280803913959e-01
-6.065873047705659937e-01
3.120856849534481281e-01
7.170725068995615903e-01
0.000000000000000000e+00
-6.003566637090841374e-01
0.000000000000000000e+00
-1.601353782922655400e-01
-3.504219458190454550e-01
0.000000000000000000e+00
4.869037891894593961e-02
-4.291217181782195356e-01
6.699055352932746787e-01
0.000000000000000000e+00
-1.033587924641933553e-01
5.402139086815467284e-01
6.685642042513072481e-01
2.438839957299596128e-01
-5.556409039986784371e-02
-3.004666677159634897e-02
-3.210435691733585228e-01
1.360501999627111436e-01
0.000000000000000000e+00
1.114117641803487740e-01
5.084005212463733880e-02
1.939297656266545933e-01
1.390525804202753790e-02
3.134015808018126847e-01
-1.734155210721525509e-01
6.041914856982160548e-02
-5.372332760786360240e-01
-3.464442940331579068e-01
-3.601009594058180441e-01
1.407183015185303754e-01
-8.361047079236970381e-02
1.378978349073146925e-01
-2.897775310507492152e-01
-6.236599894406503752e-01
7.180794122895797771e-02
2.933743642554578201e-01
-5.469911130687079570e-01
4.244099152820300369e-01
6.414210457040518953e-01
-4.212903868597019791e-02
4.728278993550489862e-01
6.727481976347849946e-01
7.921536572242210417e-01
-7.153389234492038215e-03
-3.142916840046483529e-02
0.000000000000000000e+00
0.000000000000000000e+00
-2.251953568023170316e-01
-2.207720386238062882e-01
-3.789851244977542888e-01
5.167465793535449547e-01
-4.642682356596370963e-01
1.674276926730485227e-01
-1.134233204347051827e-01
8.371431626365146705e-01
-4.496622171372600674e-01
-6.622129907699805251e-01
-1.898362416559783161e-01
-2.596492920648059144e-01
3.813798532473450797e-01
2.095058737386660541e-01
-2.530864178248324881e-01
-5.709080221182804421e-02
2.936805931106912237e-01
6.540205747932359426e-02
-2.172900045246062839e-01
8.079145766237922910e-01
0.000000000000000000e+00
3.233158688257423696e-01
1.617596018719434092e-01
-1.037884029981016587e-01
-5.525092142566362385e-01
6.668377107298671946e-01
6.724306927703295467e-03
7.273052568558496800e-01
5.850458160256398754e-01
-1.719379654739198737e-01
-3.109511422159413896e-02
6.500548923634171805e-01
8.338605295832808573e-02
-2.262116123264717171e-01
-3.719978993225715735e-02
2.377293016269987624e-01
1.856762518422912511e-01
-2.156118799508030814e-01
2.655317959865433064e-01
-2.285605930766438643e-01
-1.154434194175056952e-02
-1.896195379598179798e-01
-5.994939371910126824e-02
4.510728527350182926e-04
