-7.774956335517311246e-01
-4.810940112150534631e-01
5.677167853325353342e-01
6.777399377453865448e-01
4.215400229431922607e-01
-8.822949372089683440e-01
-8.243647656111030564e-01
-5.277715733527839070e-01
1.560674782921955828e-01
-2.484755652275139060e-01
-7.536388634446762325e-01
6.363863749373011025e-01
4.475254349254831343e-01
-9.413333657554052714e-01
-1.784223363863663980e-01
-5.209389472151377820e-01
5.922864523781530277e-01
-2.202935803588372821e-01
-4.521013737474675054e-01
4.922224225008975385e-01
-6.302606332037814507e-01
-5.400540274100913418e-01
1.831446658218611745e-01
8.277642573558452455e-03
-1.542808404915763099e-02
-7.649327510333983060e-01
8.652940540938294234e-01
1.609286165481285114e-01
3.142450855566070178e-01
-4.152906461916432423e-01
-5.967399875025927170e-01
-1.317074133363176358e-01
7.066231680282302197e-01
8.225084214295461660e-01
-9.491600820983274733e-01
-1.316526980414534087e-02
-4.543970445537044434e-01
7.549207502523676006e-01
1.380099157333984916e-01
7.640953551775615527e-01
8.496202705887376805e-01
-3.754289218597308686e-01
-1.051468427693207364e-01
-7.855244260411999857e-01
-5.968707807541890897e-01
1.269092532710891508e-01
5.384595939796699149e-01
-5.067323644491346091e-01
-1.212028053099587499e-01
-9.151170689385839108e-01
-7.206905532871590303e-01
8.341497857063080446e-01
-3.900796812563769311e-01
7.702520545042599309e-01
8.589002024717986572e-01
-7.580635776568667161e-01
9.932048442115282150e-01
-5.880364325849483098e-01
7.688014405603731394e-01
6.297653305714159266e-01
9.987495585582357727e-01
5.805374154542604082e-01
-3.259171868824324303e-01
7.727578537393404723e-01
-6.825824645231350907e-01
4.881795919266058714e-01
3.565519933698941824e-01
-3.113986082881892159e-02
-9.198028958223263274e-01
-3.935251026842672140e-01
4.916867620951512752e-01
-5.568583140200880077e-01
-9.822582359617544334e-01
9.976505855563466696e-02
-3.851882694466575163e-01
8.241616813007195397e-01
-4.647146518236662249e-01
5.714761201025566617e-01
1.839539902214926137e-02
9.763679152089359548e-01
4.161052904452551271e-01
3.738126059780495503e-01
-4.860447111055066216e-02
-5.960614534022565802e-01
-9.752676776645345935e-01
-3.882520172637160538e-01
9.399836491859776544e-01
-7.326967176897607459e-01
-2.591442655443587650e-01
-4.053067448818801211e-01
8.235518539257833392e-01
7.432430645762806432e-01
4.856695577330119029e-01
-1.321301844481768129e-01
2.489864024599348635e-01
5.517842907410555053e-01
-9.281611662336941571e-01
5.445245754797394255e-01
-8.339645912994475552e-01
6.680571677196045499e-02
4.500047969378968560e-01
-7.164947974392301688e-01
-7.729219754760408012e-01
8.241109151032850466e-01
-6.533610508143339324e-02
-4.412978565276424181e-01
7.947985045455061570e-01
-5.135249173749407703e-01
4.995152873997583676e-01
-5.212470052549389443e-02
9.425839419854105117e-01
3.287695453450698579e-01
2.555599201874687587e-01
5.640551052323610204e-01
3.022451896919180481e-01
7.836193089175989002e-01
-1.801637862696232606e-01
-4.126379181697159559e-02
-2.603029914610357487e-01
-9.917677624520702118e-01
-3.355550982305115504e-01
-4.047266173582855231e-01
-6.081240046404512434e-01
-1.500833224374362729e-01
4.390631081355300669e-01
-2.687365243574069140e-02
4.581539610481435432e-01
-6.921918317564172973e-01
4.391542008267788066e-01
-6.039152450496407809e-01
3.088573146893895949e-01
-8.200107051390004287e-02
-9.487296578848860573e-01
-9.047983772924270696e-01
9.263609239002577045e-01
-5.860459306338954288e-01
4.978693064289017034e-01
7.923352812917592303e-01
3.931690746403864178e-01
-1.314300658983567072e-01
9.419632787406706509e-01
9.041377625521980210e-01
-5.190665753161314289e-01
7.239294908081326252e-01
8.955849249888865327e-01
-9.650673199586301543e-01
5.683883658662565175e-01
-4.629253330356883911e-01
-3.884790306106242763e-01
-3.431934218296299743e-01
5.224179559637578407e-01
4.760389288841653244e-01
8.928522110019376790e-02
-1.304147361818723816e-01
-7.387223596922534163e-01
2.356838166735168993e-01
-2.419507833460579072e-01
-1.680220470364564012e-01
-3.022341726916979443e-01
-1.813939099727550630e-01
-9.306819482523445153e-01
2.033157654725454844e-01
-4.063285962413591967e-01
-6.437877228038710875e-01
-2.996325689574548257e-01
3.452323335333606913e-02
5.633657830110805342e-02
6.021967819969609170e-01
-7.230497615530968591e-01
4.913905124434192473e-01
3.996479981922123059e-01
-9.595622140605939432e-01
3.754901924040687788e-01
7.485522167454510267e-01
-7.774800964172630113e-01
-6.371808278915815915e-01
9.600299530182301311e-01
-2.463404169989122927e-01
-9.397837560351645081e-01
-1.253028183124491601e-01
1.189233432447531769e-01
-4.763714560110610119e-01
6.984770768263677265e-01
-4.499222095694324075e-01
-6.385260924571101171e-02
9.759878425149044467e-01
8.649295568655919197e-01
4.118576403643874340e-01
-2.638305990161224912e-01
1.601872479633370538e-02
-9.278259759051619149e-01
1.271275149620501033e-01
-2.829444694242759795e-01
3.240506034041530370e-01
1.986327202173423512e-01
3.770541819975707920e-01
-4.535283644903387312e-02
9.873295187024200281e-01
-1.251079856935359835e-01
1.420363692181598747e-01
-7.882339867627268237e-01
-4.269254927496664020e-01
-6.961914651488334549e-01
3.676770284558597002e-01
-8.550822212464614935e-02
2.285921778682957761e-01
-3.277607387972107933e-01
-7.180288717010643307e-01
4.100513224277062552e-01
3.084907300873838132e-01
-6.022072616463025607e-01
4.701739706380037020e-01
6.938288132314365253e-01
-9.493858914481512201e-02
4.887536883980032609e-01
9.089122609267621389e-01
8.880233493546927370e-01
-4.432505825588080040e-01
-2.656168524207425108e-02
7.988266128707124381e-01
-7.696051356702726665e-01
-4.982248566674358781e-01
-8.058672025872182232e-03
-4.365728500979371152e-01
8.642512806691153848e-01
-5.511678623781604003e-01
3.481096364649622910e-01
-5.261436569076822778e-01
9.273806148986776243e-01
-7.362010312137572399e-01
-9.249584640493877519e-01
-3.160803345400606812e-01
-3.573936938008048791e-01
4.054934680615296383e-01
2.153368813529528136e-01
-3.630330316047241102e-01
-4.500158980074719928e-02
3.463846752079278168e-01
8.111819975432466023e-02
-5.105402782099686121e-01
9.461354253195799480e-01
5.010563809769368326e-01
8.336938208526778471e-01
4.645196955136370320e-01
-9.028674062962394053e-02
-9.439651058387972249e-01
8.565356097994598628e-01
-1.665094537840738909e-02
9.863591514775358338e-01
8.396464205192062380e-01
-1.058436290479343178e-01
-4.789048616883007092e-02
6.940096392296120076e-01
8.612846851452360397e-02
-2.211690299713282570e-01
1.043902853082494531e-01
1.193271879695987359e-01
2.059883886898352667e-01
-2.365754810396369923e-01
6.678299116872252750e-01
-4.398987827159479558e-01
-2.662102145653788554e-02
-1.759343997537301529e-01
-8.036279732072526549e-02
-4.461358114702278499e-01
