-7.864623816290311487e-01
-4.421310546372246852e-01
2.062040947295445403e-01
3.833060746740954983e-01
4.180063340111574433e-01
-8.401901471229831220e-01
-8.253464739215472523e-01
-1.075112295340022173e-02
2.254848554181560286e-02
-2.705182743649866550e-01
-5.981359789056303056e-01
3.984504936874431746e-01
7.316122784255649214e-02
-8.561137481422456119e-01
1.883486597733344536e-01
-5.273430977626961669e-01
4.778386669885028581e-01
-7.216089342379844451e-02
-3.617298496992379375e-01
5.049456726596810441e-01
-6.232873508213246927e-01
-5.481834679355193085e-01
1.785359434622048602e-01
-3.538552719439321675e-02
-5.264965192734158417e-03
-7.098070652331343044e-01
7.328523780150366651e-01
1.714048474571146230e-01
2.857075881383553950e-01
-1.859342438106503514e-01
-5.217355473673229715e-01
-1.079533023195207442e-01
6.320837195962970556e-01
2.016294834864201108e-02
-8.887235146255187956e-01
4.615975687483779566e-02
-4.209691909434702395e-01
7.176609232528019522e-01
9.953680569051279528e-03
6.444614858629311716e-01
7.865837623387055277e-01
-6.016386040129064749e-01
-5.204452660635387751e-02
-6.043796794375881909e-01
-3.601675301920023164e-01
2.994415191996880332e-01
4.409389847789370043e-01
-3.129056683665382699e-01
-2.764818273039698071e-01
-8.997328497090587573e-01
-4.147175769932270883e-01
7.822889366102292463e-01
-2.607584599776275325e-01
7.693521528949686106e-01
8.516003423715430287e-01
-9.205279008635580684e-02
9.814714660813662617e-01
-2.031736321256524813e-01
4.226399839005366976e-01
4.564446407391088423e-01
9.870856907950145143e-01
5.606582334814345092e-01
-3.478701093371364683e-01
3.562188482323561667e-01
1.533507795974533086e-02
3.563034367262544189e-01
3.942425174688410916e-01
-2.510548804819263957e-02
-4.178410446319132387e-01
-4.002234962270602714e-01
-1.963911768794306678e-01
-5.334270214056284765e-01
-1.569618782412456059e-01
8.251395623388081690e-02
-4.509247544667482899e-01
8.156152232830710114e-01
-3.770223890470298933e-01
4.589219207214693119e-01
6.843585226266852596e-03
5.850213994513679960e-01
1.979693390614914172e-01
3.403921014246881205e-01
-4.784244695719109056e-03
-3.664517471437713780e-01
-8.411652113766677763e-01
-3.772327779435122874e-01
8.752514767190264777e-01
-4.727212244486122539e-01
2.105263154705207251e-02
-3.738090555934866499e-01
1.788421819045954431e-01
5.733764242528701649e-01
4.527158122561967812e-01
-3.952044811379309963e-02
5.687973080960736505e-01
3.927600781446863309e-01
-8.134954795028130903e-01
5.548086333764288280e-01
-8.044497242484833777e-01
7.942079749518843323e-02
1.217863058204745885e-01
-3.736427161625525684e-01
-3.303109296417040541e-01
7.004827714617856138e-01
-3.966951291007375646e-02
-3.430315500584176780e-01
7.021077661876857778e-01
-4.820882014710862751e-01
3.229656926209854562e-01
-1.199012798129212853e-01
9.348270293693955457e-01
3.001812379994651669e-01
1.856031906364411649e-02
5.566257823517600789e-01
2.900390273671835106e-01
7.453047733296745969e-01
-2.987068867762261437e-01
7.056592837387133665e-02
-2.297830993507074260e-01
-9.565100401860585633e-01
-3.564038628001940656e-02
-4.033230822668658067e-01
-4.390123979198765625e-01
-2.159095064181711654e-01
3.930707171043796300e-01
3.989282598558992199e-02
3.508509793027311252e-01
-5.534638865572959476e-01
4.424541054350408786e-01
-3.024066765273169533e-01
3.024313671766677980e-01
-1.050870312517533656e-02
-7.314832303000011748e-01
-8.846573338262947450e-01
7.317052496952425322e-01
-5.860713251353460995e-01
4.630298940576639266e-01
6.846060138330904987e-01
3.035074262805778078e-01
-3.260356209427504176e-02
9.278276025347045319e-01
7.546313950769925061e-01
-4.003204082384030360e-01
7.535892743998018339e-01
7.792072006472585688e-01
-6.588084286406454826e-01
2.598123283786364368e-01
-4.420719131808994312e-02
-4.003264664728649613e-01
-3.110289215967564358e-01
4.580289953870204656e-01
4.193879649846568580e-01
9.781383836643015028e-02
-1.224702769353453458e-01
-5.387086954834889863e-01
1.194663100976082470e-01
-2.207769829853944987e-01
4.280300692926421180e-02
-2.205615630031033114e-01
-1.715723966436525083e-01
-6.026030013335719193e-01
-4.781114294127570413e-02
-3.959271472110069134e-01
-6.271637465729832384e-01
4.349111397757407516e-01
9.269103801128678044e-02
-4.285691591557423685e-02
-7.091732682070295279e-02
-6.408676558460519868e-01
4.281833291951757658e-01
1.133907107524955438e-01
-2.317311767147527679e-01
2.501171344087957937e-01
7.457010440791554950e-01
-6.923327583791411000e-01
-6.663740606712527104e-01
9.468690518807931777e-01
-2.761845783556644007e-01
-5.687442729107887729e-01
-5.266979803141551980e-02
8.650554890454593970e-02
-4.573072853934676552e-01
6.622407571061135201e-01
-2.585353761738307110e-01
-2.718571022090449096e-01
2.645381353106930344e-01
3.964463916725963211e-01
4.056217931363812479e-01
-1.474604855812748916e-01
1.304433796844733928e-02
-1.284490115773541108e-01
1.290138377089675159e-01
-2.403635543066218461e-01
1.927772341643873288e-01
1.945768067992920680e-01
3.984403699548438871e-01
4.862754339237593953e-02
7.675568977929516645e-01
-7.578707199982784304e-02
2.030220574317946891e-01
2.801134728526938691e-02
-4.280071326687996391e-01
-6.973849385847057381e-01
9.284553686367032210e-02
-9.050914182051227053e-02
8.803809928803688067e-02
2.664221390147791801e-01
-7.188232183852805157e-01
1.317735671176294143e-01
3.248699357952329336e-01
-6.080025620739987202e-01
2.817662628124481539e-01
6.403218249990505484e-01
-7.883830380942387361e-02
4.408573837155281838e-01
8.963767976569698703e-01
8.694980080148462243e-01
-4.457144450600254437e-01
-2.715615237175287439e-02
7.933914827483852239e-01
-7.426172359847860172e-01
-1.286587775715416770e-01
-3.018337748988355121e-03
-3.824233467340198978e-01
6.456290983540819983e-01
-5.368227382656910462e-01
3.487450215594107839e-01
-2.844143571703730555e-01
2.145163150146089659e-01
-4.306449470743796137e-01
-4.134430416795195073e-01
-2.069113600621754756e-01
-3.460356572094697158e-01
2.091737748514365114e-01
2.155094073425171952e-01
-2.828282033496233305e-01
-7.734146859326817940e-03
3.589776685546410273e-01
8.918796517982777866e-03
-2.471348766428510535e-01
9.457419418837041958e-01
5.006658418828826562e-01
4.687025034612479768e-01
4.745503320943724734e-01
-1.392844454441367064e-01
-6.921976484825119735e-01
8.345535985394301193e-01
-8.379996663790361885e-03
6.435534700938185804e-01
7.623636746277874243e-01
-1.597571646499278963e-01
-4.519410836284877553e-02
6.911578285765065388e-01
9.643356606720816793e-02
-2.081053850897625623e-01
7.997545964596096402e-02
1.358963030728197741e-01
6.778360042711134570e-02
-4.273990419892749471e-02
4.826866521751149719e-01
-3.247672824412054515e-01
6.135208863521073724e-03
-1.412903317870539965e-01
-8.931921688340505039e-02
1.366517879487339979e-03
