-5.091762473213166107e-01
-1.964944282163611777e-01
5.149615043213949805e-01
2.376598958298199171e-01
4.067327163110584509e-01
-6.649073835050174353e-01
-8.192466681297618791e-01
-3.278251789336322219e-01
1.141967358931781779e-01
-1.154437015607941708e-01
-3.450100477635280605e-01
9.974309473646054969e-02
0.000000000000000000e+00
-8.423165687807073754e-01
0.000000000000000000e+00
-3.825137157740943206e-01
4.027825039265656715e-01
-1.034609874891853493e-01
-4.054208483137951013e-01
0.000000000000000000e+00
-6.223344045212150233e-01
-4.607981434530007414e-01
1.782323638379717523e-01
-8.499525249196090981e-02
5.855559061383268891e-03
-5.720526963213474758e-01
8.585084121835173665e-01
2.364918058754174046e-01
3.075060312013410124e-01
-6.619156692553693211e-02
-4.097058823894146329e-01
-3.104845475149205919e-02
3.495440536770283435e-01
5.481502137216038850e-01
-4.625435749216428860e-01
1.840831571779320483e-02
-3.595889546205404130e-01
5.770989873922521829e-01
1.892244989654817966e-01
6.804727284083302852e-01
8.025317900554378436e-01
-3.770228221726714679e-01
2.226992553151235510e-01
-1.607033570348719853e-01
-3.327375139575602381e-01
1.313168429756996214e-01
1.052466389484728176e-01
-2.361305554529974371e-01
-1.601788352092360646e-01
-8.373894623792647041e-01
0.000000000000000000e+00
7.716577223716440947e-01
-1.133104563344434074e-01
7.549048746835148593e-01
2.600415484373069241e-01
-3.605022034104227169e-01
0.000000000000000000e+00
-2.097522101861233890e-01
5.859923836100910943e-01
3.273743891546014861e-01
7.952233904814229870e-01
5.506424431855925228e-01
-2.459420155996133173e-01
3.852233272926358643e-01
-1.773838767085370582e-01
5.667016885240222512e-01
3.879990998426301463e-01
-7.024998905480880906e-02
-3.866929363670154607e-01
-3.030206986001477976e-01
-2.663002423791437923e-01
-5.571315008987491879e-01
-8.025151684958624632e-01
9.246283917978150024e-02
-4.269137278649036693e-01
7.798842008837751916e-01
-4.525267654536516138e-01
4.387726598660804389e-01
2.351830149409631435e-02
5.101971320947905619e-01
2.268080084255237883e-01
2.496420535071081637e-01
-2.876291034108086411e-02
-4.110004879589050919e-01
-9.009886235497153173e-01
-1.858343795726073444e-01
9.295205537411299623e-01
0.000000000000000000e+00
8.175081051365612472e-02
-3.485108302339555153e-01
1.939468342842514195e-02
5.797569502334185554e-01
4.421369027519998496e-01
-9.885289686960903321e-02
1.958404798184131268e-01
3.999399885751967476e-01
-7.979686863836127353e-01
5.535792490683448808e-01
-8.241494973039482641e-01
1.683428841903764905e-01
4.679409102571377987e-01
-5.622441357675633800e-01
-3.845122849288237776e-01
7.504982871526854060e-01
2.137545596780352219e-01
-4.124676770218863586e-01
7.263148203538437597e-01
-4.015208222640781477e-01
4.164707560130803676e-01
-5.230275053959707043e-02
5.434602915573292226e-01
2.992423994704569989e-01
1.520953185179849398e-01
5.485682442245989332e-01
2.955147543850996095e-01
5.710668600826204200e-01
-2.746710992900414094e-01
4.376323770792288348e-02
-2.079124562115370889e-01
-7.446056818620196971e-01
-1.705465962070066288e-01
-2.426133326121399370e-01
-5.805646624671245704e-01
-3.076830263882082139e-01
4.063687725625232394e-01
0.000000000000000000e+00
4.022560862766795808e-01
-7.127702497932341119e-01
4.373662658387847402e-01
-5.884734990230786611e-01
3.288815694575751847e-01
-2.961597123012513905e-02
-5.757266215991513336e-01
-5.133628352404305817e-01
1.015820361223083307e-01
-6.071998143851111696e-01
2.765804469768212703e-01
7.352495152421805180e-01
2.318006390913639192e-01
-6.385050196434083336e-02
8.902886043282366435e-01
2.630799860639696508e-01
-2.600386510415378383e-01
7.333351773709742005e-01
7.709844418521334397e-01
-4.882948745383674516e-01
4.288821231078712715e-01
-2.573800912979972155e-01
-3.224031011137665770e-01
-1.094363792090218279e-01
3.136110806551015706e-01
4.696467844841033246e-02
9.359762777544129719e-02
-1.387550821720398564e-01
-7.036823035089430078e-01
3.404477277713143790e-01
-1.996512214241820959e-01
-3.636840351352802619e-02
1.702985564313651279e-01
-1.708813243832517093e-01
-5.032799285157762981e-01
8.213970251516029830e-02
-3.008053978979872700e-01
-3.878053650232148875e-01
8.861332928475851300e-02
6.960505860500236508e-02
1.485766057014780983e-01
3.780324214907047620e-01
-4.972560700545457513e-01
3.810296562504543738e-01
3.383975247437656653e-01
-3.034083394385121979e-01
3.822557546382587823e-01
7.513307493975955875e-01
0.000000000000000000e+00
-6.364035374652151633e-01
9.040035456164672301e-01
-1.680632804783664946e-01
0.000000000000000000e+00
-4.116921890979560739e-02
3.051815806910268547e-02
-2.235801544391426976e-01
0.000000000000000000e+00
-3.609363466446777746e-01
-8.995926476077512057e-02
4.937585698023895242e-01
6.485721450260345522e-01
2.495944248378615948e-01
5.455042736023914263e-02
0.000000000000000000e+00
-5.220166308558820134e-01
0.000000000000000000e+00
-2.367422765491263570e-01
2.338307010581852363e-01
1.506901296900789167e-01
3.948020644345806573e-01
9.135119836604546628e-02
5.869384846119195531e-01
-2.380315823426023825e-01
6.181114711680001095e-02
-7.072996677158881473e-01
-3.036379190859715416e-01
-6.418961596068998299e-01
2.297318988254983818e-01
-1.812502466266927292e-01
1.407205135923152162e-01
-1.231013106977864313e-01
-7.177723235051194361e-01
2.632854190425278906e-01
9.276582858773213536e-02
-3.362459066256148071e-02
0.000000000000000000e+00
6.382080902816127388e-01
0.000000000000000000e+00
4.895732238163886252e-01
8.204842536594230129e-01
8.816089046896972148e-01
-4.540418463853503894e-01
-5.264855601436230909e-02
7.898017966367237852e-01
-7.393651949224231412e-01
0.000000000000000000e+00
-1.163454924127345635e-01
-1.909695859367887272e-01
3.173550386247167565e-01
-4.748645711625520960e-01
1.529734306713928793e-01
-3.571749781529314216e-01
8.628635912039297473e-01
7.040568130109253753e-02
-5.979104396064262028e-01
-1.664047480205355922e-01
-4.493761789026549103e-01
3.062085988838085804e-01
1.983240340202578333e-01
-3.322272140539637708e-01
-7.367208134434161115e-02
2.342401550147513722e-01
0.000000000000000000e+00
-3.282669677864334390e-01
8.195062781177959721e-01
4.900074510777123749e-01
4.914795362410191992e-01
4.353714846803481420e-01
-1.773057282135170887e-01
-7.933230762831708915e-01
7.241534235788636975e-01
-3.032785250500708019e-02
4.051583753110822861e-01
4.368870371069836223e-01
-1.159613055681145699e-01
-3.755906822598380906e-02
6.874934452184010558e-01
2.620798385744344539e-01
-2.396330236521044543e-01
3.199062443657780391e-02
1.607050328037522013e-01
2.285621688795542727e-01
8.451602764317844851e-02
-1.963571697021841422e-01
-3.960853720675572842e-01
-2.851809828688685322e-02
-1.580286142478747602e-01
-8.091397189117625899e-02
1.884864282515743422e-02
