-4.261342929285388825e-01
-1.086765755779848519e-01
4.874843186768217929e-01
2.038516550663680982e-01
4.080180919676485440e-01
-6.798574161643852198e-01
-8.416750709454743351e-01
-4.167026503763693324e-01
1.011731932285639957e-01
-2.427623977631483410e-01
-4.701343654025971208e-01
5.220746496101298650e-02
2.096711939103870215e-01
-7.443402166109648332e-01
-1.630632886739617204e-01
-5.143478033746480271e-01
4.931613163147378631e-01
-1.711956837966834011e-01
-5.466970947619705611e-03
4.715708429355755515e-01
-5.166149543037369396e-01
-4.872688231737583586e-01
1.813484128544073648e-01
-7.311341128719986426e-02
-4.312766386048506526e-03
-5.730348701257266253e-01
7.783452231542846711e-01
1.821312496981616069e-01
2.493166926620647705e-01
-4.028609947126320368e-01
-4.070769422478758282e-01
-1.520882793389870258e-01
6.446468787365985387e-01
2.840235859095848747e-01
0.000000000000000000e+00
9.966186513432579580e-03
-3.972006278141286817e-01
5.726997324901259567e-01
2.056783748613242313e-01
6.495540696185075902e-01
7.789113131463283324e-01
-9.220390558384346236e-02
1.777707267226080051e-02
-3.647146580400329463e-01
-2.525344082489679454e-01
9.333470845177671560e-02
4.974506343613448456e-01
1.868933551245545097e-02
-2.390915727034089722e-01
-8.425545240802965186e-01
-2.965556198274111321e-01
8.122240571066037251e-01
-1.899479763908678287e-01
7.718837469362411774e-01
5.867796557120968926e-01
1.312633724863890294e-02
7.508779919593859820e-01
-2.716731347798120311e-01
5.981925720555474335e-01
6.113812895328905039e-01
8.822301785130812757e-01
4.640710920696644592e-01
-2.847065262949319830e-01
4.965128562999712170e-01
-5.118532158477603344e-01
4.157714823204338161e-01
3.268406466812601718e-01
-3.105585404716566800e-02
-2.807873043321011397e-01
-3.303412137894412570e-01
3.700476420625221086e-01
-4.859315685021064479e-01
-8.321069401589769043e-01
8.646318354502049996e-02
-4.091755498243798139e-01
4.007013178700321032e-01
-3.063294747204871049e-01
4.346578026776535264e-01
1.046289471620869341e-02
6.261437566688929923e-01
4.213389670247355001e-01
8.653109225445614061e-02
-4.289694900812115325e-02
-5.753898720167385239e-01
-9.580385541058149546e-01
-3.608641189738316379e-01
9.290324577088010516e-01
-6.844172232016332291e-01
-1.306869514626358975e-01
-3.638293522216586862e-01
2.237624080786840275e-01
6.107541101582399934e-01
4.829712044367195367e-01
-1.104658075220500413e-01
4.002233146877549191e-02
4.331551991682331404e-01
-7.320446452462375797e-01
5.538560418826686815e-01
-8.176793601180729620e-01
6.881677558722347487e-02
3.142929763051107717e-01
-6.700163449390448278e-01
-4.803999230361504225e-01
7.390291527234531532e-01
-6.924929050097138050e-02
-4.273207453651627352e-01
2.960778667312320422e-01
-3.629024583688287287e-01
1.943046490973283358e-01
-6.424618757497671528e-02
6.705920771197581010e-01
3.025531855428806871e-01
9.634918198210898344e-02
5.600091994560570940e-01
2.928173228503466730e-01
4.789048368094474539e-01
-1.349118252167184895e-01
4.280035447509350499e-04
-2.344620639336893464e-01
-9.442083673522490006e-01
-2.571111148610159547e-01
-3.915196900948426650e-01
-5.897292090260068953e-01
-1.468404309953043052e-01
4.050678723425661376e-01
-4.735560560583094991e-02
3.625012524921912282e-01
-5.395787243470362426e-01
3.392368400456645117e-01
-5.556157586760829270e-01
2.753859701501041313e-01
-6.441063553707228329e-02
-7.097767296779501356e-01
-6.692676193455785461e-01
5.534847973609527960e-01
-5.889594202275325596e-01
3.386542290199438532e-01
7.733352305907404967e-01
2.504891403251745530e-01
-1.175156665294690428e-01
7.624136664595557722e-01
6.194412065175629589e-01
-4.437666462228743725e-01
7.238286460362519659e-01
8.804065908200299218e-01
-8.285538687741635933e-01
-2.321369302594407658e-01
-1.321482910174939795e-01
-3.649788874572114095e-01
-1.160789700527736779e-01
4.752936679282402377e-01
3.396666058160868196e-01
7.241889219975262970e-02
-1.373602843566489318e-01
-4.810299402076967934e-01
5.497767294824656981e-01
-5.089968090918504939e-02
-1.227178754436578367e-01
-4.445078691659402892e-02
-1.818873601036988252e-01
-5.820941173711999816e-01
0.000000000000000000e+00
-2.130703066842105087e-01
-5.217195911941321373e-01
-1.109396619006359219e-01
4.791706461951113910e-02
2.574366873132415967e-01
3.896708380704579922e-01
-4.773051673466686684e-01
4.220180299133349244e-01
2.197028202685606946e-01
-7.223088352143166579e-01
3.481205221588807852e-01
7.691279563243949013e-01
-6.354667260914342863e-01
-5.790155581021519948e-01
8.711213102997281688e-01
-1.879541153636982154e-01
-8.968331196617710388e-01
-4.101416591338491457e-02
-5.071271558946821578e-02
-3.573113480673879572e-01
6.925187352962559606e-01
1.552248641321232747e-02
-3.477690654623699640e-01
9.726007864054093677e-01
4.933444372001200007e-01
4.044038636140440124e-01
-1.726588837229665052e-01
-4.442346636037964279e-03
-7.449481495379252083e-01
1.213080649055724297e-01
-2.715349350121882277e-01
9.789541378971153285e-02
9.033543498120612247e-02
3.902812561113666590e-01
1.043539010543347995e-01
9.417023748861013122e-01
-1.532633431665869628e-01
5.238377504719135547e-02
-7.304285295613521800e-01
-3.127246817543790081e-01
-4.664065091930862939e-01
3.038906613482578178e-01
-5.268567251362761550e-02
1.624012705878225549e-01
-1.108681538567647396e-01
-7.178489682604064503e-01
1.534956230170089753e-01
2.910100182364400712e-01
-5.765487022880222412e-01
3.190502295482017803e-01
6.355287501803178474e-01
-9.480716007883772944e-02
4.964746085015432908e-01
8.969064926432990248e-01
7.853638707830807864e-01
-4.582837451523213979e-01
3.851112355215461063e-04
8.017185989656130385e-01
-7.193920391447653495e-01
-2.436592350125603434e-01
-1.018050795954484611e-01
-2.537436609146338506e-01
6.126504909101657681e-01
-5.387992666517350537e-01
3.241531238709519647e-01
-4.435224602899636159e-01
1.144576523399619961e-01
-2.444522153821366839e-01
-5.449331554840259884e-01
-1.673841083183976730e-01
-3.775381709815718301e-01
3.297671670110540187e-01
2.073977126138421834e-01
-3.449365111107556281e-01
-6.444185678572433851e-02
1.753315502475938092e-01
2.004225592934670216e-02
-5.115365023811274670e-01
9.344402374197386951e-01
4.969187701060030493e-01
7.048419189204948587e-01
3.839577604132042299e-01
-8.218694055996843273e-02
-4.431911190337178841e-01
9.264853867181041536e-02
-1.503141885112652815e-02
3.576271596362793903e-01
5.699261046206279824e-01
-5.372224024816397991e-02
-4.569965855412761596e-02
6.786723113402075569e-01
8.853941320272440407e-02
-2.045172824282052160e-01
4.973456410760957597e-02
1.181981126782099545e-01
2.662027326061882637e-01
-7.627203022549709777e-02
6.228369604940203752e-01
-3.989603598101575943e-01
-2.001539274146010502e-02
-1.748996897760683455e-01
-8.051957032077435017e-02
-4.918246274216400704e-02
