-8.705673068191109865e-01
-2.850080316538138314e-01
9.874912657762706381e-02
1.149056377885983027e-01
4.329800029830348507e-01
-5.222836299942121840e-01
3.728372343628823943e-02
-1.306423341021914764e-01
-8.882742613472416338e-02
-2.500757921701272091e-01
-3.365651869648789707e-01
4.275738497135943561e-01
4.335829884056563444e-03
-1.525611653431099279e-01
1.966679718027776747e-01
-4.503864352486157685e-01
3.930457405159973883e-01
7.472032137049912093e-01
2.472089086359527121e-01
4.837629139755690311e-01
-5.117681611025686195e-01
3.412525781503265021e-01
6.851384798922861320e-03
-3.055583634820209227e-01
1.791860436353444053e-01
-5.223181284528062296e-01
4.914017547887781778e-01
2.014142946738986528e-02
1.266943662117331060e-01
1.252039019681716603e-01
-2.699479510338038124e-01
1.663229891496111890e-01
3.015186144029088910e-02
9.003380675158095814e-02
-5.773727784905191562e-01
-1.433533960570362864e-01
5.630428777844127819e-02
5.033065663475497775e-01
2.723810197346340223e-01
6.803120994289493795e-02
7.722832692741568028e-01
-4.018221305017366518e-01
6.041543162385742960e-01
-5.213139474649380878e-01
-5.920472349105889709e-01
-5.854032878908091604e-03
4.844645585452049541e-02
2.191860641833466572e-01
-1.614118752252473310e-01
2.532969801006613730e-01
-4.148178931485684284e-01
-6.819588804996745690e-02
-3.868770787115897170e-01
2.137744535177787952e-01
5.121716948347444509e-01
-7.317673276747412858e-01
9.230503927864172065e-01
3.570638311542316812e-01
6.514045215029702351e-01
-5.735137806125939486e-01
7.363839486371425158e-01
1.685406652570833885e-01
7.436762945512349898e-02
-1.898826436622457481e-01
-3.445486269289203818e-02
1.791591977935731439e-01
4.509158625522846076e-01
-1.860616217823513885e-01
1.527281163480301851e-01
-4.173888712601034889e-01
2.440994388880266541e-01
-5.937527033004812438e-01
-8.408511883713502000e-01
5.351464291718566885e-02
-1.766571327093825750e-01
7.514557174150588992e-01
1.050196449768881213e-01
1.330122144327962885e-01
-7.749059853748950510e-02
5.960681414897278652e-01
5.619793742921245228e-01
1.903757854069253463e-01
3.043751883733022412e-01
-1.897084579020810458e-01
-4.156763742394821159e-01
-2.946898930176425346e-01
6.278276859365692353e-01
-4.077139248091479762e-01
1.922226466145816048e-01
-3.615528601787103002e-01
1.447918026287887405e-01
-1.419110269973014871e-01
1.652278447994555144e-01
9.106955392114838288e-01
-1.294249892570656646e-01
2.388325339213498710e-01
6.923887647216466767e-01
2.736474606256004277e-02
-4.142296780434499004e-01
3.099532444622700722e-01
-4.391905732862883549e-01
-1.565996681870813478e-01
4.033949253219534792e-01
8.857204686346041578e-02
6.954580586270475706e-02
-3.606270135081026118e-01
-3.385945171121899078e-01
6.632450503924178786e-01
-2.052918457609163028e-01
5.281827699456138614e-01
-1.014060618708996636e-01
4.506466638700458160e-01
1.210422995814271763e-01
6.928630003755822386e-01
-1.491007930391280711e-01
5.645694777938269349e-01
-4.072790971041260200e-01
-1.163440004411048917e-01
3.105258202223677710e-02
-3.608546927010536365e-01
-2.534319897171813385e-01
-1.157030992565948324e-01
6.685663735296706323e-01
7.854298117110981858e-02
-1.107533973802228011e-01
-2.324517884425524039e-01
8.183600252694684940e-01
-6.233076658996655750e-01
-1.683758839615463465e-01
-1.096798629954695570e-01
-5.846641355497945725e-01
1.513408899391236462e-01
3.981580766495451673e-01
3.640644337195829694e-01
-3.793359372576704525e-01
-3.689016361315263226e-01
4.676877795299361207e-01
5.384508958235152409e-01
4.755001385632664501e-01
2.516616716490435723e-01
7.779996979534983259e-01
-7.631525017256007848e-02
1.171800770699152616e-01
2.609032010307268390e-01
-1.352361091679567806e-01
8.702021430787180989e-02
4.180724733562732887e-01
-3.227296937123838028e-01
4.803509125201621544e-01
-2.718047277535281525e-01
1.034432504140526676e-01
8.094369833806942457e-03
-2.446892424376840292e-01
-7.923711659322385525e-01
2.825960471036332300e-01
-1.013945172517865673e-01
-2.654507967357057074e-01
1.324069265310041654e-01
-5.273105746113171399e-01
-1.169555564188582211e-02
-1.248453747595116431e-01
3.396454390907077681e-01
-8.742994596177188216e-01
-3.897318998115857913e-01
-3.751190556197590564e-01
-2.170851893184548298e-01
1.984421031399486446e-01
-2.700781699239580558e-01
-3.463104233733158566e-01
2.174449081899409719e-01
2.096895756653417708e-01
1.722449542377005871e-01
-6.137473810350634051e-02
5.745379571701596522e-01
-7.397497258958871114e-02
-4.175100061997623624e-01
-2.947584080322846467e-01
1.031229963500643505e-02
4.378814140307998870e-01
-5.347239153796583266e-05
5.545350214063236860e-02
-3.632291305965079098e-01
1.685728150735704145e-01
1.078091973247241875e-01
2.168795748778406529e-01
7.147944579961126865e-02
3.060220290046115621e-01
3.996812154581339538e-01
2.861610898725903684e-01
2.375390532534401578e-01
-6.863988357451138445e-01
5.221448082157386095e-01
-1.950405164781542910e-01
2.168840130296690316e-01
-5.237044191655639835e-01
3.443874298168280168e-01
2.265346545111795173e-01
5.023811953246497541e-01
-1.335031907135463825e-01
5.217734331948691712e-02
2.464744681426515871e-02
-4.803743835508568205e-01
-5.863209702678616742e-01
6.291457364480343983e-01
-3.894032729498793088e-01
1.635613405999355729e-01
-6.417688053329112519e-02
5.342495331431398320e-01
-3.153224526378034520e-01
4.117893626611992541e-01
-7.093099172492247639e-01
3.314973989275654676e-01
4.640396721191405449e-01
-3.311046408610334169e-01
4.372841940964555807e-01
1.765066693734713976e-01
7.755584634079309980e-01
-1.859976737817710113e-01
-6.140991188370897857e-02
-8.416103083634517146e-02
-5.840510044661306743e-02
-3.704683248229560522e-01
-2.799122632145052691e-02
-1.730222614165196071e-01
3.424962184252601793e-01
5.558299918858558009e-01
-1.272299535707547280e-01
-3.410196284578433795e-02
5.250346737505053873e-01
-4.907886946257470351e-01
-3.334734447912027777e-01
8.864358337930129672e-02
-9.269873747272644460e-03
5.718977499078706783e-01
1.403888456290777742e-01
-2.907319791520216606e-02
1.032842712748619635e-02
4.054299276999474566e-01
-2.101220475010228128e-01
-5.291182772322622352e-01
1.733604766199046687e-01
4.710190783212451215e-01
5.369620348757565553e-01
7.913174579797334074e-01
-2.300949425112881475e-01
-5.501668753372452869e-01
7.249614119778545751e-01
2.321865195767760515e-01
-2.567844458509737082e-01
6.631585495669576336e-01
-7.931203238478490292e-02
2.253544190416967574e-01
5.384938344355315598e-01
3.863778644207746527e-01
-2.986363004408747468e-01
1.494866035194585274e-01
2.660214615418090567e-01
-6.251966150690166368e-02
3.143148553641778031e-01
5.954755103933574711e-02
-1.274846295926810591e-01
-3.106513771583799821e-01
-1.653007103646068343e-01
-2.032874913947367579e-01
4.021555248879561395e-01
