-5.370627357303033866e-01
-2.785379785209880499e-01
5.700790666477311142e-01
3.564702653151110012e-01
4.500528839322188168e-01
-7.660400151297278581e-01
-7.760140399560956359e-01
-5.356728048642025453e-01
1.356575586713307247e-01
-9.590639159182456908e-02
-4.817246146559162057e-01
8.974172894259024869e-02
1.736231848141231715e-01
-5.440967668751749420e-01
-1.640211800929492481e-01
-4.917973943954119798e-01
4.902736579255063676e-01
-1.727403445318273778e-01
-2.097034529798411095e-01
4.527397963850827711e-01
-5.255270247159165020e-01
-4.639935921465558888e-01
1.847324710080835986e-01
-7.937766299375691170e-02
2.429801291343733349e-02
-6.141044190885143195e-01
7.769168798147318977e-01
1.891363827602393355e-01
2.529430743522841363e-01
-3.588185750681789354e-01
-5.274763956686971955e-01
-6.167823325244514709e-02
6.824609601334674647e-01
3.520431761751360300e-01
-2.070240669774550679e-02
-4.709027852293028171e-02
-4.035157767360079695e-01
5.626754473328779982e-01
9.018471519933757286e-02
6.572908658469559517e-01
7.072472976152416324e-01
6.949212703749671136e-03
4.812888817972733185e-02
-1.788366750270426464e-01
-4.105960905349298473e-01
5.545701196795442545e-02
1.901321478179603119e-01
-3.960965901505237863e-01
-2.076522427209347432e-01
-5.896829766592414090e-01
-4.105112914980025840e-01
8.117533768502119829e-01
-2.057015060908566895e-01
4.909379376451912802e-01
5.959437555264944786e-01
-7.927667497589047096e-02
8.522016508506659038e-01
-2.873535773441673880e-01
6.498469531945684219e-01
6.718492872080563671e-01
8.798125982568536507e-01
4.774261614839319101e-01
-2.875190628299913453e-01
5.922852736320658451e-01
-5.066135816354490062e-01
1.481160213068070663e-01
3.573838711110537969e-01
0.000000000000000000e+00
-1.071522740652722655e-01
-3.843069659054355602e-01
1.431029340276160911e-01
-4.978906671692097663e-01
-8.338466146903509291e-01
3.901603860378037580e-02
-4.430837127272751474e-01
3.383202784466888824e-01
-3.200334450364510919e-01
0.000000000000000000e+00
3.277164193804746502e-03
4.913631970167393059e-01
4.096703269462282915e-01
8.363958652878603073e-02
-1.553889537940434350e-02
-5.192232972527570656e-01
-9.429293632466377861e-01
-3.551636521436623006e-01
9.270895314572664692e-01
-6.351657396309067227e-01
0.000000000000000000e+00
-3.332314677932954883e-01
7.674797324379625807e-02
0.000000000000000000e+00
4.324985797476322835e-01
-1.334036710074469056e-01
7.137689072349631680e-02
5.259048469473796006e-01
-7.280485445777994391e-01
5.645311482996981933e-01
-5.122695691718999189e-01
1.605532248329423761e-01
2.485561724443513254e-01
-6.322085649209872038e-01
-4.330968834450312777e-01
7.179627860598075673e-01
-3.188895174684366202e-02
-3.859994916835639001e-01
4.707801590897543464e-01
-2.061815424564328592e-01
3.929128242176886943e-01
-1.854064459288061462e-02
5.140583238620748396e-01
2.691203372631122970e-01
-1.359227389106714701e-01
5.176600433230448273e-01
2.261977976937978863e-01
5.801232880969000583e-01
-1.462372196378080302e-01
4.636488057906926197e-02
0.000000000000000000e+00
-7.216419822386788141e-01
-9.403873174457608175e-02
-2.131739087518517706e-01
-3.184076509188070170e-01
-2.612195254394205080e-01
4.143005922305886268e-01
-5.052279668651775413e-02
3.405045812692422125e-01
-4.380764680056208893e-01
2.791719732905282858e-01
-5.482576228950700736e-01
2.743741149599205342e-01
-6.387382754113367367e-02
-6.294475721849475125e-01
-5.087579386438352280e-01
0.000000000000000000e+00
-5.876810262417831998e-01
3.736798304288121431e-01
0.000000000000000000e+00
1.873568418528359925e-01
-1.065232287530782085e-01
8.308680420427758673e-01
6.282005000330332933e-01
-4.318406320658338404e-01
7.160349301513742049e-01
5.495984012863806001e-01
-8.374112516874805401e-01
2.515164815423204248e-01
-1.791975110071811483e-01
-2.120258423965185046e-01
-1.259394423170946409e-01
4.794795967552132332e-01
4.209396846077163579e-01
7.975061621871595841e-02
-1.329496389367893217e-01
-6.288065929352852912e-01
5.100951120119076032e-01
-1.192402505497874438e-01
-1.178572578378444535e-01
-1.925955105974150594e-01
-1.800329329325286443e-01
-8.114541479379686617e-01
6.724328441904521558e-02
-2.299549112388369621e-01
-5.216395877326540642e-01
-1.393910897598018839e-01
2.417356978158695033e-02
1.575274555980870350e-01
4.298014477310103665e-01
-4.130310826306442529e-01
4.220488363759235528e-01
2.623934924426831738e-01
-7.245697099528641827e-01
3.274936416263770633e-01
0.000000000000000000e+00
-6.922321675945993791e-01
-5.840941588877615054e-01
8.740693847701788144e-01
-1.704179151464811914e-01
-8.459248401730875555e-01
5.659192347984641491e-03
-5.188831919705624851e-02
-2.870717666539426283e-01
6.958364629228054321e-01
2.960875773486524448e-02
-2.307546395073732937e-01
8.403016325995813496e-01
4.734222726684574889e-01
3.841435283019110081e-01
-1.497599664162068689e-01
-4.475244289946295022e-03
-7.142627131221335191e-01
1.253645445445777662e-01
-2.691178554708439918e-01
4.507131514931510263e-02
0.000000000000000000e+00
3.499047769800953667e-01
9.542970529800832991e-02
9.010527475061331781e-01
-1.619496469509393577e-01
5.118797650414891320e-02
-7.404309045192353222e-01
-3.500999466148977946e-01
-6.045642883361884712e-01
3.326532800595493056e-01
-6.017519156638373445e-02
1.756771893334312939e-01
-1.503168788256226684e-01
-6.896871843181985318e-01
5.256835619439018809e-02
2.861375326870039260e-01
-5.901677947375252309e-01
2.568231129530600398e-01
6.399038198072454220e-01
-1.188453547534413235e-01
4.559859141604861721e-01
8.198626862565679962e-01
8.011811502960068943e-01
-2.921494125104328043e-01
-3.080492616709269021e-02
8.032436689281702291e-01
-7.129126653120987367e-01
-2.341448138241424837e-01
-7.802277946576745282e-02
-2.873662290106187012e-01
2.422764756102909756e-01
-5.003215261105801170e-01
2.256011835285571532e-01
-3.810744265725738433e-01
8.301653797917205591e-01
-1.475945507852831906e-01
-5.449452662603539999e-01
-2.540928477562418020e-01
-2.644071047514787720e-01
3.358923333925097343e-01
2.042270638582745212e-01
-2.182224028574033525e-01
-6.292516803439238138e-02
2.796789734336024846e-01
3.553670190510185845e-02
-4.699695742820520494e-01
9.475733252750206947e-01
4.978893167449913726e-01
6.129425804200488992e-01
4.805214989284212201e-01
-8.342221674530786446e-02
-5.992424905182258676e-01
1.611791147434265270e-01
2.440442608554603196e-02
4.120096606594715882e-01
8.108995798122304866e-01
-6.682752898058119673e-02
-4.119455924740202807e-02
6.749175590035741967e-01
1.491478481907199671e-01
-2.060335093931325301e-01
8.811825507618012421e-02
1.921346759516167346e-01
0.000000000000000000e+00
-4.099255095019906092e-02
5.968275252226380445e-01
-2.925987060711799925e-01
-5.528810582383323485e-02
-1.736000704650928483e-01
-9.864684026600240019e-02
0.000000000000000000e+00
