-3.750630924587945447e-01
0.000000000000000000e+00
4.094983479707103857e-01
2.891119061136732671e-01
4.192404962375867461e-01
-6.392342105487567316e-01
-5.447682000197350272e-01
-3.667971475881551813e-01
1.256401165735651637e-01
-1.612512570152912772e-01
-5.654684453850591375e-01
3.584408324964380443e-01
2.360384968199505940e-01
-8.419649362425511985e-01
-7.307628559712073257e-02
-2.990609099561713502e-01
4.756197676292065468e-01
-9.640186276347768868e-02
-3.819621077387875263e-01
4.731673086147755725e-01
-5.005803058360391855e-01
-2.705876971971779010e-01
1.398353328428781350e-01
-6.328951192617261745e-02
8.518702094379512410e-03
-5.594867002976645631e-01
4.488026190997342901e-01
1.682861187966560590e-01
-7.728236387042733413e-02
-3.394540739798224682e-01
-3.872719176770831329e-01
-5.812325148740776770e-02
5.336996149759886121e-01
4.821477073237236954e-01
-7.221082960866808120e-01
1.142935871544143410e-02
-4.069492332487593123e-01
4.677608026686694842e-01
1.835436018524349289e-01
6.912223612057865063e-01
7.294228015121921871e-01
-2.913072258207424214e-01
-2.934709362260646409e-02
-2.727510350187181132e-01
-4.609858289506754137e-01
8.152102698413020432e-02
2.158026542216074928e-01
-1.997367041371657104e-01
-7.545653078513638035e-02
-8.329800630665643579e-01
-2.942794075609208027e-01
6.042322340075950704e-01
-2.668786160746633440e-01
6.368165321205137008e-01
5.706955503679708164e-01
-1.337747975638996778e-01
5.316855951952066395e-01
0.000000000000000000e+00
6.626342363999210283e-01
4.824999594024863558e-01
8.678202369978402775e-01
3.259455151346007384e-01
-1.874289776201096269e-01
1.921578107645618982e-01
-5.164527288277094286e-01
0.000000000000000000e+00
3.557210734801747876e-01
-3.450629967135445536e-02
-3.338350032122774369e-01
-2.895107880795170785e-01
2.990545828135105985e-02
-4.064130600928492210e-01
-8.762652326426410010e-01
8.679689984484403875e-02
-2.942281340664675282e-01
2.984806332191455303e-01
-3.098336017175594703e-01
3.795677399705102983e-01
4.331906407593488426e-03
7.921287486813866074e-01
3.790078391137202685e-01
1.468389456197753684e-01
-3.462038195219499515e-02
-3.715028231029777750e-01
-8.224712015280097877e-01
-3.499513563533222515e-01
7.999483453512754583e-01
-5.507144167138793289e-01
-1.078471883411256660e-01
-3.378497212748468592e-01
2.190892878141225963e-01
4.614780394855932388e-01
2.747526557857687957e-01
-8.615407888432635719e-02
3.317144497164701417e-02
4.453429187273419410e-01
-6.111693984451347372e-01
5.558948755700996447e-01
-6.594643174963658039e-01
9.481838959886261520e-02
3.176277774539161269e-01
-5.859922840423714696e-01
-6.934545403107781336e-01
2.124392148227796928e-01
1.000209459868353773e-01
-2.574185881519753250e-01
6.453340952976177602e-01
-4.277424668297566401e-01
3.358179984076012370e-01
2.722619932650931565e-02
6.385058016444266071e-01
2.991207152100440192e-01
8.768638757060708000e-02
3.597490856158794270e-01
2.481782017721313738e-01
7.393212653696932257e-01
-2.081495691857387087e-01
2.631755716063340078e-02
-2.133599481384730323e-01
-4.040243896352020414e-01
-2.298810519015092313e-01
-3.672285349082715644e-01
-4.374000066200095516e-01
-2.162697677779295558e-01
4.352216993484012142e-01
-1.399816665325058669e-02
4.221382330489373835e-01
-4.696463331614885162e-01
4.082614587954973562e-01
-4.962105984346805165e-01
2.231142856889213877e-01
-4.449005418383700228e-02
-7.033775343047954376e-01
-1.212781914127933902e-01
6.772640946508756699e-01
-5.853960999885786665e-01
4.406103763280870278e-01
4.952721474265836532e-01
2.393494967523048245e-01
-7.149071683581038894e-03
3.189169761691146854e-01
6.517879579168717186e-01
-2.716085281582215627e-01
5.073341590583153593e-01
0.000000000000000000e+00
-5.941236353548133842e-01
1.602849638756063955e-01
-1.191085246471970949e-01
-3.787542496098035838e-01
-2.424153284548502263e-01
3.277168700861455286e-01
1.851491798997946803e-01
4.727250391328575302e-02
-1.264660860015207056e-01
-7.234321458867548627e-01
2.766720963154839161e-03
-2.180754311626351694e-01
-8.534125390036470526e-02
-1.002603220454498928e-01
-1.493705048128222412e-01
-7.074826151296803589e-01
1.684502325632624697e-01
-3.898097165110681606e-01
-5.475793339270369486e-01
-2.118528183302062495e-01
3.002283272838194780e-02
0.000000000000000000e+00
7.467076085925043738e-02
-3.203114732820727117e-01
4.499817087814824701e-01
2.038725295364379742e-01
-5.262137834617588439e-01
3.009842871324786007e-01
7.275331585829415415e-01
-6.514797742323629182e-01
-5.472349255517177102e-01
7.615226549136209222e-01
-1.160899637832253639e-01
-8.081877808369594129e-01
-1.247172562868903434e-02
2.716488869812424406e-02
0.000000000000000000e+00
5.257334703373686136e-01
0.000000000000000000e+00
-3.050401424063430844e-01
4.049314290979176834e-01
5.121598410553470648e-01
2.354670222570191263e-01
-5.272318960109328989e-02
-8.206746835840988009e-04
0.000000000000000000e+00
9.442109049680436073e-02
-9.057660007366979960e-02
1.761378554525147855e-01
1.227012156528646813e-01
2.639625972921847974e-01
5.316332007277074084e-02
7.030650472717850930e-01
-1.628451883901806119e-01
1.413496062049837687e-01
-4.263259671737601453e-01
-4.870316411444323978e-02
-5.463816632652839234e-01
2.334723380673222326e-01
0.000000000000000000e+00
1.191393993056856643e-01
-1.169388180383667680e-01
-5.935189325976037572e-02
5.080305308852786465e-03
3.390534284098067896e-01
-1.128270224378682685e-01
3.635016804984630978e-01
6.234964431456733180e-01
-4.893392257031503600e-02
4.195640064177878492e-01
1.914438061214548126e-01
8.197115502594638503e-01
-3.156179484689790038e-01
0.000000000000000000e+00
5.121871715564650929e-01
-6.946421997015732597e-01
-2.582316435720932168e-01
-8.797495822786709219e-02
-1.576694332720901814e-01
0.000000000000000000e+00
-1.144271704154586622e-01
1.898856502511239719e-01
-2.387720452690182404e-01
7.124688021390943593e-01
-4.072681279296985757e-01
-6.254963248696132627e-01
-1.649965843552345379e-01
-3.431059540339868041e-01
3.708876175265423125e-01
1.816203123783677320e-01
-3.080864566296399043e-01
-6.780661582625308048e-02
2.353286082298585435e-01
4.952391186521619415e-02
-3.542785700736959531e-01
8.620892194342788528e-01
4.997700403215757370e-01
6.096130568638049585e-01
5.115817377569981117e-02
-8.562394630140091056e-02
-6.636941299030862940e-01
6.351294396038634771e-01
1.623698117846932975e-03
4.692820750050689105e-01
6.300685371225699383e-01
-6.356823326159447701e-03
-3.698328842307858910e-02
5.341159639307072604e-01
1.197067747428385287e-01
-2.348015511307257330e-01
0.000000000000000000e+00
1.283979597414497131e-01
1.452239298138831569e-01
-2.873514668255242044e-02
5.026523613609958918e-01
-4.142613951415674012e-01
-7.778163011105697355e-02
-1.472315386641622481e-01
-7.219608072202240989e-02
-1.138988662518028716e-01
