-4.330827254821103534e-01
-6.402079445916240841e-02
3.076827139721318161e-01
2.372633093370658808e-01
4.067546600191124240e-01
-6.668469806175285619e-01
-8.399352195723625014e-01
-2.314767434463570750e-01
8.927032346228554183e-02
-2.214780801750745320e-01
-4.807149145006907598e-01
5.119187810730150417e-02
2.275173441143051312e-01
-7.426561240030081779e-01
-1.546725616110875001e-01
-4.803943950780439898e-01
2.000381153984060745e-01
-1.090276973158755269e-01
-4.321023862175426000e-01
5.161347697029001758e-01
-6.488181633852505570e-01
-4.692368363370485462e-01
1.761776654047693680e-01
-7.629333965062498613e-02
-6.325334782705476118e-03
-5.720473973223643149e-01
7.417507090362591704e-01
2.582405959392457540e-01
2.649236500809657446e-01
-2.779288411238278189e-01
-3.532504645562077883e-01
-1.569400948573518584e-01
3.176197519255376522e-01
1.562532231081597001e-01
0.000000000000000000e+00
1.001864024650392718e-02
-3.964600850712342583e-01
5.650202235591782474e-01
3.077721215183228387e-01
5.761543515561974305e-01
8.062729230031717709e-01
-3.664111742980331599e-01
3.486257774076070848e-02
-3.589441822198465304e-01
-3.369669066825961568e-01
8.836233155823007557e-02
4.438375185596061256e-01
3.142422128392211023e-02
-3.107835464117370550e-01
-8.135534967811146601e-01
-4.775134924371887135e-01
8.099259303908394880e-01
6.320635548739836568e-05
7.636048814689702091e-01
3.139614819635013210e-01
0.000000000000000000e+00
6.997736721626373058e-01
-2.590277323915859964e-01
5.548927791485187555e-01
4.172832774650611087e-01
8.707380455412732090e-01
3.556492293787154035e-01
-4.573887982457721102e-01
3.486647126858585244e-01
-4.936891462122728336e-01
3.548968692855422047e-01
4.040863056549793830e-01
-3.108044542746900979e-02
-3.014248448010730108e-01
-3.334044771089663683e-01
-7.107680505287185257e-02
-3.755091049728255803e-01
-7.984464799673915980e-01
8.268350797048924783e-02
-4.170436565751636238e-01
7.306361860009745746e-01
-2.035355178131375564e-01
4.323522282606192535e-01
1.481842882973694736e-02
5.185041382954134193e-01
4.052015725714742111e-01
9.138081313485738044e-02
-1.732618588244451766e-02
-5.085294162169865517e-01
-8.410477662215664063e-01
-2.748946962791226079e-01
9.278910946845744245e-01
-6.394072527277131490e-01
-1.081088097315455326e-01
-3.274970913628605373e-01
4.304329950862858384e-02
5.721394080513728664e-01
4.427425735331725898e-01
-1.087706603870764038e-01
0.000000000000000000e+00
2.700534414206368639e-01
-7.483814840311114880e-01
5.516987356949010213e-01
-8.047544794397343271e-01
6.852950659647739917e-02
3.070052444299077865e-01
-4.610151391731782677e-01
-3.361136161075321538e-01
7.836102668401836446e-01
-7.731836085401458392e-02
-3.660660706304457723e-01
2.621605634404584606e-01
-3.531065807279842317e-01
1.986301045357494743e-01
-7.332008753455808436e-02
5.293864731716633187e-01
3.020418370742921632e-01
9.557684020218973342e-02
5.484853947250061257e-01
2.837011794329251102e-01
5.243636428669404270e-02
-1.182132680211916698e-01
5.115253104300454545e-02
-2.071340338474131626e-01
-8.832056822551027642e-01
-1.818638687860553715e-01
-9.770051803484797182e-02
-5.900326172861465324e-01
-2.484068128171186829e-01
4.099619844407215163e-01
-4.916355868775223320e-02
4.143858370969450422e-01
-5.249025047284361367e-01
1.571679814158036259e-01
-5.863825660059329703e-01
2.702988360931843914e-01
-4.942893547186063413e-02
-6.093346702542942195e-01
-2.667728139935884313e-01
5.644124214019876629e-01
-5.909534554870188305e-01
4.910115583128754069e-01
7.291589391092246908e-01
2.111041679391982839e-01
-1.153818137488760026e-01
7.002403212581718162e-01
6.009003241818100527e-01
-4.836607172690333689e-01
7.221030396065856172e-01
8.287550681647273265e-01
-8.243878179104175974e-01
-3.607642529189750147e-01
-3.462448174467485096e-01
-3.606768406005950722e-01
-4.351971364678430126e-02
3.773546809105670086e-01
3.005660014646377443e-01
9.495710915155056164e-02
-1.420056953167851688e-01
-2.055044317181687341e-01
5.362039663046406224e-01
-5.187937492661489486e-02
-9.915070520368941820e-02
-3.065669311640012440e-02
-1.603455143443729691e-01
-2.449028763861765823e-01
0.000000000000000000e+00
-1.997996864604546230e-01
-4.774805305292600388e-01
-9.287930711133615680e-02
7.237852203768541104e-02
2.599942639062481353e-01
0.000000000000000000e+00
-4.779656320546195047e-01
3.377091426273253205e-01
3.104162130600196523e-01
-3.379505456440877187e-01
3.218291216900173723e-01
7.742274848315172653e-01
-6.297583973426518211e-01
-5.625261554284818333e-01
8.630041748052428296e-01
-1.885997601054640038e-01
-7.977908736835277459e-01
-1.075044120180664378e-02
-4.603429307653881392e-02
-3.812169216732702592e-01
6.846846190879932736e-01
-2.873124809633599841e-01
-4.184011523597130355e-01
8.258611032478440084e-01
8.213533328689703872e-01
3.699810722358992665e-01
9.640807566214583402e-02
-1.894091519133787871e-02
-8.155861807768671756e-01
1.057485347293592726e-01
-2.504497420516775819e-01
1.373320601564120558e-01
5.896453004217322436e-02
3.962295336673390400e-01
1.058639939383187456e-01
7.788329017807921195e-01
-1.651474273378346069e-01
7.611244572748525339e-02
-5.378054531928527782e-01
-2.782940255338168800e-01
-2.632745526469459918e-02
3.027215308317919296e-01
-7.361176815313754535e-03
1.126733246477709949e-01
-5.967413154007963905e-02
-7.178957537494390362e-01
1.963634327720756023e-01
0.000000000000000000e+00
-5.428277425111144305e-01
2.828740618285963682e-01
6.259092913455956975e-01
-9.194046246198220307e-02
4.961337576624756940e-01
8.538737420384463483e-01
7.539479494222839362e-01
-4.594309051058660387e-01
-5.488656566571604480e-04
8.030554407034143916e-01
-6.618465445373421518e-01
-2.981512119969994545e-01
-1.000771610278895635e-01
-3.342169508536860234e-02
5.937347008103764923e-01
-4.710713407334260472e-01
1.867962289821919197e-01
-2.331351735507997125e-01
7.828015348944541985e-02
-1.879629071457795952e-01
-4.933854675953098234e-01
-1.397618337820927259e-01
-3.833090514911348112e-01
3.071042154841938654e-01
2.008805795617651935e-01
-3.298113517324507971e-01
-8.077518038249946464e-02
2.072447747266662477e-01
2.648800119614184642e-02
-3.199958228667081350e-01
9.399610235959955373e-01
4.864779060552308909e-01
7.112938759533925515e-01
3.757861064098953485e-01
-7.823139088589563250e-02
-6.551617926525201696e-01
7.580594552964647903e-01
-1.448111888921596591e-02
3.593873343787266639e-01
5.787235716549467002e-01
-1.366760374114023846e-01
-3.073975927319642573e-02
6.602419020711119968e-01
8.853157326712406128e-02
-2.260845465819381617e-01
2.596482943719796363e-02
1.854276617095617641e-01
2.707015500220197324e-01
-9.753996507642415104e-03
3.993749910064341435e-01
-3.821380427530786106e-01
-8.574157013111568040e-03
0.000000000000000000e+00
-7.352814610933493256e-02
4.262891989022124517e-02
