0.000000000000000000e+00
-4.926354674123191169e-01
3.064757135850573189e-01
6.646556912295462638e-01
3.931623050957578913e-01
-8.659392294144733215e-01
-8.129961400321086273e-01
-1.887745742167142304e-01
1.544267861409072129e-01
-2.648971332191378814e-01
-5.142239834348479866e-01
2.859957577448640764e-01
4.520703487558002109e-01
-8.637328708508255071e-01
1.455451590923996230e-01
-6.340546766118834165e-01
3.149244345804844136e-01
-1.735542889062752780e-01
-3.835137611597843610e-01
5.046431819250037920e-01
-6.238382210518100823e-01
-4.015677368878200482e-01
1.300151359594677869e-01
-5.537849521192548391e-02
-2.751768708332186664e-03
-7.554484242518605397e-01
7.948672172487465382e-01
2.071843237772413582e-01
2.564478210442257544e-01
-9.298478569020214579e-02
-4.971106493569961149e-01
-9.921382683545620917e-02
5.805903300269451561e-01
1.475183691259694674e-02
-7.831733225562655942e-01
3.336252472998467167e-01
-4.509803444699428954e-01
5.213782864079630208e-01
2.733739085132426139e-01
7.482114859484995106e-01
7.433656306122961022e-01
-3.809220168014822439e-01
-7.589485391237926759e-02
0.000000000000000000e+00
-5.451120262676513173e-01
2.207801201976256344e-01
4.527847447677122439e-01
-3.590312454342995951e-01
-1.414874942044013206e-01
-8.978672801280394022e-01
-5.392573514246635780e-01
4.911770626735822431e-01
-3.799391017891827205e-01
7.461174974025325257e-01
8.450964704010518469e-01
-3.222664015022049799e-01
7.235890230776441667e-01
-5.482871958933482892e-02
3.906513244229193882e-01
5.895256606934657917e-01
9.978114776802231578e-01
2.166019856573356273e-01
-3.347216927521402541e-01
6.086609355083646422e-01
-5.234689351825868586e-01
5.017243325714694224e-01
2.346737513610195058e-01
4.510371707646943645e-03
-9.093201988345605002e-01
-3.333108029009092532e-01
-2.587054786089726943e-01
-3.339267751787128868e-01
-1.675982369299878760e-01
8.981010168931274906e-02
-4.100752239890951278e-01
8.049512248100176848e-01
-4.479179146618592622e-01
5.500310476026673001e-01
1.719221661568207452e-02
6.517346250925788453e-01
2.856513609118892516e-01
3.526097126899640499e-01
-2.590667042466699918e-02
-4.704404957283198074e-01
-7.330298547985414359e-01
-3.453645850965371689e-01
5.728227390104916328e-01
-7.503926218064831399e-01
8.628823819815324703e-02
-4.057896511033095566e-01
5.056744518235045671e-01
6.851002011221289933e-01
1.997914179257223866e-01
-3.361618947035172750e-02
3.375144441882448887e-01
4.401601450743383159e-01
0.000000000000000000e+00
5.535037404581699683e-01
-7.805699177466863814e-01
6.232333512952063781e-02
4.343588322263517987e-01
1.497636824490319873e-01
-3.990352495502723640e-01
6.923890060375941236e-01
2.850877402619375056e-01
-1.669055592346511963e-01
7.314750800360086957e-01
-4.502662527887071886e-01
4.792146652772754090e-01
-1.298254241925694830e-01
4.197357263400045557e-01
2.191897969197120766e-01
1.363973815007208379e-01
3.751273276714610083e-01
2.463547262512423008e-01
5.379086937039403438e-01
-2.049164749302901101e-01
5.487728307343200940e-02
-2.444760141141062992e-01
-9.505892524460760606e-01
5.576849765019398220e-02
-3.408776287243887038e-01
-4.150294197366670712e-01
-2.098464964046355963e-01
1.529196593308628227e-01
1.550834808461340475e-03
3.136495970847238413e-01
-6.384838832363027850e-01
4.542376885482094506e-01
-3.311754971727787766e-01
2.728814605499764734e-01
-5.585611112457745941e-02
-7.054696281035520711e-01
-7.942308420871809771e-01
0.000000000000000000e+00
-6.055156647172359463e-01
4.927028393444061738e-01
6.179172523311252663e-01
2.746927815897144964e-01
-1.202775742558795935e-01
9.384048350340823408e-01
5.240277652726332835e-01
-3.797170167113608219e-01
5.350997822865081188e-01
4.781662818241377844e-01
-4.324261953003966097e-02
4.471768436438639527e-01
-4.373844156262369359e-03
-4.056190858492602636e-01
-3.039648485248199750e-01
2.644444279862927516e-01
2.727462126031320877e-01
0.000000000000000000e+00
-1.372030411112181714e-01
-7.159261910011524010e-01
2.545576164981022682e-01
-1.712967722500829959e-01
-4.829929692937028063e-02
-1.910289063721381519e-01
-1.744879788843554935e-01
-9.335284979235901615e-01
-4.184574969114878557e-02
-4.119624465445407280e-01
-6.342123650516227062e-01
-2.587348980199233317e-01
9.031299723964957005e-02
-1.682168049585996972e-01
-6.220326973991699981e-01
0.000000000000000000e+00
4.318227447222986459e-01
3.604689127371075164e-01
-5.561182938825832700e-01
3.433223176966156975e-01
7.221028538538181163e-01
-6.202126944998229696e-01
-6.628463847087477934e-01
9.675294225112005542e-01
-1.665731650103112471e-01
0.000000000000000000e+00
-1.580577164882832064e-01
8.281480068895805124e-02
-3.387662266291783797e-01
2.958667514271793308e-01
-4.123955341793442142e-01
-5.128628171481047771e-01
5.971349014150357792e-01
4.450815587319326139e-01
4.258312315587753361e-01
-1.201954382188881454e-02
-1.180230657329762664e-02
-2.942810422206104670e-01
1.494207475057331425e-01
0.000000000000000000e+00
1.914035202158881344e-01
1.257246723322883245e-02
4.161236754612024913e-01
-6.014414217352827274e-02
6.499132680996568823e-01
-1.244431544314355681e-01
3.380049185970277481e-01
-1.263746897596863122e-02
-3.799429287688844137e-01
-6.927317619744233212e-01
3.738480114112247010e-01
-8.632701445837953624e-02
1.738435583666631257e-01
-2.497233793802670354e-01
-3.358560247020968004e-01
3.359361795963293207e-01
3.465898642314150235e-01
-6.029036533371421314e-01
3.196699918658393313e-01
6.517806666903184221e-01
-6.381757966008222427e-02
3.594487259896525511e-01
8.995792707422652912e-01
8.743601929272235562e-01
-4.494820072784601050e-01
-7.931326026153803777e-03
6.847566919661324247e-01
-6.847844298771941229e-01
-1.979393637584470067e-01
-4.607686194684382230e-02
-2.042067814230541511e-02
4.945912862829565104e-01
-4.739430600424893170e-01
3.427620447442674134e-01
0.000000000000000000e+00
7.138689885456838136e-01
-1.709991175460938151e-01
-4.123374932974517293e-01
-1.321655360872018015e-01
-4.342722653034039593e-01
2.102146155501984359e-01
1.616527614026626314e-01
-4.052462947216833311e-01
-5.822451793356530486e-02
1.789195094956133603e-01
2.173455267392683000e-03
-2.021922425916606869e-01
9.126182690386988039e-01
5.052476636694885892e-01
5.404631407173203783e-01
1.900062042266103916e-03
-6.134429089081466779e-02
-9.319636926837978619e-01
6.147646629523841888e-01
2.989966932594655623e-04
6.066561091574947939e-01
4.571344610681906673e-01
-2.272394289377291654e-01
-4.571190590134570353e-02
6.944911705896454901e-01
9.615329725876860245e-02
-1.316282327138751096e-01
4.899623570723820459e-02
2.942205672796656124e-01
1.300470616626097919e-01
-1.285589151763933680e-01
6.254535219885848374e-01
-2.723439793241987372e-01
1.442366677685382251e-02
-1.670390420099197581e-01
-4.876438352662372695e-03
-1.513681175151209146e-01
