-1.609966861540401695e-02
4.026411286007212098e-01
5.850526519869454489e-01
1.547506485377381225e-03
6.161898620796180115e-01
-4.714568567633836693e-01
3.378329526115697590e-01
8.106315083966828539e-01
-4.561408647205213995e-01
-4.445511087652849191e-01
-2.615819929825089485e-01
9.052731812938885625e-01
2.202324276868734554e-01
-4.805704283144587308e-01
-3.469936010101115631e-01
1.980387807467876016e-02
4.149071978576579500e-01
6.850571826579141543e-01
-8.520812978969085627e-01
-6.712219266500476511e-01
-6.365074806529116280e-01
-9.457033401054824040e-01
6.977735084353868800e-01
-4.684314733084935511e-01
-8.429001466007790544e-01
-7.707683700623382261e-01
-8.714980832198615524e-02
5.385178432001196391e-01
-6.493768163965973894e-01
-5.659158593448989638e-01
8.104431860622232087e-01
9.884499685129717328e-01
-4.370628932976541314e-01
-3.637702968194709285e-01
7.884320739288459556e-01
8.278910462794715208e-01
-8.124194813135690030e-01
7.478378591176437773e-01
-6.550313288048965621e-01
-9.882391324086796658e-01
-5.775590530925933663e-01
-1.598206175014891262e-01
-4.033987189225027858e-01
5.168561910841962259e-02
3.028262035157571752e-01
7.115025284462457300e-01
9.410318449978718469e-01
-9.114541771846509377e-01
4.058008658981806516e-01
8.857976138939038790e-02
6.350248983072248610e-01
3.200758728873864811e-02
-5.365853997283052124e-01
2.183909397996071089e-01
-5.706709078892384657e-01
-1.470895000574883316e-01
-5.626500028037542123e-01
-2.082858229678539175e-01
-6.155589765526412460e-01
-2.624613798548525168e-02
1.536717543291159505e-01
1.941633925063321886e-01
9.765283492403038501e-01
-2.354718157850488325e-03
-2.526531716596642774e-01
1.162693299201178476e-01
-8.748078076003635850e-01
4.794150291676770870e-01
3.734122492774361035e-01
-6.172815973886176533e-01
8.261223521875602493e-01
3.768663883634715273e-01
3.129905960561796263e-01
4.457510750020579060e-01
-9.932847790245569186e-01
-8.580108276501174913e-01
-7.336967302744190622e-01
-1.031613943342042372e-01
3.575103147350973121e-01
-6.420831305621577112e-01
1.776835510485470504e-01
-5.678605230483908528e-01
-8.319870057987004408e-01
-6.812409156662311283e-01
-2.629173472597134964e-01
-9.528109566646754125e-01
-9.200056644148251195e-01
-7.435299894491456119e-01
5.025185335673509890e-01
-7.687062631834977733e-01
9.891316840030033308e-01
-8.692311838050024164e-01
9.628431442165672483e-01
3.093223463603929080e-01
-4.267188100195193901e-01
8.206674811895409150e-02
-8.274530161581474808e-01
-3.782355565500874484e-01
-3.774266256371388017e-01
-8.830059406536998612e-01
3.131983178014348113e-01
3.503527328778330840e-01
-5.159279370376990137e-02
-9.122811272817465955e-02
7.159293128610029200e-01
-5.680172517943209431e-01
6.347120393853478149e-01
-3.080030056482396805e-01
-1.269882988243082877e-01
7.430126277416935210e-01
-3.277827199951992565e-01
7.397450266435123822e-02
7.924883556409396679e-01
8.529516173216877828e-01
1.138480537185644348e-01
-2.422161284819526195e-01
3.326648631896982344e-01
7.261462279964048250e-03
-8.847985791808856693e-01
1.030622709780977253e-01
-3.471998225990855502e-01
-7.402176951888470580e-01
-3.253635538166381735e-01
-9.307421343768853550e-01
5.085730572700866148e-01
-7.357936658060233448e-01
-6.989316679200487936e-01
-2.965601279257410461e-01
8.616612938561316604e-01
-9.199893274412105360e-01
-3.331101869795072279e-01
8.921911004582772087e-02
4.398528725424597496e-01
-6.918044787274988394e-01
5.834583298521021089e-01
2.974401011956109286e-01
6.469195069793285402e-01
-2.374149304966790552e-01
9.435927057501305448e-01
-5.989099828353436905e-01
-9.318302533021312062e-01
8.021366138916872224e-01
8.077161729929072109e-02
9.299088677803648562e-01
1.247884065784001795e-01
-2.599666554616133496e-01
-7.811099959484848476e-01
5.003964804829550417e-01
4.831772282621855652e-01
-2.204238030917828883e-01
-7.785941795835074064e-01
-3.995224603835672017e-01
1.160647250496686933e-01
4.872827553412921731e-01
1.012778288079867473e-01
1.512572995710932400e-01
4.054172279795542622e-02
5.597630532743336218e-02
-6.861470010549806098e-01
2.366654327847961259e-01
2.699896260403333859e-01
7.863123491473844595e-01
-6.313973336552911597e-01
5.958617116228823729e-01
-5.255589903277213537e-02
1.849220370823787540e-01
4.857343881312654599e-01
-8.737518436015379031e-01
7.705529098689176681e-01
-6.923351031227951147e-01
1.923892605142130119e-01
6.963717777461781999e-01
-1.450298670977760995e-01
-7.264096578091245870e-01
-3.854040116590355947e-01
-4.537976170638335915e-03
-4.491321313529228476e-01
-9.033005168292655984e-01
-7.410443582390082717e-01
-1.287674120905395458e-01
3.063720477447067214e-01
9.412725998623583390e-01
8.429939157778021386e-01
-6.365875445611688388e-01
6.610137860342768512e-01
7.185577478919960015e-01
9.746457036310542943e-01
-2.037794536115877797e-01
-2.777060730484151030e-01
-3.184710039045606234e-01
5.161510010892289557e-01
-8.571287901763735562e-01
-3.720942232462276511e-01
4.150160784085337173e-01
8.760186702996404229e-01
8.424691287122489936e-01
-3.219467821040715716e-01
-7.633961399814714888e-02
-7.514139882726813546e-01
9.515811252979378132e-02
2.035866070171397091e-01
5.516451197672438411e-01
-2.764443575015209653e-01
7.847555161886805575e-01
4.058908108869012654e-01
-7.002631119972537732e-01
6.480731353196178546e-02
-9.145333725951587667e-01
-9.212735375956693229e-01
-4.510921311302484860e-02
-2.224299460157541652e-01
-5.272153324971107224e-01
8.334537615552464196e-01
1.532397076532687752e-01
-2.912825482226111262e-02
3.038878375600624349e-01
-6.458705799012913751e-01
-2.058148567362767523e-01
9.528719338997631016e-01
2.552216973288592428e-01
8.667092569891037268e-01
6.322871689132070205e-01
-2.958534633563982830e-01
7.412293345149989499e-02
1.192863311666516601e-01
-8.149907503070132897e-01
2.576435094922704394e-01
-1.731405297155148570e-01
6.343020639766427937e-01
1.376683084959391401e-01
-7.619995971501167809e-01
-4.303273600709094371e-01
1.629366385395298877e-01
9.862480540652467376e-01
6.234895180799522318e-01
-9.532209889582010653e-01
8.296318034742995451e-01
1.716854339782845074e-01
-4.264446157407595361e-01
2.832545728372839466e-01
5.026374654769274475e-01
5.589039790168375266e-01
7.654474620938036544e-01
5.066358776575354828e-01
-5.483216856515888971e-01
4.697000500188612815e-01
9.276222539916965104e-01
-8.983437752668932408e-01
1.533556626274190648e-03
4.399995609999283186e-01
-3.179711308165025230e-01
-6.980434241518596039e-01
-6.819412714002304199e-01
9.043077400112120579e-02
-1.078049124576594409e-01
-6.606239530758779566e-01
-8.063475957750392276e-01
-1.216872661766408292e-01
7.751208496882364685e-01
-2.487488785051279461e-01
2.924113344098180356e-01
-5.075303969676772109e-01
2.573509768028157119e-01
8.322681286565807302e-01
5.060734341747055165e-01
