-8.541449558208080717e-01
3.373509396017859707e-01
-8.029906983761296857e-01
5.094897758374314911e-01
-6.019660164590319162e-01
-7.517094265474326686e-01
-3.590230390202082678e-01
-8.276760281534867314e-01
-6.333324755321985133e-01
9.175000301698874594e-01
-1.763270616628909160e-02
0.000000000000000000e+00
4.740141568960964946e-02
9.429381833687160430e-01
8.751272798644027517e-01
-6.378822617512776016e-01
8.237045898009769385e-01
5.436459947227108014e-01
1.669025632023475314e-01
4.375535180796366053e-01
3.045924538876443322e-02
5.233417843890728616e-01
7.211052048093531397e-01
8.635901603799314152e-01
-4.258969852663123667e-01
-5.604216476754331211e-02
-6.202241761813294119e-01
-7.264984828656380067e-01
-1.723448367678412918e-01
-8.729358903493682487e-01
9.037858685184565477e-01
5.583702663221459250e-01
1.875127506470786187e-02
0.000000000000000000e+00
-7.336936341488009550e-01
-3.151483946076800713e-01
7.013348821057627802e-01
0.000000000000000000e+00
8.458741310638075994e-01
9.149650294434397146e-01
9.857308820930130722e-01
-5.379959676496643972e-01
-9.269998705134274708e-01
6.173609689337222761e-03
1.147179715668216193e-01
-6.851622803345147616e-01
-1.554043372277860158e-01
-4.820793387906912031e-01
7.303248622184057570e-01
9.689229774184959787e-02
8.240131114750632868e-01
4.601164015582979161e-01
9.826059669424729304e-01
0.000000000000000000e+00
-3.095852292814913476e-01
-9.549774764475815747e-01
-2.757460729956462409e-02
-4.199013473906607619e-01
-9.162382849309491650e-01
3.963586241952388178e-01
1.997649068023459318e-01
-1.197608984102780383e-01
-4.722901457964017169e-01
-9.510959359861312912e-01
-8.855560694545085987e-01
-7.907915770253486354e-01
-4.614297559515707636e-01
9.511137251347265842e-01
-3.891954846853442618e-01
2.142843827240104027e-01
0.000000000000000000e+00
0.000000000000000000e+00
3.369740529387013073e-01
6.786528147524952814e-01
-6.482175822577451729e-01
7.501980635503127104e-01
1.495195522759487083e-01
0.000000000000000000e+00
-1.318867077918945974e-01
-7.541649232608760300e-01
1.592933999076124874e-01
2.469502613695102600e-01
-7.367386459076887828e-01
8.069655208519259659e-01
-3.901544236512652919e-01
8.280958539402287766e-01
-8.904785100103098650e-01
-1.825647244303962857e-01
0.000000000000000000e+00
6.668539296470568090e-01
-1.425470698209951870e-02
-8.458507058693893743e-01
-2.916753988745399706e-01
-6.244826211517597869e-01
4.139704802928207972e-01
9.294591461628680662e-01
-7.293999862229585407e-01
2.932880949657941105e-01
6.467374589278032104e-01
-5.134892436352869183e-01
-9.273512882797936285e-01
-1.527670612232314706e-01
-8.461962668334348514e-01
-7.265425437641965800e-01
-3.478530872723011313e-01
-9.406150563952908605e-02
2.860080385529981672e-01
-2.480897718165824273e-01
-3.739871621501036358e-01
-3.552531863802139700e-01
-8.337577878396813524e-01
-4.565882779962933125e-01
-1.485971805875203611e-01
-5.261437855723085644e-01
4.529465329807871310e-01
-4.242744414271872877e-01
-2.174762113019390597e-01
-8.744034459538418957e-02
-5.522501790901102048e-01
2.488353568830372620e-01
-5.266383523302415881e-01
-1.554367892207033641e-01
-3.538555234024740592e-01
-4.420145476092034453e-01
8.083491940322571345e-01
1.956111800515363264e-01
1.585035076359577744e-01
4.779718882160755022e-01
-2.078419220531073641e-01
1.053823420937776145e-01
8.928720611507676708e-01
-3.610086884065923929e-01
-5.504664316302041449e-01
-7.302249752801486249e-01
4.138599883067184404e-01
-9.587902821753264693e-01
6.700616070853213646e-01
-1.036579108715585118e-01
1.952090829501129665e-01
0.000000000000000000e+00
0.000000000000000000e+00
-8.502515892039073098e-01
-1.455953336641981899e-01
-4.759004306558802799e-01
-2.204804376515434594e-01
9.485705164665698685e-01
1.434486428812247194e-01
8.229976039523032583e-01
6.871312802392759433e-01
-1.397065800995891394e-01
4.196267972070031327e-01
3.798059460191365311e-01
-5.032734908102711735e-01
5.275106043498389852e-02
0.000000000000000000e+00
6.466757954310251577e-01
8.019112779766834898e-02
-8.032699339765505542e-01
9.513844702159433009e-01
0.000000000000000000e+00
7.205713887354789904e-01
-9.994570198915777581e-01
-5.280353691439880759e-01
-1.477052903868991685e-02
7.339806881658996751e-01
5.247692129615826317e-01
2.502339744116870435e-01
7.985870030238442219e-01
-6.258256774695860614e-01
-1.164908366208901036e-01
9.634104311433779877e-01
4.374252095848589761e-01
3.532498430733665984e-01
-3.050980844161939043e-01
3.135052206783799367e-01
-4.092812526958558017e-01
-3.587651791189843120e-01
5.099754828474292179e-01
8.808646890804889829e-01
5.309067939433476102e-01
6.818906552189551995e-01
-1.375952499324981648e-01
-9.923962923954334769e-01
-3.033435441270482258e-02
-2.882469888631222776e-01
4.814282180847446746e-01
-4.345993640014793602e-01
-5.512497596763767937e-01
2.947151197838755454e-01
6.012948955906423087e-01
8.533146982620798404e-01
2.276436890966919702e-01
2.689655277416524992e-01
-6.694470456021464067e-01
-2.004105441987229508e-01
6.269732169429254043e-01
-6.741535200282791074e-01
-3.518478208523942996e-01
0.000000000000000000e+00
-3.605395948634575465e-01
-8.754916755375978799e-01
-5.195560372519774095e-01
0.000000000000000000e+00
-9.060255013533913271e-01
0.000000000000000000e+00
5.876690949644827189e-01
-9.993191874860154478e-01
1.837459987945933015e-02
9.201801261665514264e-01
4.531576824467626885e-01
0.000000000000000000e+00
-7.604310782290024662e-01
6.360488808768927083e-01
0.000000000000000000e+00
4.774405852591223631e-01
-6.257677525998170953e-01
2.988895961820532410e-01
5.368473324120375256e-01
0.000000000000000000e+00
5.298891391932993855e-01
7.414103954040500710e-01
-5.882677389365187359e-01
-2.042008984647547543e-02
-6.046682187639362827e-01
7.684014175665569990e-01
-8.264418534029231989e-01
-2.599289813290772688e-01
7.320933752136704609e-01
9.148786687351575520e-01
0.000000000000000000e+00
3.415442874888514613e-01
8.899328453947787931e-01
5.275529387020783112e-01
2.378908878689367512e-02
5.175864041042110841e-02
-7.385889602926483111e-01
-1.234450356483054456e-01
0.000000000000000000e+00
2.582492948133545685e-01
-6.728552532139087106e-02
-6.473417878450331564e-01
4.248654238192621779e-01
-4.642122886684738603e-01
-6.010217991974637908e-01
4.849307365746227116e-01
-4.245957166053173637e-01
-9.721973600633684320e-01
-9.552824986209467184e-01
9.479561227009269953e-01
3.712027150967789346e-02
2.301802242665913489e-01
-6.963186189766601419e-01
-6.567355967212611390e-01
-5.056542229382410270e-02
8.816043090693181927e-01
1.341052533300146621e-01
4.546544100933664900e-01
-1.130057103780042205e-01
9.831731552046385492e-01
0.000000000000000000e+00
-3.712231540354409276e-01
6.059613381091999429e-01
-7.118411517394576116e-01
6.797095021407451032e-01
-3.192545878195840459e-01
