-1.127376525863902496e-01
-4.716492030684593662e-01
4.281124546831076016e-01
5.855231246063379302e-01
-9.688149083362282421e-02
-2.342157893513976963e-01
-7.236615950484238668e-01
-7.217400080309586130e-01
-8.883556124568527945e-01
3.807080674183537794e-01
6.824791093119321195e-01
-6.926063959289925631e-02
-3.901998167999304878e-01
-1.751835230684821443e-01
4.360490510250193408e-01
-8.824417985361402428e-01
-3.099577716997665711e-01
-1.901767837675983897e-01
3.791336951087316554e-02
-9.520037651791312117e-01
-6.187847378682861388e-01
3.732767298742042245e-02
5.726455562120686960e-01
6.102845574909234738e-01
-2.963076862786392929e-01
-4.089979324446602060e-01
-2.267641639020087641e-01
9.493643120040182737e-01
-6.439623820893737305e-01
1.000405457789109026e-01
1.324364373545338161e-02
3.055561012679224864e-01
-1.252906833256277608e-01
-5.319052860116537662e-01
-1.604355594646338923e-01
1.489139948654164686e-02
-8.277966091050623643e-01
-4.224502042475345442e-01
-2.718354783352333170e-03
4.357153374348341490e-01
-3.654219700766079409e-02
-3.289791063362306756e-01
-4.056446316454265233e-01
-8.782597560168596829e-01
5.832962038609893485e-01
3.842770304406428056e-02
6.847043025517252079e-01
-4.332002029834293166e-01
4.127602412032945756e-01
-5.051496607705836979e-03
5.815084630351911171e-02
8.958913773776133738e-01
1.812418272886538173e-01
6.709984324493344365e-01
8.209890095158476342e-01
4.354939506910803643e-02
-8.829697835365685199e-01
-1.164823901933649958e-01
-8.121497156345496293e-01
9.036779706775099896e-01
-2.223791744370488266e-01
3.064542448673920894e-01
4.831238239276192115e-01
1.512841107228883042e-01
6.135054858355506457e-01
4.457815116937053901e-01
2.053585021748868811e-01
-4.040165094036157409e-03
-7.917457952918569020e-02
-4.700948936370860642e-01
-9.733988934889936662e-01
8.465983922702038367e-01
-2.755833605534476760e-01
3.631870010769955304e-01
-9.274203568459107316e-01
-2.211587164182598486e-01
4.712213434809769952e-01
7.983602123817487572e-02
-1.471595185167494657e-01
1.127603769072520468e-01
5.829544179332120102e-01
5.601948635024402851e-02
-3.132853020201762373e-01
-4.256097540676869184e-01
-1.453667501923313621e-01
5.175845893374905193e-01
5.917502237284840705e-01
-1.336626663015128835e-01
-5.138337199270783806e-01
3.876536697445842616e-01
-1.397310230036916123e-01
-3.720315429395433804e-01
-1.634490270755847574e-01
-7.860304132526347853e-01
-7.981231642572944596e-01
1.151889789613152609e-01
1.987292522925100668e-01
2.295211166065950215e-01
6.182981527396397281e-01
4.982212730311963433e-01
-1.397092900081953583e-03
-8.666589868520427897e-01
8.204497590235502180e-01
-8.118684851418126458e-01
-5.859563482884635466e-01
-5.446989428930879562e-01
9.234955616191510563e-02
9.295835357544699473e-01
-4.665903343260647818e-01
-5.177383647978462955e-01
-6.587713999750075544e-01
-1.195624533002771495e-01
1.549075431623830532e-02
2.376370941484140520e-01
4.726893872563490279e-02
-3.462257039116428247e-03
-9.943447948545128812e-01
-6.820544565576006635e-01
-2.435460148793889834e-01
-5.083815860564908605e-03
5.154513048804963971e-01
7.471481469368579029e-03
-3.394378360100576142e-01
-4.956878489514288666e-01
5.745116490898450889e-01
-2.230822178820050794e-02
-3.643676447424371630e-03
-2.627323218311195530e-01
-4.188687321183898193e-01
7.608846715403676519e-01
-5.357676448808077474e-01
4.133162577294815371e-02
5.935021550219453657e-01
-2.585420471701024292e-01
1.195663168063905695e-03
-8.340470781862813210e-02
2.266600690851018340e-01
-5.627964836656766945e-01
-4.636956091022961801e-01
-1.227070902030416057e-02
7.326461031154195558e-01
1.007351034489259722e-01
-2.639243325473054069e-01
-1.547333775969414738e-01
5.847786840584752455e-02
-4.248547606593302411e-02
1.961899365816413554e-01
-4.380777032822692242e-03
3.951885553039702348e-01
-2.569449731351915456e-01
4.527113971021031746e-01
-8.806262461961161803e-01
-3.266910536383683672e-01
1.303181229205581659e-01
6.400074671762024936e-01
-3.533008370909426210e-01
3.908506998758305984e-01
-1.274931283238006988e-02
-3.810059137790532124e-02
7.715105123417762556e-01
1.431237941695308602e-01
5.835209792638665904e-01
3.840926228407774978e-01
3.698324277860222109e-01
6.895421507341084610e-02
7.789343970382792692e-01
2.383498384176939711e-01
5.453714257894951567e-01
-6.131102732517949017e-01
-4.342997768679283110e-01
6.439993639898422551e-01
6.366229737729094396e-01
-4.606615744225444065e-01
-9.369188640644424693e-01
-7.501274157666568687e-01
3.196017397306745444e-02
-2.909014360537023336e-01
4.090407705292483098e-01
3.858739136471271980e-01
1.638857518302357374e-01
2.648050134697034763e-01
4.915604975554151990e-01
-1.575421675585393366e-01
4.992205086547286674e-01
2.495755608565939157e-02
-2.287938795758844013e-03
4.211295398888230124e-01
2.004960271277866912e-01
8.232757825939069907e-01
3.531858067198058171e-01
-6.056047200564643740e-01
-9.557283711316842852e-05
7.838744758174527316e-01
-6.182974270178842602e-01
-9.183628278690243452e-01
3.347488330854333505e-01
-4.160140590669806904e-01
1.895267500116835369e-01
-6.851867258190856569e-02
2.247491472531611967e-01
-1.137949959837988578e-01
5.311529572425673917e-01
1.715677168690055154e-02
-4.217701624453744635e-01
7.411465151729305229e-03
3.298529865304219433e-01
-1.364855247038174735e-01
2.543802900603028827e-01
-4.755829280558426797e-01
9.294654108618755073e-02
2.172472241044813221e-02
3.025626162691199550e-01
-9.377214871513652739e-01
-9.550712789963011068e-03
-6.491795257237453765e-01
-9.837078637666275653e-04
-3.148435087349842343e-01
4.002234908083382328e-05
-1.269724661989071399e-02
-1.203603924291916372e-01
-6.839318814785989853e-02
-1.858325521930132285e-01
4.218996846038273185e-01
2.385219791278062051e-01
5.993569528150149983e-01
-7.839241124501522551e-01
3.365471978275726972e-01
4.613830772172351491e-01
7.204519578024178861e-01
9.321447493081783109e-02
1.414462165563765139e-01
8.883993026290484263e-01
-2.228739531531529205e-01
-7.849832609097203706e-01
-2.226774297421159898e-01
-2.593706771793313423e-02
-3.449128439471830232e-01
-4.764430603688499244e-01
5.924975883688113343e-02
6.889549335732874091e-01
-3.634312948855724463e-04
1.221890895763052230e-02
-2.444344591876722317e-04
8.400726257381402329e-01
7.004683046500134180e-01
6.477972173387989141e-01
-5.822023978816064371e-01
-2.329198459265475196e-01
4.482676109853424296e-02
-2.664123533680922695e-01
-4.505274715821110942e-01
5.844885054175439354e-01
1.045820945567606103e-01
2.568227665193086318e-01
6.000114884796969861e-01
8.887186572460652467e-01
1.331657616948296041e-01
3.677502296449628449e-01
-3.982511615117338005e-02
-4.436560556498756469e-01
3.882893876578925596e-01
-4.652370396977676403e-01
8.061841191758277736e-01
1.254127473662997594e-01
5.329890214186481234e-01
