6.830805500272896236e-02
-4.257296687705071636e-01
4.588957880119504118e-01
6.349712680049801605e-01
-4.890286888348502337e-01
-3.335887670950973272e-01
-7.225236894412332411e-01
-7.237010596901922721e-01
-9.285323964966624155e-01
4.513992768334450512e-01
6.859945428115807875e-01
-3.283662443291744393e-01
-3.905863549424998249e-01
-1.858678925896752043e-01
4.387786070370981450e-01
-9.221513834072724292e-01
-2.462523416369337137e-01
-1.513248264356639727e-01
3.367023893359901709e-01
-9.782466357460006812e-01
-6.514027139330083038e-01
8.541036389275163954e-02
7.683125637733598801e-01
6.102844046016788759e-01
-3.085762302697239168e-01
-5.836592958885185034e-01
-2.680706888252710751e-01
9.661588204027846682e-01
-6.336050180316102898e-01
6.385820496287857306e-01
8.931484598934661401e-01
3.772434745438371095e-01
-1.265944857646822685e-01
-6.110444653529520931e-01
1.224401463500472964e-01
-7.610489019947732636e-01
-8.164349543112398022e-01
-4.259210539375903881e-01
-6.353590751402297954e-02
4.299327400096241147e-01
-3.616757507670071564e-02
-3.878680851287362730e-01
-6.603505120517314531e-01
-8.827284615763640874e-01
5.953766884129723103e-01
-2.274384465018722268e-03
7.016524818133664798e-01
-3.750307784478004725e-01
2.989123727746288428e-01
-3.816591769810186857e-02
1.967867276289669842e-02
9.792942673378822738e-01
1.779932068073185880e-01
7.461554905863181375e-01
9.273101382201177634e-01
8.417376496329552482e-02
-8.993925149546933007e-01
-1.246714110188370805e-01
-9.225301302688764249e-01
9.340870284043216731e-01
-2.537937313536918760e-01
7.327541944511256622e-01
5.441810747124915526e-01
1.494903488748390574e-01
4.776338264332045114e-01
4.443253342694521990e-01
5.997751235372240641e-01
-7.351976367602126583e-01
9.513333640201285246e-02
-4.436388588980916814e-01
-9.647196212685094086e-01
9.253933646695802206e-01
-2.712510068229824767e-01
3.065731903723874496e-01
-9.274108117124855166e-01
-2.184274083287363333e-01
-1.357229560050244310e-01
4.358306650808536215e-02
-1.428111134219886558e-01
-4.443339877874402655e-03
5.823703971216092068e-01
-1.043369792548781982e-01
-4.897346995275043691e-01
-4.103215204761683776e-01
-1.474113929494409725e-01
1.138302891415235996e-01
0.000000000000000000e+00
-3.979461655764773842e-02
-4.859033907825217602e-01
2.588584728751810449e-01
-1.201892181416513716e-01
-4.761172860937284979e-01
-1.220220984020514848e-01
-8.305052132509131990e-01
-8.013630504972010238e-01
3.949635464977715449e-01
1.904214264833357650e-01
1.271811222235029737e-01
6.830782998821574026e-01
4.980889373759296856e-01
-3.986305544048284605e-03
-9.467067220655845938e-01
8.302952767187441463e-01
-8.210339366384795667e-01
-7.339467397329384468e-01
-6.011144289751666481e-01
6.769253852296719387e-02
9.227059462918842936e-01
-3.764382834588221316e-01
-8.818632019949823597e-01
-6.474057715146561698e-01
1.144261506678897061e-01
1.823219262764864124e-01
6.337970616244380517e-01
1.905073696859936883e-01
7.691539548058634601e-02
-9.933468787448936910e-01
-6.872423124620777868e-01
-2.688590771276043179e-01
-3.226126440477289359e-01
5.427549249189610459e-01
2.704242215037917438e-02
-5.545072096273617746e-01
-6.938825046939279817e-01
6.323554139870387614e-01
-5.417789741080550336e-02
2.043572884033739712e-01
-3.356949149000152954e-01
-4.340386005377099288e-01
9.219474713818820444e-01
-5.548615572831191445e-01
2.160815039795136588e-02
2.588478642717861877e-01
-2.496048248825946114e-01
4.141145181757180382e-02
-8.338089697479666995e-02
2.776668456960333931e-01
-5.720052952282942416e-01
-5.533922779502573608e-01
-1.267620458961155605e-01
1.205004694126622367e-01
0.000000000000000000e+00
-6.609645102585399723e-01
-5.124776291950222662e-01
4.435944702774777954e-02
2.973520811514193118e-01
4.685971238166850017e-01
4.781959052586551295e-01
3.857900674889851445e-01
-2.574670887961650889e-01
4.652079677264326363e-01
-8.755258819263505021e-01
-3.209639688488861164e-01
1.281360934192433687e-01
6.598407996434967338e-01
-2.633836775968944610e-01
3.916357203467780712e-01
0.000000000000000000e+00
-3.774115440749073458e-02
7.707947347662919002e-01
1.636201082351690650e-01
9.038869789163842539e-01
3.731078128250199244e-01
4.165335808694622388e-01
2.310418667982672702e-01
7.831654231094329344e-01
2.554468470194356522e-01
5.678753724400968927e-01
-6.131108209565719891e-01
-4.692048856908859200e-01
-1.054004262325267116e-01
6.032116302189525214e-01
-4.837986957864859883e-01
-9.474381510724088074e-01
-7.555526764803753847e-01
4.115296029408310741e-02
-4.634303881372702771e-01
4.975532803355238176e-01
3.895841600938678706e-01
1.654175230917701578e-01
4.372086355152509651e-01
4.988763642092304273e-01
-6.706661681563415023e-01
5.959267841117616982e-01
-6.620439817705040531e-01
0.000000000000000000e+00
4.439299783662379317e-01
1.933448137821555113e-01
8.620017182192503125e-01
6.421412442325070691e-01
-6.011790100269032155e-01
0.000000000000000000e+00
8.519389267445188763e-01
-8.085890517009347578e-01
-9.004020049953974647e-01
3.346467213454004108e-01
-4.152033485775983301e-01
2.512556821225111481e-01
-1.452423302417006346e-01
2.394802991165295436e-01
-1.388557383862547012e-01
4.930298450927265153e-01
1.744688134664107090e-02
-4.398753916772916162e-01
3.817555575096270304e-01
3.311113018441599887e-01
-1.209018177281845630e-01
2.563169270738932526e-01
-5.054539320863586926e-01
9.576714516524598153e-02
5.709732945447866526e-02
5.791017481569041836e-01
-9.474886193748535135e-01
-4.452569708016181904e-01
-6.518351807922040386e-01
-8.320867141990344329e-02
-2.384108801101366693e-01
4.828377564174035075e-01
-1.654337757687277533e-01
-1.447169665386915383e-01
-4.261217409559445723e-01
-1.923318734940654973e-01
4.332261626986141367e-01
3.329811056246274603e-01
0.000000000000000000e+00
-9.799612616745917437e-01
4.656753128699657740e-01
4.808495639609460803e-01
8.510313188841320819e-01
3.045720716206724576e-01
4.125763252103076262e-01
8.887086915389992292e-01
-1.314161270398123416e-01
-7.905378665597233567e-01
0.000000000000000000e+00
-2.319318641549970861e-01
-7.921287556974505595e-01
-5.777835175079120145e-01
2.465021463715753591e-01
6.740358325515939386e-01
-2.126019397358577725e-03
8.666327592926978407e-02
-1.939114355157029899e-03
8.417379718644075748e-01
7.080428279540236236e-01
6.510248539330530937e-01
-2.123796240453407480e-01
-2.093915043375997320e-01
1.172431419164102900e-01
-6.143604981404577892e-01
-4.382450226720930875e-01
5.855725926949162385e-01
1.833963083329295252e-01
1.975918731012592522e-01
5.996584188979254826e-01
8.893131546061469050e-01
1.392561931700735944e-01
4.190638827501211860e-01
-6.799114558555266474e-03
-3.774565621598929832e-01
2.660824771694792479e-01
-4.108662035001302559e-01
8.288529542357474522e-01
1.459637611261155876e-01
3.218507160335931094e-01
