-3.042932906703169627e-01
-4.734065377820697584e-01
4.294696399003085086e-01
2.589624877461336738e-01
-4.211763078256323678e-01
-3.608854778233723803e-01
-7.240768952638497735e-01
-7.225255903186587059e-01
-9.049083076496651223e-01
3.977230532772897398e-01
2.128785296947890704e-01
-3.309637340277649109e-01
-3.854965004157950292e-01
-1.769249790547886558e-01
5.011599828034388748e-01
-8.700584824301704767e-01
-2.932977686351712632e-01
-4.021856964682466451e-01
2.905835627976151025e-01
-9.410873544314728445e-01
-6.709892605829909096e-01
4.588477597454682089e-02
7.603976745084557454e-01
5.998410075938966912e-01
-2.917001047401531766e-01
-1.366373375711052163e-01
-2.392344535102129688e-01
9.235575625164822444e-01
-6.531977042544940826e-01
6.386071418187457827e-01
2.381987009015711088e-01
3.260243160445044364e-01
-1.226861498041567078e-01
-6.139680501375892607e-01
-4.212890746022885519e-02
-7.692106996427381382e-01
-8.412159256515560068e-01
-4.160678523768647497e-02
-1.101512447405996950e-02
5.268142679678415874e-01
-3.624655780688118556e-02
-2.988097917694482741e-01
-2.335688885985889585e-01
-8.815114453530272787e-01
5.812874844796603879e-01
4.702646144216360291e-02
6.698294378583941056e-01
-3.953664269484102878e-01
-6.845234655864623416e-03
9.019358024493892914e-03
3.080629260209196557e-02
4.293234337580596471e-01
8.958171385820232202e-02
7.281359715712056868e-01
8.044433722389464636e-01
3.269542016110511817e-02
-8.241501353505389371e-01
-1.186922314347126223e-01
-2.648357799671117729e-01
8.622796401958752188e-01
-2.535943605287953040e-01
6.180226461578527397e-01
5.764303608346820207e-01
1.549598777264230565e-01
5.570932084752560076e-01
4.496026367648845445e-01
6.024560956767882614e-01
-7.490181101584145740e-01
-4.544301063161322596e-02
-4.663667317407872992e-01
-9.722012751302947509e-01
4.545608295331200477e-01
-2.888941611595336467e-01
3.587279679700831059e-01
-9.240740170107890616e-01
-7.662735851537240406e-02
3.444300598672366265e-01
1.234879639012894242e-01
-1.458821725919586254e-01
-1.967476735846761249e-03
5.825001758770065319e-01
-8.020001997136699812e-02
-5.531114835636680160e-01
-4.220018967393911469e-01
-1.776814332285095444e-01
3.116661618250368138e-01
4.369754075364948309e-01
-2.511169408380902190e-01
-5.155826200829548567e-01
3.649380385144500583e-01
-1.566171258274461353e-01
-3.687693359514679359e-01
-1.445024040504493956e-01
-8.289152230267089472e-01
-7.162890029969988248e-01
2.942346407054749480e-01
2.059726162278160411e-01
2.853379212225740091e-01
6.225899730996609094e-01
4.981235190417899195e-01
-4.079806948348019963e-03
-1.385381331951312245e-01
8.259904832055893209e-01
-8.184130508264398918e-01
-6.871384510506647336e-01
-5.568094897334262550e-01
4.588172149529479854e-02
9.315367092944387695e-01
-4.415198785959313921e-01
-8.577786086027174850e-01
-6.644030914175018676e-01
-1.691028515479252037e-01
1.740364713033031863e-01
5.624070918812121844e-01
2.149137608625007190e-01
6.036969919823535757e-02
-9.933875818344884978e-01
-6.865890137849374186e-01
-2.597739662526540316e-01
-2.327302570398648573e-01
5.280632975374224269e-01
1.744839431799075774e-02
-2.149102390766715054e-01
-5.693735076186826616e-01
3.770265376248709277e-01
-3.449525799949038074e-02
8.765192083602488249e-02
-2.926270644913006591e-01
-4.185243847770128700e-01
7.310906712928439966e-01
-4.282424558888098254e-01
2.839084263575504877e-02
5.609347901483756615e-01
-2.561035212504023661e-01
3.143275034674488516e-02
-8.338601012790136657e-02
2.821940866921104352e-01
-5.687420753535656903e-01
-5.152579140974017369e-01
3.469771076466850179e-02
3.974496998292482708e-01
1.368321923844921517e-01
-5.296332480773465745e-01
-5.075021871884675129e-01
4.980842309686293878e-02
-1.423036282060880786e-01
2.692571783947784320e-02
2.455018478175458041e-01
4.029360745083346296e-01
-2.571426894741588587e-01
4.454575048142921379e-01
-8.809019997751825759e-01
-3.268047680529018173e-01
1.316783782914184853e-01
2.249364138390954337e-01
-2.145944692160571265e-01
3.761017957837953785e-01
-4.845352272597892168e-02
-3.780328266928718872e-02
7.711852104747733971e-01
1.621999048293567280e-01
8.691391123815506159e-01
3.783729564666782896e-01
4.003432808122734388e-01
1.170794297425183650e-01
7.840298339807225680e-01
2.502102657297501365e-01
1.255699000400863352e-01
-6.161135601442535581e-01
-4.535660049616430101e-01
7.916059949905961124e-02
6.310808248839179235e-01
-4.617729386219979748e-01
-9.447800550859141167e-01
-7.501906388662697989e-01
7.669191223512517204e-03
-3.979783647830007487e-01
4.176557424137856689e-01
3.751294594892767287e-01
1.532207921045560250e-01
1.210555131401618162e-01
3.916137514407025955e-01
-5.978964156594934742e-01
2.061527349548404955e-02
-5.410847250910297834e-01
-3.521221505926175679e-03
4.148333011021482775e-01
1.992668546143342712e-01
8.207239164224406913e-01
5.003528733526796390e-01
-6.031690924091910322e-01
1.345098336456757027e-01
7.899458356982895779e-01
-7.564895454060914792e-01
-9.226190169668092578e-01
3.348202866252566468e-01
-4.153712951384804231e-01
2.498209622798070462e-01
-5.504487210906129635e-02
1.526385502435729236e-01
-1.205990303750719417e-01
5.436988658068462321e-01
9.867602974661372067e-03
-4.270539863341510922e-01
3.269124895704286771e-01
3.296654340505654202e-01
-2.191364895740052776e-01
2.486561189451487741e-01
-4.957141421454165919e-01
9.349973842305608906e-02
1.364471763189715678e-02
6.225085968620605037e-01
-9.408936070604312363e-01
-3.848862219920289873e-01
-6.099580029982762941e-01
-8.433951643296982992e-02
-2.594957088648319199e-01
4.161613077607730360e-01
-3.024043825453713308e-01
-1.349866428312047895e-01
-4.023000018244394238e-01
-1.828536986912208673e-01
4.227328639353531425e-01
3.891851672061177533e-03
6.080268270643705841e-02
-8.783187215149217408e-01
4.667411164591016570e-01
4.489782987127829972e-01
7.420055344507331396e-01
1.491352585279822063e-01
-8.081831831883930228e-02
8.887228450173716432e-01
5.125106884538524823e-03
-7.845054946282430386e-01
-1.608754322283377780e-01
-1.865033285457428636e-01
-6.170166250330124669e-01
-5.670138348481963408e-01
6.530843745773522446e-01
7.321314751846217384e-01
-8.661158500554459391e-04
7.588849855370961850e-02
-1.173402455622472732e-03
8.398301473780778181e-01
7.020111941534110667e-01
6.032600345576368817e-01
-2.641091344244830275e-01
-2.200446344609406080e-01
1.024951262283188003e-01
-4.790009569487466701e-01
-4.498050409347853495e-01
5.846292977166498428e-01
1.116824366508090832e-01
2.886131938311565781e-01
5.172618008259046718e-01
8.883384572615569130e-01
1.341941701674637666e-01
3.347353642484650615e-01
-1.470256025959911228e-01
-3.864184222359476895e-01
7.582110011030932517e-01
-4.194358166035303537e-01
7.908375169472846578e-01
1.080657485789484479e-01
4.193973747715080691e-01
