-2.990804868264982930e-01
-4.725221957333387013e-01
4.249064060814637389e-01
5.733948635619581236e-01
-9.692292042764878712e-02
-6.635533261697257323e-02
-7.240630722316169221e-01
-7.217518667269351429e-01
-8.611282373146169622e-01
3.759187945541179188e-01
6.777136554209450825e-01
-4.863297373807091289e-02
-3.902154590284832580e-01
-1.710809277736831113e-01
4.381959671850504945e-01
-8.793491595463420740e-01
-3.097526026905287888e-01
-2.065722233280417319e-01
3.429199505553506139e-02
-9.472611806146737923e-01
-6.160739361279075066e-01
3.511775437228022156e-02
5.949772208897080583e-01
6.102845551316637973e-01
-2.963812893597522202e-01
-3.970244632844658894e-01
-2.261394048252242106e-01
9.497202605458461289e-01
-6.445084179211827413e-01
6.387548094397119680e-01
0.000000000000000000e+00
2.945541261398385569e-01
-1.252906683670233223e-01
-4.086275076535246797e-01
-2.057930678796875967e-01
-7.777677075812854390e-01
-8.293533563845363332e-01
-4.266935567285946584e-01
-2.199011338598778204e-04
4.348248379456320367e-01
-3.666518743341409814e-02
-3.045004168892547769e-01
-4.054597944416626354e-01
-8.783213258628869147e-01
5.832446898589189743e-01
5.576465119460312370e-02
6.847034521661399253e-01
-4.340986393459718151e-01
4.691775684681648850e-01
0.000000000000000000e+00
5.876861460614306309e-02
8.225474032628924403e-01
1.812828456866738824e-01
6.711432981164621170e-01
8.190230956547401853e-01
4.171062328654303458e-02
-8.820749242002915436e-01
-1.070801521573218062e-01
-9.254203612242932753e-01
9.034676241176758937e-01
-2.224595280302295308e-01
2.638439088871082916e-01
4.543498104583183483e-01
1.512906568736284985e-01
7.522234084393791820e-01
4.460757946469298130e-01
1.641631720893820812e-01
0.000000000000000000e+00
-8.145828928690743154e-02
-4.706207426776436442e-01
-9.745735559455090957e-01
8.329307017272955527e-01
-2.756308100737903666e-01
3.692873978672216451e-01
-9.274822866886935913e-01
-1.882213608603749699e-01
4.888519193715768485e-01
1.511814797934181165e-01
-1.471886267482587773e-01
1.246602863757268059e-01
5.829915787711008601e-01
5.950399108646824142e-02
-2.788457957409048449e-01
-4.256232133923034677e-01
-1.453687482611673853e-01
5.292857120524754322e-01
5.863070057676639246e-01
-1.337243008509168274e-01
-5.142882285194150249e-01
3.876474574782335369e-01
-1.397345478272981056e-01
-3.720713876076230386e-01
-1.713350529630342511e-01
-7.858834461243916492e-01
-7.775376767801387423e-01
-1.435530438570723107e-02
1.987290995199023913e-01
2.525612504244800216e-01
6.183416120806104477e-01
4.982428715840954148e-01
-1.336032098356158522e-03
-8.583939096009467473e-01
8.200092589657033137e-01
-8.128570857191164123e-01
-5.877999216051992271e-01
-5.425425226498400422e-01
9.677295332776081338e-02
9.302067033416860919e-01
-4.890747188837731851e-01
-3.060046494139880835e-01
-6.608929519347551684e-01
-2.066983052207079230e-01
0.000000000000000000e+00
9.155317860174053135e-02
6.850510845965235296e-02
-7.045544250740942704e-03
-9.949410727138694455e-01
-6.819055626308956342e-01
-2.375142035069993107e-01
-1.412664708654391976e-01
5.146032851308224298e-01
3.824218096999082699e-03
-3.422516547666987763e-01
-4.750181063454297914e-01
5.675139858043753982e-01
-2.061870395836507691e-02
-4.085134183094184246e-02
-2.568148657520535894e-01
-4.188895337646711958e-01
7.512052612484239056e-01
-5.350106038195251434e-01
0.000000000000000000e+00
5.958607114984211250e-01
-2.588347020005178356e-01
0.000000000000000000e+00
-8.340485383462023505e-02
1.570823467725944445e-01
-5.612939886586039151e-01
-3.724902421221061299e-01
-8.963198095796598430e-04
7.498212530187008396e-01
1.374434862409950886e-01
-1.357349512010298243e-01
-1.555583385621256143e-01
5.835656563312281719e-02
-1.109911446366565052e-01
1.861102832421940856e-01
0.000000000000000000e+00
4.016964606932549309e-01
-2.569449500615168525e-01
4.525106707785440663e-01
-9.023830032209063656e-01
-3.266522139897277133e-01
1.303403093259359324e-01
6.228946678632041323e-01
-3.845624935961988733e-01
3.908404369696099612e-01
-7.739828131710103920e-02
-3.810462165712809324e-02
7.715159222511268622e-01
1.196303265327002957e-01
5.830899411572312285e-01
3.844042048805513256e-01
3.658119163008046737e-01
6.878956717525289144e-02
7.587897225862441086e-01
2.381262091977860706e-01
5.448765983034824512e-01
-6.130787291649575366e-01
-4.324448103657664300e-01
6.134939570237730733e-01
6.366038233197897078e-01
-4.611250397926981437e-01
-9.368191915316768092e-01
-7.497583583189992851e-01
2.977305489025354121e-02
-2.916958009556163689e-01
4.086727666163554318e-01
3.858192194986515000e-01
1.614808628715889982e-01
1.694120368008583122e-01
4.915311286794151746e-01
0.000000000000000000e+00
4.877927562283116414e-01
2.502221155723949320e-02
-5.100125066152796406e-03
4.179657080577185990e-01
2.013977617680804966e-01
8.226233671025751093e-01
2.738858819748956619e-01
-6.056122658360598709e-01
-2.454344074020255216e-04
7.844137808681732604e-01
-5.850248136569143886e-01
-9.181809383766927901e-01
3.347487306405709240e-01
-4.162462006224099120e-01
1.919886595391677164e-01
-6.820431831397220923e-02
2.240775254592006771e-01
-1.120811681912353974e-01
5.387678562058864085e-01
1.711017841688371177e-02
-4.203047615258836966e-01
3.740579289143751863e-03
3.291898192193184469e-01
-1.441060182376309173e-01
2.543992831108872754e-01
-4.672655355366747698e-01
9.249003484903781103e-02
1.962895016613199276e-02
2.300756053929578493e-01
-9.353435215389920288e-01
-3.730432742303512184e-01
-6.491189091502168607e-01
0.000000000000000000e+00
-3.144041800165107703e-01
0.000000000000000000e+00
-7.218944999607385116e-02
-9.035458292577944195e-02
-6.561547037308160246e-02
-1.856887715791140092e-01
4.219151292019467925e-01
2.875466665529276614e-02
5.991697380345519797e-01
-7.396399375194427916e-01
3.365817409460155063e-01
4.613782400359833780e-01
7.019732595360271832e-01
1.926030298261997287e-01
1.015358509316462154e-01
8.883993028999318531e-01
-2.202720590824708280e-01
-7.851431912283909353e-01
-2.152412437713696614e-01
0.000000000000000000e+00
-1.198154453178880419e-01
-4.764895724282677825e-01
0.000000000000000000e+00
6.889178887417310992e-01
-1.347502411736936688e-04
0.000000000000000000e+00
-8.950440767636465506e-04
8.400725959388911646e-01
6.991910181508902422e-01
6.478015355079795867e-01
-6.242252432264503437e-01
-2.334948930191858008e-01
3.008719873671738751e-02
-2.667709651468209153e-01
-4.514156666821671493e-01
5.844784304914620865e-01
0.000000000000000000e+00
4.056982955690860426e-01
6.000122771155624868e-01
8.885791381285965684e-01
1.290181580249092352e-01
3.569165254369324192e-01
-4.657745194514067294e-02
-4.433120606424412746e-01
3.740714620842526261e-01
-4.661463270929502301e-01
8.052514855214281120e-01
1.201158818572941878e-01
5.419936761333089548e-01
