-5.405316853336779026e-01
-4.875395040231918498e-01
3.928411841491145640e-01
5.600178626376992597e-01
-1.099857490320002157e-01
-3.632087753548754461e-01
-7.261198856979069749e-01
-7.178829412628545681e-01
-8.587420283876088245e-01
2.181254566552711383e-01
5.917029645155273965e-01
-3.356947677672431629e-01
-3.765540201780794294e-01
-1.672140778054378996e-01
5.419635249987326819e-01
-8.419642956406536705e-01
-3.606957927405615161e-01
-3.957272829520950275e-01
7.209954022134978935e-03
-9.388653207875559126e-01
-6.746481793251253301e-01
-1.588748066452913554e-02
4.962890682266404285e-01
6.102960925572050721e-01
-2.876589708463798134e-01
0.000000000000000000e+00
-1.883746976051787203e-01
9.216038374350301599e-01
-6.603173190665745373e-01
6.387640334958455401e-01
7.845025547945614353e-01
2.592528340353079108e-01
-1.185429221390400523e-01
-6.178375719882274186e-01
-6.030602981862751566e-01
-8.273811450759545050e-01
-8.829613228746020503e-01
2.650806420296386579e-01
1.448468173237345280e-02
5.975425486695549182e-01
-3.672938546903971313e-02
-2.742266153009292884e-01
-1.112646478963826846e-01
-8.645421256797224396e-01
5.668690998257014391e-01
6.954082628738653127e-02
6.561438598950628531e-01
-4.883283462579010026e-01
5.138111160292260227e-01
1.874127303394024779e-01
8.879245030546389916e-02
0.000000000000000000e+00
1.825542576913771753e-01
6.477215363900545864e-01
7.511087884454598074e-01
1.274358696412554101e-02
-7.829071202740747193e-01
-8.093650134755432657e-02
-9.189283302142678966e-01
7.544779176271962928e-01
-2.132886592887959787e-01
-3.882124267483559876e-01
6.030886711104892495e-01
1.557040946784128965e-01
6.219065499668454677e-01
4.548790495680368196e-01
6.037353067722064370e-01
-7.604661693724166227e-01
-8.368374626789239212e-02
-4.823839418260223444e-01
-9.788793268312719897e-01
2.675674662433544237e-01
-3.777815574259894560e-01
3.924727548852950942e-01
-9.211195200042403552e-01
0.000000000000000000e+00
6.033923945394169541e-01
4.120204663806026901e-01
-1.483449702810562543e-01
1.395466624527693100e-01
5.832521165954178688e-01
7.425583553541870163e-02
-6.800199552641962297e-01
-4.278947608607175379e-01
-2.113983299475739597e-01
8.212921257844374434e-01
5.632462106547336811e-01
-3.921362068155349045e-01
-5.362239723007983239e-01
4.638865730106664920e-01
-1.884230003061120318e-01
-1.141319935179182649e-01
-3.125451604085124346e-01
-7.605126343911148279e-01
-3.862230655471460827e-01
1.867464985567363900e-01
3.111272778661391958e-01
3.131507179798239116e-01
6.019504271664006811e-01
4.987435465339505325e-01
-8.209747996702539824e-04
-4.832298739345379235e-01
8.125669126681858145e-01
-7.945594143746488314e-01
-5.187021843994834569e-01
-5.171258578372267545e-01
1.080363048105858759e-01
9.379226184208180328e-01
-6.118696350246924931e-01
-7.040010023186838994e-01
-6.719288957093157988e-01
-3.706438660589511658e-01
1.644739557919915884e-01
5.112590843502379245e-01
2.366616989200261423e-01
-4.337673953422105377e-02
-9.957042699028804122e-01
-6.809870537395369405e-01
-2.136745237617485860e-01
1.430152855348432728e-01
4.985398556849623963e-01
-5.970837717018714907e-03
-3.438480866971622973e-02
-4.835229625319875102e-01
4.912429068221202400e-02
0.000000000000000000e+00
-2.204621343519523602e-01
-2.207065393620427640e-01
-3.922716078842898302e-01
5.874582638179665084e-01
-4.233693080208052462e-01
9.926741251831634749e-02
7.347818991675023614e-01
-2.674820905675135418e-01
0.000000000000000000e+00
-8.343425249513722330e-02
3.039798975691750393e-01
-5.401428811792758911e-01
-4.949943976191453210e-01
8.289976985068608917e-02
8.191135662815101082e-01
3.108252277695796595e-01
5.414230441379269676e-02
-5.221287431403080076e-02
6.232138137753500534e-02
-1.340176439331329239e-01
-1.869412276360191694e-01
1.348372720578731032e-01
4.292470705772958306e-01
-2.552260218047964768e-01
3.975816010894855923e-01
-9.134736311995064195e-01
-3.390908825512330971e-01
1.509714699624297440e-01
5.670074670603583167e-01
-5.430332217942749340e-01
3.484070038080088749e-01
-1.486324948115563815e-01
-3.838005568023312303e-02
7.721276524896903970e-01
9.755713907774940519e-02
6.818651543741891530e-01
4.151038572309852515e-01
3.602714948410205564e-01
0.000000000000000000e+00
7.552579363527288647e-01
1.676578777875349369e-01
5.120780313879017553e-01
-6.165625045438896112e-01
-3.740836021761838603e-01
7.717280450472123743e-01
6.430862335444368361e-01
-4.196619928794184107e-01
-9.339469381879974552e-01
-7.450708813693802668e-01
1.413418088481915857e-03
-1.692671456941964858e-01
3.261574078056818093e-01
3.698484002180325581e-01
1.442905929600215575e-01
2.505494820816622781e-02
3.274390027024448591e-01
-5.805229986913993390e-01
4.454159767679971571e-01
-4.106737919162943840e-01
-1.005711717855667375e-02
3.762435942113719345e-01
2.112925717640938839e-01
8.111837151606885454e-01
6.271324839762711933e-01
-6.133779513909445313e-01
8.405792173160689940e-01
6.007393451967770748e-01
-5.225257608341405957e-01
-9.460032814872381124e-01
3.351641882650129300e-01
-4.162869630739535198e-01
2.241949924078180945e-01
6.200383698240681529e-02
2.240420035597459614e-01
-1.038524031818346266e-01
6.363679231392735947e-01
1.587237290950284721e-02
-3.872175766308194045e-01
-1.494492094407923188e-01
3.252673793761595156e-01
-4.766719633887491203e-01
1.781089183260023412e-01
-4.639853113657847472e-01
8.728942205421197365e-02
0.000000000000000000e+00
7.307070196135094786e-01
-9.314241008935002508e-01
-1.496521747862584184e-01
-6.465660234630350445e-01
-8.474311526422198537e-02
-3.549246359106477677e-01
6.049071789226806439e-02
-3.542429830074352859e-01
-9.852302953260767826e-02
-3.357925706858990167e-01
-1.781026912238627136e-01
3.991046632947310990e-01
-4.779470411303953226e-01
7.239423661189877679e-01
-7.024355091328546852e-01
2.613172459254805013e-01
4.159929691868584634e-01
6.138038574345101583e-01
0.000000000000000000e+00
-6.133929357546488159e-01
8.877189690245235187e-01
-3.847998295962540838e-01
-7.824206454450565174e-01
-6.372424286526373605e-01
0.000000000000000000e+00
-2.841039826712076222e-01
-5.260418810918515709e-01
8.734445035838219740e-01
7.655723423618500112e-01
0.000000000000000000e+00
0.000000000000000000e+00
0.000000000000000000e+00
8.385002308717260933e-01
6.958285420994821946e-01
5.796182422731185335e-01
-6.717160232581819157e-01
-2.852836308574459578e-01
-1.300954998846144961e-01
-2.056700976811050574e-01
-4.712842432731525477e-01
5.842009693756667899e-01
4.479966506211480182e-02
7.061282158695016964e-01
6.001830633746574328e-01
8.879010082595750752e-01
1.215730302556116971e-01
3.061953361923025474e-01
-1.598230794330434690e-01
-4.569517406413934890e-01
8.635418220870504369e-01
-4.884322037764000646e-01
7.684300757753210753e-01
0.000000000000000000e+00
5.512951157718856132e-01
