-2.192825916380980733e-01
-4.717425342033114144e-01
4.274713252094858307e-01
5.830396467421643525e-01
-9.688148247778913258e-02
-2.347600167344527089e-01
-7.239274737222454181e-01
-7.217405064182765839e-01
-8.665235377892221980e-01
3.778270327485814262e-01
6.794577961504502106e-01
-6.004977699040735251e-02
-3.902075402201160004e-01
-1.751724548188137998e-01
4.361101954261050739e-01
-8.825797216111744836e-01
-3.098610834920371704e-01
-2.025833968802617235e-01
3.448484055063922443e-02
-9.519014226176389926e-01
-6.187681052011984040e-01
3.702668241474055960e-02
5.810031099386446796e-01
6.102845572258296380e-01
-2.963279361924601174e-01
-4.074402994908522535e-01
-2.267184728416729300e-01
9.493778988291191601e-01
-6.442620721894580793e-01
1.891155044813550845e-01
1.231916054155204020e-02
3.056416634481152750e-01
-1.252906771203810832e-01
-5.266178532241069243e-01
-1.614708720314809443e-01
-3.548102663104556465e-01
-8.282627180196822092e-01
-4.225346399785426255e-01
-1.619430047126343888e-03
4.356309067702103244e-01
-3.663059734587370553e-02
-3.288526720068891684e-01
-4.056366249441983873e-01
-8.783032378250866801e-01
5.832843212101554986e-01
4.131682553760177012e-02
6.847040442862803999e-01
-4.333859077218547018e-01
4.354415379318506973e-01
-2.342737375494437745e-03
5.822944281924163912e-02
8.959573389520882891e-01
1.812598508745530135e-01
6.710633280760025521e-01
8.207476946702041420e-01
4.351134085469541418e-02
-8.829606225919304219e-01
-1.140795449209154322e-01
-8.231596747861895658e-01
9.036370201306329619e-01
-2.224309591766616134e-01
2.934451017837981235e-01
4.562221034602715330e-01
1.512877206341297631e-01
7.424211421512663112e-01
4.457789619671166381e-01
1.922599302980154967e-01
-3.504261706698404057e-03
-7.925222765768967503e-02
-4.706893933450130851e-01
-9.736981800907464901e-01
8.466001119422843502e-01
-2.755849531881511827e-01
3.666310157106116296e-01
-9.274354482682291012e-01
-2.210193750410066604e-01
4.771775574478502868e-01
1.013793292837831400e-01
-1.471730215047784840e-01
1.133263427899930120e-01
5.829761487505962236e-01
5.606346341163728070e-02
-2.893413683785428514e-01
-4.256170795049047939e-01
-1.453667053279423804e-01
5.177477108197408029e-01
5.914479837336839019e-01
-1.336820050575268370e-01
-5.139867812809195691e-01
3.876530333827829522e-01
-1.397301224622996829e-01
-3.720319124154231050e-01
-1.643234178960847058e-01
-7.859403408729648266e-01
-7.980887885242051727e-01
1.609362235993965287e-02
1.987290950121966548e-01
2.298571833577189860e-01
6.183017207049029684e-01
4.982202087463456497e-01
-1.396826379710289136e-03
-8.648160508729407780e-01
8.202593764843419955e-01
-8.125528843875884366e-01
-5.862375675977088418e-01
-5.429738941187116641e-01
9.337122239510625699e-02
9.297522481268669647e-01
-4.679797872721034313e-01
-3.298655433147824612e-01
-6.597304086606410323e-01
-1.265376371441616632e-01
7.179411357996596035e-03
1.927050071995865255e-01
5.398131739660676914e-02
-3.762405083902866341e-03
-9.946327762248815541e-01
-6.820262423585432554e-01
-2.435622083863658860e-01
-8.017543091742797279e-02
5.154665361388317546e-01
7.264483489823207567e-03
-3.400197893571561547e-01
-4.857655537120701972e-01
5.735632752447024085e-01
-2.228097162308857043e-02
-1.205429851857541153e-02
-2.572143581334573881e-01
-4.188879307943115804e-01
7.606866988300926558e-01
-5.356549876344190997e-01
2.285263781527067939e-02
5.952371398288576199e-01
-2.585481748263122603e-01
4.812908763441278476e-04
-8.340474075803448739e-02
2.117055867722695273e-01
-5.622103798732611679e-01
-4.250886399304142915e-01
-1.234256359815515298e-02
7.380201969091775283e-01
1.149163682402692260e-01
-1.624643095041227725e-01
-1.547264152544610138e-01
5.847466967335726573e-02
-7.489174139656039342e-02
1.903941336173707310e-01
-1.587097339460742705e-03
3.952030221527394471e-01
-2.569449751895520606e-01
4.526981011958404189e-01
-9.021370180799642702e-01
-3.266877466939955843e-01
1.303335260844883658e-01
6.319545798694548022e-01
-3.542378963278007276e-01
3.908505925008634585e-01
-3.514619967920803306e-02
-3.810126502716661145e-02
7.715126784665183868e-01
1.262564830440410513e-01
5.833728834354307002e-01
3.841265655884432695e-01
3.680707054664094091e-01
6.892672345866350525e-02
7.616523014919881485e-01
2.382145329672392120e-01
5.453625979587319872e-01
-6.131088620222743257e-01
-4.339739867791579386e-01
6.379389880786372480e-01
6.366217545606502881e-01
-4.607815089068958425e-01
-9.368726046090938286e-01
-7.498439097795032149e-01
3.026281034298704611e-02
-2.910147740039235043e-01
4.090354180416496677e-01
3.858415472273954983e-01
1.630921500375397404e-01
2.249411754445313494e-01
4.915571768130977404e-01
-1.206390139805236655e-01
4.917707463401063128e-01
2.497913090944539616e-02
-2.723956340576905687e-03
4.208568490332793566e-01
2.009240073128781834e-01
8.226200026842513946e-01
3.196882881153136902e-01
-6.056108884539396220e-01
-2.276955401048714523e-04
7.839072109532556620e-01
-6.027768092402644440e-01
-9.183501814270055297e-01
3.347488206114229148e-01
-4.161582572670136093e-01
1.896103456152521405e-01
-6.852177207503248879e-02
2.242136486057142997e-01
-1.138189379670786205e-01
5.309117027225027652e-01
1.715736726342854609e-02
-4.217655688185552032e-01
3.810147265454945625e-03
3.294138608354768016e-01
-1.366829145477339302e-01
2.543935186493876399e-01
-4.740999689722074084e-01
9.292697575307637403e-02
2.126058286926304011e-02
2.919413206550037221e-01
-9.356080027524051879e-01
-3.727797388239972864e-02
-6.491684453078806483e-01
-6.448889692353151990e-04
-3.147966646972494842e-01
1.049930956255125091e-05
-7.188174181220144399e-02
-1.168707965421982159e-01
-6.780349667701666971e-02
-1.857622161390473647e-01
4.219012907949494795e-01
1.582398894368016173e-01
5.994848127706250418e-01
-7.616541727210448531e-01
3.365632964692769624e-01
4.613823126805621233e-01
7.048572011225328060e-01
1.606594712853146589e-01
1.296661032159649452e-01
8.883993026305903040e-01
-2.226371481288364207e-01
-7.850507537227938704e-01
-2.216846513172411881e-01
-2.503607327369898605e-02
-2.995677608695548333e-01
-4.764478519548087654e-01
5.603349269783731990e-02
6.889375512081529207e-01
-1.537280342683998609e-04
1.236237019270572737e-02
-5.577730113057618967e-04
8.400726231839716895e-01
7.006310484966699059e-01
6.477981767187439566e-01
-5.905285441768378663e-01
-2.329137434206592083e-01
4.257122311902499651e-02
-2.664131626702691547e-01
-4.506635292511985691e-01
5.844830211208867921e-01
9.741528329089779725e-02
2.550709710323788015e-01
6.000116409180334953e-01
8.886858394184287135e-01
1.329546138314291193e-01
3.584983425516732325e-01
-3.978210463067148595e-02
-4.435708820205462311e-01
3.827085702832705438e-01
-4.653040047033680238e-01
8.053971141476909956e-01
1.223522041266549981e-01
5.420086097459454466e-01
