-8.700421801788023324e-02
-4.710728276011326709e-01
4.334931754803338921e-01
5.866364074505621140e-01
-9.688111142829203271e-02
-2.277532288508246905e-01
-7.235995265406767185e-01
-7.217398361910034588e-01
-9.094026947938536054e-01
3.807234937007265563e-01
6.826886865740967592e-01
-7.231039580266050704e-02
-3.901955322355337152e-01
-1.754419439941324044e-01
4.360073014608577546e-01
-8.824272087949724952e-01
-3.104022834712609757e-01
-1.734920469335073656e-01
4.100361252697469483e-02
-9.520801225062924811e-01
-6.189478637055634280e-01
4.541157284649172121e-02
0.000000000000000000e+00
6.102845577195039617e-01
-2.962910200759109602e-01
-4.253414024505233759e-01
-2.268044280188442063e-01
9.493438132235526572e-01
-6.439671119530786525e-01
0.000000000000000000e+00
1.353141100619763108e-02
3.051582618191738261e-01
-1.252910166184424134e-01
-5.361773751471796690e-01
-1.581112604235478392e-01
0.000000000000000000e+00
-8.277484160995574047e-01
-4.215424157961108476e-01
-3.075541727064436213e-03
4.358063477218988568e-01
-3.654255075510650513e-02
-3.303506052698372275e-01
-4.056589498088211121e-01
-8.781043221674813548e-01
5.833008700449268114e-01
2.825698302020457353e-02
6.847045660502995013e-01
-4.329052917185935434e-01
4.078705156340108884e-01
-6.307618418856464348e-03
5.777662929018366478e-02
8.949026941701947457e-01
1.812381829866843708e-01
6.709789514163209123e-01
8.210299335297549517e-01
4.555264171092017478e-02
-8.837188703346147145e-01
-1.169736787521686305e-01
-8.103640514473280376e-01
9.036788224106946377e-01
-2.223800809979048776e-01
3.089182087373875119e-01
5.109411038905703473e-01
1.512829639736748555e-01
6.169363821864741748e-01
4.456800415645268965e-01
2.067021989571835028e-01
-4.975854000956148396e-03
-7.901564152264456409e-02
-4.644441929096055910e-01
-9.728878702183997307e-01
8.465965533918967667e-01
-2.755543835186066159e-01
3.491191746511616012e-01
-9.274186442408717257e-01
-2.211804168202929355e-01
3.008559709631155599e-01
4.827363757836128366e-02
-1.471585915422562452e-01
1.117212328814705807e-01
5.828899863520606850e-01
5.588947666902968625e-02
-3.230286897595448514e-01
-4.255749058647077532e-01
-1.453667748807865034e-01
5.167227751588142626e-01
5.944241384151248697e-01
-1.336017182516539281e-01
-5.138239400058217665e-01
3.876536806972685212e-01
-1.400354411991321379e-01
-3.720315569233851316e-01
-1.633060583127995957e-01
-7.862138507687741473e-01
-7.987524222427409004e-01
1.173979642252069855e-01
1.987292531912635551e-01
2.291959421265203911e-01
6.182911224624320079e-01
4.981856706457978845e-01
-1.398341446125145934e-03
-8.668523180233166370e-01
8.206263705567760081e-01
-8.112484178510290800e-01
-5.859480011558304557e-01
-5.450890270206276700e-01
9.031700691581197316e-02
9.295500052053666806e-01
-4.663181645900521533e-01
-5.659102709137239229e-01
-6.587757100089490780e-01
-1.105151602426090035e-01
1.563922547234095073e-02
2.359192850065326141e-01
3.161858443101814992e-02
-3.433722881339612999e-03
-9.943417606243732942e-01
-6.821833136645273354e-01
-2.433013779018294021e-01
0.000000000000000000e+00
5.154497822753849601e-01
8.016445921237343869e-03
-3.392404633516040158e-01
-4.978985446898764877e-01
5.801786795901862082e-01
-2.231874612613208436e-02
0.000000000000000000e+00
-2.814201156526402459e-01
-4.188613177261600873e-01
7.608871356809864261e-01
-5.357778482339485837e-01
5.483532303517005269e-02
5.934641318469686677e-01
-2.585314059185074287e-01
4.701579306156679003e-03
-8.340470636491907619e-02
2.316853830557690230e-01
-5.629244477544170788e-01
-4.635079988852336408e-01
-1.223981471186891788e-02
7.221734316102165208e-01
7.955336888462247180e-02
-4.233733764852646297e-01
-1.547391751901362467e-01
5.848575972772748766e-02
3.342290323770158444e-02
1.969658945339106682e-01
-5.416512952802349234e-03
3.951417909080122137e-01
-2.569452249994079174e-01
4.527658125533690070e-01
-8.812219977970453533e-01
-3.267375555858917369e-01
1.303170403652723630e-01
6.406089230134401902e-01
-3.530093135608399768e-01
3.908520922872188441e-01
-8.316948772371476895e-03
-3.810014399997337792e-02
7.715010095883607644e-01
1.447384591700173195e-01
5.835730664479116259e-01
3.840842342903908468e-01
3.844067165131775377e-01
6.901465012578186786e-02
7.784145849146733021e-01
2.383525031122895044e-01
5.455072982957034355e-01
-6.131225580744670278e-01
-4.344076923057061945e-01
6.497419893727929274e-01
6.366236586459357305e-01
-4.603953855865445255e-01
-9.371904586030167517e-01
-7.503278853708521545e-01
3.308616003663138183e-02
-2.908984121332382489e-01
4.091448150130659878e-01
3.861449772701380789e-01
1.642084576854242473e-01
2.870440536899112605e-01
4.915607765957919484e-01
-1.682573899226529890e-01
5.079190821154242474e-01
2.491019432844928522e-02
-1.998197458659290403e-03
4.281407946040184376e-01
2.002197689320101559e-01
8.235875235639269487e-01
3.566526609766635936e-01
-6.056026019705983421e-01
0.000000000000000000e+00
7.838605935555267301e-01
-6.944210997705874133e-01
-9.183678729317874545e-01
3.347488409995709735e-01
-4.159905807453730953e-01
1.893395763219282990e-01
-7.160323874240717701e-02
2.249940695047767669e-01
-1.137914763551893110e-01
5.199362334389051599e-01
1.715641915775581103e-02
-4.219608511200712009e-01
7.307569939851582541e-02
3.300217933122369107e-01
-1.364934533391312932e-01
2.543746447399254929e-01
-4.777732745416424232e-01
9.300357895134789277e-02
2.297232346279848986e-02
3.132269684816588740e-01
-9.378863833507160574e-01
0.000000000000000000e+00
-6.491822819822707924e-01
-1.096857312000280556e-03
-3.148984660520814938e-01
1.209713155195400513e-04
0.000000000000000000e+00
-1.217272694874625277e-01
-6.881221576152440900e-02
-1.859098729102134084e-01
4.218989250344281627e-01
2.843633588613276308e-01
6.032239936708501116e-01
-7.861707761846897791e-01
3.365233905703123862e-01
4.613852900042621497e-01
7.325606977718204238e-01
6.805293510858675954e-02
1.475749275362387980e-01
8.883993025451913939e-01
-2.229426104745612369e-01
-7.849777115325402566e-01
-3.021961202275441627e-01
-2.622311100525479347e-02
-3.764757619902721619e-01
-4.763997746988098414e-01
8.443779181541577472e-02
6.889551120542340978e-01
-4.335456789767425296e-04
1.203806209984191987e-02
0.000000000000000000e+00
8.400726345026544584e-01
7.039582273199878060e-01
6.477968391322195263e-01
-4.461196076216706885e-01
-2.323029683113324029e-01
4.909830261382882449e-02
-2.663879983543410712e-01
-4.504251792617923744e-01
5.845081961471187970e-01
1.340259712715307638e-01
0.000000000000000000e+00
6.000112146958925807e-01
8.887325677569382076e-01
1.334596257793929652e-01
3.738460548402226524e-01
-3.982584642500025529e-02
-4.440074772570091755e-01
3.906603158476009696e-01
-4.647012327730263848e-01
8.065861128627460630e-01
1.261550849399749596e-01
5.280638105394674930e-01
