2.646919612067873129e-03
-4.267573833280406959e-01
4.532451792363537124e-01
6.171568568978915703e-01
-9.465411944469251382e-02
-3.364148765536939534e-01
-7.224684249874079311e-01
-7.226610556101727978e-01
-9.253113724654589145e-01
4.344177251868752698e-01
6.859074465887834426e-01
-3.283437658571072837e-01
-3.901589725355610327e-01
-1.800963333250402698e-01
4.361587780424004412e-01
-9.252958450814142699e-01
-2.481023766036235534e-01
-1.598660025518177097e-01
1.255756968847610566e-01
-9.782721882715460504e-01
-6.654236351562203833e-01
6.452154915235681909e-02
6.406418601464807239e-01
6.102845745241234354e-01
-3.030069974185340409e-01
-5.536926209015626821e-01
-2.385196698535692050e-01
9.492940934400835307e-01
-6.387249573438239514e-01
6.387233300581769413e-01
8.537604614834909400e-01
3.725730431475321458e-01
-1.252684745631930663e-01
-6.122173803305683837e-01
-5.433550749697063642e-02
-7.660753322124069786e-01
-8.261375953111711468e-01
-4.018330984095268010e-01
-3.608060196686400239e-02
4.757410073052941168e-01
-3.626447054367191308e-02
-3.380189314161988756e-01
-4.655336338393109008e-01
-8.746309442728672501e-01
5.834778854734632425e-01
1.809002377772440245e-02
6.849782339113024143e-01
-4.324218735919613810e-01
3.133621221016933411e-01
-3.875990819416551270e-02
4.635434050694461211e-02
9.400878552533834531e-01
1.810042105768749077e-01
6.665685326505531583e-01
9.279918739121827409e-01
5.413941193505234645e-02
-8.971326506568380044e-01
-1.202136802546365513e-01
-7.156241734579640301e-01
9.049299878591228197e-01
-2.280346111551278809e-01
5.480686424098037968e-01
5.455579273436856891e-01
1.512599179174430875e-01
5.068072230671164524e-01
4.446091497089041389e-01
6.000575244669134056e-01
-7.390660272531702768e-01
-7.291827573091487491e-02
-4.461313886580214882e-01
-9.715967863026691020e-01
9.017331369454711920e-01
-2.705217711524647295e-01
3.194059657660594520e-01
-9.273262347965665064e-01
-2.215451654690953343e-01
-9.605453236157857067e-03
1.130775888080063143e-02
-1.450339170507488062e-01
3.898865618476646255e-02
5.826872576896264810e-01
3.923506034787974106e-02
-3.916738047155511326e-01
-4.106355983352359962e-01
-1.471996565844899407e-01
4.694321328964470852e-01
2.824199141297811799e-02
-3.938937409143872248e-02
-4.884990951622090738e-01
3.876607048454661086e-01
-1.403826150508452608e-01
-3.665820811709091798e-01
1.577712193654330413e-03
-7.878513628277925562e-01
-8.070799115440887572e-01
3.178790707837073626e-01
1.987077388059206862e-01
1.479388546597230347e-01
6.644095854647801280e-01
4.981506578631773041e-01
-1.539840465013457647e-03
-9.240068937086189926e-01
8.232082403192191311e-01
-8.075398687814376864e-01
-5.444697644868069508e-01
-5.975435139060278900e-01
7.307973402575046462e-02
9.282156131946142086e-01
-4.115854905606928793e-01
-7.380328026205866809e-01
-6.474668144666325675e-01
-8.288692606713429778e-03
1.799873804217483331e-01
5.970143038099944288e-01
2.069802071448249500e-02
4.632058527775587825e-02
-9.942062530042848900e-01
-6.837237546239546271e-01
-2.643714589629869716e-01
-1.375241780443388906e-01
5.209678890025114528e-01
9.390658960828274227e-03
-3.168760973645671220e-01
-6.570465682707217203e-01
6.319285534951897265e-01
-4.758766604909114850e-02
1.992571428427195590e-01
-2.985661715856028908e-01
-4.186684951405436617e-01
7.647475760700580549e-01
-5.445124802907268524e-01
9.229631778743796477e-02
3.511600099215652637e-01
-2.567891117564472525e-01
2.536799262423839602e-02
-8.340392771861783461e-02
3.003072315168612283e-01
-5.634320499840692609e-01
-5.519802357915475355e-01
-1.096538184672713745e-01
6.641337305975671956e-01
-1.629092834299825359e-03
-6.604857346356111103e-01
-1.752278033648801137e-01
6.017331019216558274e-02
2.231849537315385434e-01
2.042855992971640555e-01
3.738710598584888412e-01
3.859643616405238897e-01
-2.571011255430206699e-01
4.536183971489703426e-01
-8.774781823281609938e-01
-3.269317890089722956e-01
1.281367099004716292e-01
6.463944170428337355e-01
-2.809644021717672135e-01
3.892110407156030849e-01
-2.467324791105153948e-03
-3.793104207314635518e-02
7.714896037916874061e-01
1.558599751186446336e-01
7.130619089716599968e-01
3.831486594417811142e-01
4.164705266081977775e-01
8.140055937731868752e-02
7.823022891436305359e-01
2.458043816937819370e-01
5.564360212544835482e-01
-6.131645645866394823e-01
-4.534668863956713425e-01
-1.237915624092409406e-01
6.367530260518542429e-01
-4.582406605182275383e-01
-9.416436134804482272e-01
-7.545334743072713568e-01
4.043238149105891216e-02
-3.940888288879663692e-01
4.175180347289496052e-01
3.894975221249727948e-01
1.653730647486029715e-01
3.160303406801402426e-01
4.917391427869396980e-01
-6.732029880703616076e-01
5.247920591441983529e-01
-6.196839134806272353e-01
-5.017757011043029632e-04
4.448573054110138147e-01
1.990046499367255639e-01
8.407711159237299947e-01
6.405360624777124423e-01
-6.051115522110293021e-01
-2.689363967936963043e-02
8.568199258814588326e-01
-8.042360287336129954e-01
-9.199388776259761480e-01
3.347035725304791653e-01
-4.156482732406323599e-01
1.627057058523210253e-01
-8.821115847784531672e-02
2.265273500531796713e-01
-1.141823418602370133e-01
4.925225606381322674e-01
1.737417052409937629e-02
-4.265344353204173489e-01
3.865028876235825916e-01
3.303589061052381592e-01
-1.322170475678254575e-01
2.556167610132009105e-01
-4.892424517981860954e-01
9.332098755876928886e-02
5.691384155468882933e-02
5.775093288795654090e-01
-9.441362550901957196e-01
-4.317677066168847388e-01
-6.496356297647285505e-01
-4.326381896870925420e-03
-2.653234836268109631e-01
4.084704475183321692e-01
-7.273846995669928928e-02
-1.404600121797556223e-01
-3.926866397469339076e-01
-1.913425604931525137e-01
4.200165934298523696e-01
3.462204819034204739e-01
6.402471209437256006e-01
-9.503102049156652020e-01
4.630383772810128251e-01
4.608945630920024406e-01
8.413633332163730216e-01
6.150986953610529384e-02
3.798009473338281317e-01
8.883985692501903397e-01
-1.364252775936626028e-01
-7.906094090350884729e-01
-4.082230539306173078e-01
-9.222198188047589507e-02
-5.543501032617097479e-01
-5.777230551600287534e-01
3.685725868668642269e-01
6.891102580334418359e-01
-2.152165689297435690e-03
4.055757713822105009e-02
-1.331684712399367225e-03
8.400729157029576122e-01
7.073055450715489689e-01
6.477920134912574790e-01
-1.072749901936601302e-01
-2.266726599642641116e-01
4.975317313908274308e-02
-5.173586521056696697e-01
-4.469592419103062819e-01
5.845267306533861174e-01
1.451814652360770286e-01
3.898386641149850229e-01
5.999406966929861085e-01
8.888269587097954449e-01
1.392129260048937944e-01
3.870117828003681870e-01
-7.340053077657866278e-03
-4.079374747777798627e-01
4.265338277469101214e-01
-4.446682851946294202e-01
8.256193602042054547e-01
1.427253564642841366e-01
3.356898138248632923e-01
