-2.107280003387795309e-01
-4.711336883454688707e-01
4.307564118770860206e-01
5.857621064295787106e-01
-9.688163793741567942e-02
-2.251425557170524672e-01
-7.237697550471211549e-01
-7.217403980879710801e-01
-9.002176407896352872e-01
3.784825747220215697e-01
6.804815235416298291e-01
-7.243210454293681766e-02
-3.902053857558334116e-01
-1.751833616893337386e-01
4.364104076724540926e-01
-8.815323484184991454e-01
-3.100750558713699645e-01
-1.849377176377829946e-01
3.701284074994744266e-02
-9.519720123311987692e-01
-6.187706726570132432e-01
4.082381509264113723e-02
1.961808469003185895e-01
6.102845570477533066e-01
-2.963247470819780349e-01
-4.113505640960549714e-01
-2.267287893117466147e-01
9.493961411324600697e-01
-6.442074271286312159e-01
1.801737292318438821e-01
1.224101655970879880e-02
3.038747510784459704e-01
-1.252906879075895985e-01
-5.265055879233665470e-01
-1.638244572379533859e-01
-1.132364772945797377e-01
-8.283396624166811106e-01
-4.223665698717049555e-01
-2.539867619085169319e-03
4.351405633921032745e-01
-3.666069817164704231e-02
-3.260658544646731771e-01
-4.056175483923861735e-01
-8.782097896241325419e-01
5.832844377784403012e-01
3.890688793607423313e-02
6.847042764708921592e-01
-4.329602078497026274e-01
4.247266140658845224e-01
-5.608771311719423086e-03
5.816361052125680609e-02
8.218497201186969470e-01
1.812466224334640663e-01
6.710115976395620851e-01
8.208160270437196981e-01
4.324595786433391154e-02
-8.827821739292134318e-01
-1.163701601542329878e-01
-8.159029979701046820e-01
9.036558810354701210e-01
-2.224067901360795296e-01
2.961074407823355292e-01
4.822125189388331012e-01
1.512832620780749926e-01
7.218137173559251440e-01
4.457270736065477301e-01
1.783522646668802281e-01
-2.853136218257945177e-03
-7.939990647027764248e-02
-4.681608193034326737e-01
-9.732908571868457148e-01
8.439385283590388198e-01
-2.755608597539535576e-01
3.606539481145656367e-01
-9.274206612189779264e-01
-2.092970115108639673e-01
4.528403863336745161e-01
7.020982119101192021e-02
-1.471679946976433284e-01
1.131091288051761373e-01
5.829387412012232428e-01
5.607029406589511544e-02
-2.902268567400348442e-01
-4.255914355969926399e-01
-1.453667703039431269e-01
5.169521786839492705e-01
5.930628962525034131e-01
-1.336847391726300183e-01
-5.139562474251249125e-01
3.876531468356850252e-01
-1.399418270841605583e-01
-3.720320340783329072e-01
-1.638917946364549794e-01
-7.859572163582986271e-01
-7.971623791379117696e-01
5.855495578597685880e-02
1.987291418950376531e-01
2.293822022952748674e-01
6.182999777872373315e-01
4.981998568179260567e-01
-1.396045721426063474e-03
-8.650097936593669212e-01
8.203642463535089080e-01
-8.117667735705333953e-01
-5.862352543117860249e-01
-5.442343423603521746e-01
9.095762637361946845e-02
9.297130498104118068e-01
-4.743187541189569090e-01
-4.438827172329692372e-01
-6.593815269287637282e-01
-1.234651207191629074e-01
7.542940675211341414e-03
2.260657044032580998e-01
4.889929143453101978e-02
-3.745070271623843726e-03
-9.945799869333296073e-01
-6.820298510689253302e-01
-2.434358335753156188e-01
-3.342195295088142698e-02
5.154138725638444107e-01
7.322541797951549573e-03
-3.399177105876050042e-01
-4.931036646930109235e-01
5.729110083824491273e-01
-2.223784816877566461e-02
-1.027348780949348395e-02
-2.784391449398100349e-01
-4.188736657877983327e-01
7.397092617512562862e-01
-5.433580141691317644e-01
3.719449826325701286e-02
5.948595579983015913e-01
-2.585437099005570838e-01
4.350304988884625378e-04
-8.340471309468938665e-02
2.121629795244359129e-01
-5.621839293742624255e-01
-4.237815016067827401e-01
-1.168294661300092220e-02
7.380672614053189751e-01
9.702938914902727030e-02
-2.781637551955630228e-01
-1.547558080983646445e-01
5.847553910804717536e-02
1.691105116692355470e-03
1.959982368101597927e-01
-3.244486196281784647e-03
3.968860770596437382e-01
-2.569450843635783244e-01
4.527519485421716561e-01
-8.967731427297048752e-01
-3.267293695194036784e-01
1.303311364863722899e-01
6.369161470073099185e-01
-3.535195669985202738e-01
3.908507711357276371e-01
-3.504696227147691828e-02
-3.810191932475472110e-02
7.715024490336201968e-01
1.349948744086854613e-01
5.834213248645283567e-01
3.841238820820855326e-01
3.798335279964965561e-01
6.892559142409858397e-02
7.640550043090997834e-01
2.383169160368724671e-01
5.452949896351134695e-01
-6.131140691816312494e-01
-3.814352566244196829e-01
6.392088934773028086e-01
6.366219918300582981e-01
-4.606984551515435067e-01
-9.369411454356506574e-01
-7.501779788805282845e-01
3.125010742496590194e-02
-2.911268455098912633e-01
4.090087375050303065e-01
3.861114254135905033e-01
1.639508709204667014e-01
2.277921346082001086e-01
4.915606776053920712e-01
-1.250302111919529557e-01
5.044055870254662288e-01
2.464898308036724342e-02
-2.655951040126278313e-03
4.236156448011672015e-01
2.009123681964763986e-01
8.227974072716366383e-01
3.210538996518880195e-01
-6.056058591357084131e-01
-1.039030439830552056e-04
7.839043090249318002e-01
-6.290494539888271674e-01
-9.183136185184863631e-01
3.347488207620918366e-01
-4.160317215209006769e-01
1.894985508944627695e-01
-6.962671796522451606e-02
2.246604100628994405e-01
-1.138223657880900047e-01
5.257388406362184519e-01
1.715708776661077628e-02
-4.217603986711623287e-01
3.795293062072176149e-02
3.298275258409364974e-01
-1.370306407105274238e-01
2.543889923910985784e-01
-4.748556885986064402e-01
9.297660750073986902e-02
2.127370335839331300e-02
3.005874971567928933e-01
-9.355733584799321712e-01
-2.851812450498806412e-02
-6.491601967006943585e-01
-6.655977258217514198e-04
-3.148896147279186541e-01
1.107374040803679825e-04
-4.990495377991996384e-02
-1.168286993049219985e-01
-6.823983995192708929e-02
-1.857573085553361203e-01
4.219015057258540535e-01
2.373732598533838944e-01
6.012016004892188903e-01
-7.704516360450111012e-01
3.365269796505733768e-01
4.613837877288927691e-01
7.325312206976019036e-01
1.178465708915245741e-01
1.307935894089897466e-01
8.883993026074188393e-01
-2.228978760747727383e-01
-7.849871025503649680e-01
-3.013209944221421077e-01
-2.438221850853513131e-02
-3.540171817980143909e-01
-4.764429149170587019e-01
8.610844377345176770e-02
6.889529511460237288e-01
-2.242180047242529309e-04
1.044198213406757197e-02
-3.960120486443471249e-04
7.892128850612309954e-01
7.037736057912964416e-01
6.477979389546700828e-01
-5.591407396880432312e-01
-2.323331650950067329e-01
4.736377855084632910e-02
-2.664132056977933094e-01
-4.506373921408525218e-01
5.844997005911123367e-01
1.206405399004299439e-01
4.792019332137985310e-02
6.000115885604202504e-01
8.886968097483090023e-01
1.329734348148858547e-01
3.595512042896111260e-01
-4.088649354025775812e-02
-4.435639570496165418e-01
3.846173439421671780e-01
-4.648846055560273416e-01
8.062147560659628232e-01
1.242351318044737779e-01
4.421266230400309194e-01
