-3.286595489910912882e-01
-9.723456387585205363e-03
-7.922851286112748692e-01
2.321615572654440740e-01
7.540620052707280863e-03
-1.391043152814497308e-01
9.025001933918204156e-01
7.153131169574780124e-01
8.070979397705024816e-02
6.693565204655389511e-01
-3.354079881661504725e-01
6.072684903014931024e-01
7.649482959823832307e-01
0.000000000000000000e+00
9.558268237974698600e-01
-5.353354541113883869e-01
-3.686737783910241095e-01
1.673563330045857445e-01
-7.652318339293422422e-01
-6.348456175169574500e-01
-1.966146537682325057e-01
9.213723298117495464e-01
2.924267522625332294e-01
8.037750966460692759e-01
-8.540510333350181948e-01
-3.818827533816904207e-02
-6.527862248390814415e-01
2.198002949196866673e-01
8.121817624364988664e-01
8.324113585381720526e-02
7.957272337528882300e-01
3.995751966550644685e-01
0.000000000000000000e+00
-9.226651435833155279e-01
9.131080150079535773e-01
-7.967401110954459575e-01
2.916412956810809920e-01
3.098765066041213601e-01
8.471074931832556221e-01
4.629885374775404294e-01
-8.794857751560207770e-01
-9.665605601986662077e-01
-5.508041840677035950e-01
-4.774145906020479391e-01
-5.395444728406693091e-01
-3.389980460813188934e-01
-5.514743530040575603e-01
8.711985295254798256e-01
-5.619849641711194277e-01
-7.178619132563748284e-01
-7.854248189745745012e-01
-4.995021381082789258e-01
-7.542542236726370586e-01
0.000000000000000000e+00
-2.918395944387979224e-01
6.560431249515741303e-01
-5.626500028037542123e-01
-2.082858229678539175e-01
-6.155589765526412460e-01
-2.624613798548525168e-02
1.536717543291159505e-01
1.941633925063321886e-01
9.765283492403038501e-01
-2.354718157850488325e-03
-2.526531716596642774e-01
1.162693299201178476e-01
0.000000000000000000e+00
4.794150291676770870e-01
3.734122492774361035e-01
-6.172815973886176533e-01
8.261223521875602493e-01
3.768663883634715273e-01
3.129905960561796263e-01
4.457510750020579060e-01
-9.932847790245569186e-01
-8.580108276501174913e-01
-7.336967302744190622e-01
-1.031613943342042372e-01
3.575103147350973121e-01
-6.420831305621577112e-01
1.776835510485470504e-01
-5.678605230483908528e-01
-8.319870057987004408e-01
-6.812409156662311283e-01
-3.326753287863730701e-01
-8.243279708628010738e-01
3.378840534233076287e-01
-8.620091073258264736e-01
-3.854519942104117636e-01
-9.500449317803059124e-01
-4.719390475899958304e-01
-9.404608338770321652e-01
5.952738223889437741e-01
9.103483918345893766e-01
7.577707304106569008e-01
-3.207445957854224705e-01
9.813330443439411965e-01
-3.315775034645724872e-01
-4.765496376471358708e-01
2.581343008829002361e-01
8.591309890021303630e-01
-9.549220606757116148e-01
6.324865718306864615e-01
3.571344079481195699e-01
-5.900378896332307832e-01
1.285717557918464315e-01
6.213815930254584785e-02
-4.414993242361124892e-01
1.867615460437035413e-01
4.671450911210313084e-01
-9.702604202319209392e-02
-2.971355764200611649e-01
5.475448264921298769e-01
6.858061013200176248e-01
-9.917663285172149124e-01
-4.954717932962382498e-02
9.026658252527668402e-01
-2.251071805288029637e-01
5.002118324111970438e-02
-2.137619530588186212e-01
-3.472041139559238765e-01
3.114078010399388141e-01
-7.209185993964677408e-01
4.326190820747135568e-01
1.476146686046786449e-01
1.521321080806941062e-01
7.270960182925558790e-01
7.828012180947152565e-01
-9.077107807241995285e-01
-5.836116619304250186e-01
-7.354632187841727564e-01
-2.429710511499225678e-01
-9.431898931689681742e-01
6.911656497606633032e-01
-1.125112727920687394e-01
4.632021658205667247e-01
-6.175318591009417712e-01
6.657292072973541863e-02
-2.998910494661788384e-01
5.666430481986486356e-01
-5.611749412232065470e-01
5.352689418305620617e-01
6.776460118896994178e-01
-5.813186196766724212e-01
5.739428786788118853e-01
6.294449013088951883e-01
7.841757965631912519e-01
-3.961339163157506782e-02
3.548428146910911352e-01
-7.249027749821403965e-01
-6.920643927738772128e-01
3.424372232101708935e-01
6.587132366418291252e-01
-2.778494161819158315e-01
8.078062927394624726e-01
6.595397081911382742e-01
2.130155962543867076e-01
-5.082100249352821120e-01
-8.051783318318272986e-01
6.558428185877738237e-01
-8.448567279636700622e-01
-7.830796993029838227e-01
-8.681548708501916067e-01
0.000000000000000000e+00
-8.808876968048415801e-01
-4.046854044336734013e-02
-9.478778305987565211e-01
4.772028570052238017e-01
4.783050632964340743e-01
0.000000000000000000e+00
6.465215492402012210e-01
-4.546562878598738866e-01
1.790704919853427501e-01
9.953989000952963018e-01
-5.438990644509438255e-01
-8.623812461894140302e-01
-1.837473204019417494e-01
-9.259662894464257832e-01
-9.468877493614860086e-01
-7.101211474578568161e-01
2.686502344413055354e-02
-6.918132320737748753e-01
8.463734865348213621e-01
3.893845561607203187e-01
0.000000000000000000e+00
2.484140895856132847e-01
-9.702747088085155180e-01
-8.857728421318518119e-01
-9.989389860687629685e-01
8.350222585281648069e-01
2.256806209826434095e-01
0.000000000000000000e+00
8.789375771232250667e-01
-5.833317774421742374e-01
-7.767176652651093249e-01
6.019057926014947935e-01
-1.211942105937462433e-01
-6.602564882649779587e-01
4.971820124973342914e-01
0.000000000000000000e+00
1.488550999109869988e-01
8.578086363157979566e-01
-3.605527077468337893e-01
0.000000000000000000e+00
6.860378140016918369e-01
8.485984134506341370e-01
0.000000000000000000e+00
-7.012143913512236537e-02
9.156195855984938792e-01
2.079096670369326993e-01
-7.143803765516578697e-01
8.555623636186187042e-01
-1.107706930254850342e-01
7.096029604851559203e-01
-7.012563155155673300e-01
8.877188260365418415e-01
4.665858383842724777e-01
7.680075338929053252e-01
-5.625537607358506165e-01
9.406756923962356076e-01
-8.824558389633612165e-01
5.971657221641415436e-01
6.202956498093816773e-01
1.970064555799990735e-01
-8.261201615413180654e-01
-7.844734211427413229e-01
0.000000000000000000e+00
1.059516045539541373e-01
-6.195411776329664555e-01
-5.712121353402563884e-01
9.135370832418925335e-01
-6.357746209525967362e-01
4.595659353481615916e-01
7.531529695469436625e-01
8.869910295564176206e-01
-2.793385274355331127e-01
6.009460265653647770e-01
-4.801100097763753016e-01
4.480839465220498585e-01
-5.955125048928779918e-01
5.086996535646517437e-01
5.296185552359893300e-01
3.167524237790071417e-01
7.203302431290061758e-01
4.513298744150637809e-01
-7.083626904541870939e-01
-6.998182430270547538e-01
-4.449850292130315133e-01
-1.941649591162937227e-01
-1.351364587083270230e-01
5.601930928755554095e-01
-6.981177119554704547e-01
-4.160199810764446671e-01
-9.026318247063687128e-01
7.746528369749852150e-01
1.893723165509915152e-01
6.613974909470541341e-01
0.000000000000000000e+00
-6.180312879344245225e-01
-5.981918197805120574e-01
2.082298565722406902e-01
6.448506212683615679e-01
-2.378635694339115147e-01
-5.639387186841828825e-01
9.722119269346221060e-01
