-7.023819643672191138e-01
5.165911907611364651e-01
8.388476602467640486e-01
-2.484090288175506700e-01
3.160034487006289083e-01
1.646255533056866227e-01
8.796447294140836703e-01
9.009957786623112863e-01
-7.176863881309163418e-01
3.847850611156713452e-01
-2.768193253825323996e-01
-7.254321360020021814e-01
-1.371853086550662848e-01
-1.972067889635873428e-01
-3.987080718603652763e-02
-5.157941048613308155e-01
2.419761132108397828e-01
-4.788598767363618780e-01
7.742252157425144610e-02
-9.285983975422762438e-01
-5.717268559722155086e-01
7.896082222991944732e-01
-6.655172411747605210e-01
-3.900454173656544565e-01
-6.443829864549335262e-01
5.262228920636431440e-01
-4.697824706823208185e-01
-6.559991313424520243e-01
5.492369515347361730e-01
2.687617496051530885e-02
2.994665235600317832e-01
-1.500212857517837506e-01
-4.109251538341029963e-01
-6.608625089807065311e-01
2.594527892105060740e-01
9.225762569687363523e-01
-2.532968881533086414e-01
-5.660552350421277357e-01
4.003130591904886515e-01
1.718336689087385238e-03
-7.205715755456880700e-01
3.373293869849494087e-01
-1.813804685401736450e-01
5.894697466416753961e-01
3.866064545821252807e-01
2.066536261668068253e-01
9.542218705104117404e-01
-7.707074370421309606e-01
2.860424287577718605e-01
9.590465472432516680e-01
5.850017028858016666e-01
9.090980804388482106e-02
-3.666030914699438537e-01
-3.376666174698983447e-02
2.773061063771440349e-01
0.000000000000000000e+00
2.226659908237194063e-01
7.065280805182139190e-02
2.613408627950852825e-01
4.936897549221934689e-01
5.845320970030698504e-01
2.204848853954628485e-01
-6.676544578124719020e-01
0.000000000000000000e+00
-7.643921031409859346e-01
6.533259207629034115e-01
2.472843097828629766e-01
2.793531163733242728e-01
-8.818102248564505530e-01
-2.174155064822196337e-01
7.508688364305615703e-01
0.000000000000000000e+00
0.000000000000000000e+00
-1.033199922350227506e-01
6.408531408058542045e-01
-3.889760335911236488e-01
0.000000000000000000e+00
-4.436113896757272190e-01
1.077839602228769511e-01
-9.747030138522019271e-01
-2.379324134961477988e-01
-2.248905379045251784e-02
5.783674206882949420e-01
-6.709095382740692948e-02
7.261943831800676818e-02
9.560977213911359129e-02
-3.918640229043692802e-01
-5.638221153365172711e-01
8.906070541415149755e-01
-1.808861286896323861e-01
-4.905789704418761499e-01
2.616822290140083940e-01
-2.020485878316189421e-01
-3.315656588317956732e-01
5.537579912459769105e-01
5.329262479403888975e-01
6.904497110525866788e-01
2.538497831610615485e-01
5.496569770801218446e-01
-3.894904984521705416e-01
5.327518107063433650e-01
-3.598946595504983748e-01
-3.766757073401085787e-01
3.221760394697879004e-01
5.661646045829176188e-01
-7.934573723703985948e-01
6.551954446933399012e-01
-7.102675992827602869e-01
8.159567769538864646e-01
4.296240594903415477e-01
-6.572705014435669124e-01
-6.356081384082672425e-01
-7.481818469422107931e-02
-2.286883980535470151e-01
6.106937839998940465e-01
5.330881947168151225e-01
-1.408558276523068642e-01
3.730853476272484315e-01
-8.755194808438735432e-01
-7.352214431247567905e-01
-1.717039408384390953e-01
-4.906572771999659910e-01
9.115399457842046083e-01
3.987374833479775393e-01
5.078389586109262055e-01
0.000000000000000000e+00
-4.433557763234614590e-01
1.417505018778424386e-01
6.659951836833077898e-02
-6.228228784845613042e-02
6.764633976771445845e-01
-7.218851399254357926e-01
9.478852138768321112e-01
3.919752518101453642e-01
1.054401557624173869e-02
-1.735952813502814607e-01
6.909923692963897413e-01
7.940294060935153553e-01
-1.943957971307082033e-01
4.956969031044953233e-01
7.083991815038184203e-01
9.008404741230708890e-01
2.245583708450582527e-02
5.817574869386841208e-01
-1.810683795771446114e-01
3.641155579034061063e-02
1.731643254475900839e-01
7.484139685926720631e-01
9.029621171810005009e-01
7.129174554097708061e-01
-7.806033520037554130e-01
-2.073102218654372386e-01
1.794607469987770099e-01
5.774958927079076876e-01
-1.638280442785444713e-02
2.579665331385216920e-01
-3.030608225838329339e-01
-2.971157839316118654e-01
-4.723863981569438319e-01
-6.431183887300135904e-01
-2.729231132500360424e-01
-7.010154099704897224e-01
8.016874948630192677e-01
-1.152925650503251465e-01
-8.777285416149958053e-01
4.864003286765976597e-01
-9.602403746612599988e-01
-3.826691150812577824e-01
-6.049020127337574326e-01
-8.119113744877886063e-01
0.000000000000000000e+00
2.586565718623163868e-01
9.705799703233422004e-01
6.581884078126281068e-01
-4.251578515822105331e-01
-3.008047650225462721e-01
-9.726624215037316112e-01
-2.492495944892358928e-02
-9.963717197300874240e-01
-4.243037429066089938e-01
-1.657621334665928536e-01
7.407976407050851364e-01
4.928590373753796161e-01
2.493184866646713793e-02
9.893928465845918119e-01
6.164926789102407323e-01
-6.579725385879275912e-02
-3.808905598666858516e-01
-1.022136124526560330e-01
-8.271042365689698084e-01
-2.574108298287847152e-01
4.459734166539770506e-01
-2.566965717994507123e-02
-8.090322532096323460e-01
8.604103331685277745e-01
-8.833973905106653479e-01
0.000000000000000000e+00
7.216834844682749051e-01
5.987510629971928289e-01
7.757600690477512995e-01
9.567120788933183295e-01
0.000000000000000000e+00
5.480355055964274413e-01
2.857531871429321857e-01
4.568210720443188766e-01
-5.706322978125173417e-01
-5.109044019842921003e-01
5.831454118628633942e-01
2.998583511067787200e-01
1.126487304773604592e-01
0.000000000000000000e+00
-2.152562155839865543e-01
-8.531390371472926670e-01
7.390633514807536386e-01
8.346952496848409897e-01
-2.831178899656054959e-01
9.039319906220681933e-01
1.276405607443160672e-01
5.540633219923858377e-01
-9.210433765109817816e-01
-8.372924818690437032e-01
3.645415976792454327e-01
-7.186881276281109621e-01
-6.170065075174226976e-01
6.219271117297486828e-01
-7.896131573842548601e-01
6.211157097752877387e-01
-5.622341574012594823e-01
8.094241080084947360e-01
8.525878925538903363e-01
-5.629258205872942344e-01
3.231735686822025944e-01
5.678843375061708443e-01
-7.212536333856807147e-01
-9.965123766730776822e-02
3.939776560792749294e-01
2.930353128875982094e-01
4.887079005728927061e-01
-9.378329099693651916e-01
8.827727047512505809e-01
-4.271139469971629854e-01
-3.045322685240892113e-02
-4.220402756875496486e-02
-4.847776751458050537e-01
9.704027123151082179e-02
9.701245466850403343e-01
-3.306033026723569357e-01
-2.365506559451642232e-01
-2.883578742452488353e-01
6.602211688934871425e-01
8.665266717624797721e-01
-9.274440773028231888e-01
-2.465971856585462696e-01
6.453725798827012472e-01
-7.767833853218475415e-01
-2.120957118110806672e-01
9.926865086684286688e-01
-1.251757602945331449e-01
7.408827095715693201e-01
0.000000000000000000e+00
2.436350630888322044e-01
3.052204703477010561e-01
-4.454980583933159100e-01
6.811753501393487120e-01
-3.284014335574774179e-01
