-4.156455330003727688e-01
0.000000000000000000e+00
5.487786856698011473e-01
-5.074255476855347169e-01
2.625878942413528705e-02
7.163552991779889023e-01
1.780027420018217565e-01
3.060625059938066883e-01
-6.495471300568045336e-03
1.321832567764855693e-01
9.923544957541623468e-01
-3.740876736865557106e-01
1.295345610402880432e-01
-3.837329489106138247e-01
-4.198806746163452619e-01
-4.694977877431183444e-01
8.562702999195508369e-01
0.000000000000000000e+00
-9.772574594662084557e-01
-1.678396411817986156e-01
8.277909619869587843e-01
0.000000000000000000e+00
3.746793100231340379e-01
9.842991994446548265e-01
-9.401647764148670650e-01
2.328048982438555292e-01
6.223231597415890270e-01
9.410412180726808185e-01
-6.627103889983179119e-01
-4.966548465201359175e-01
-1.610902214642691010e-01
-3.191094598016652739e-02
-2.402283691717312930e-01
5.323026380866449081e-01
-3.080862649261224551e-01
4.471847247928832925e-01
-8.687254293550024098e-01
0.000000000000000000e+00
-2.195083355363836031e-01
-3.812397568950087745e-01
7.531067310022849792e-01
7.606745374515733182e-01
4.971733746348072636e-01
-1.200761648673338566e-01
-7.557302539975172539e-01
2.807461339000674183e-01
-9.583080441847497966e-01
-9.072729027850441330e-01
0.000000000000000000e+00
0.000000000000000000e+00
6.717840946753868003e-01
1.107709029548045176e-01
-9.647660894958340894e-01
-5.670417363804207689e-01
-8.586476903048609888e-01
1.014656045671997742e-01
-1.171373055989866074e-01
-5.328821962770651233e-01
1.300052457141398499e-02
7.485926418077790689e-01
-3.955485397285596338e-01
-4.175439722645994944e-01
0.000000000000000000e+00
6.539524426408713786e-01
-7.314562249354266132e-01
-7.269583672637058847e-01
-2.233629074397669445e-01
7.557611493530069779e-01
7.412103341584039828e-01
2.509842631175251970e-01
5.132505521634240786e-01
-3.684613381660595266e-02
6.502114864097270353e-01
-4.929723552599027947e-01
-1.264338688436783542e-02
0.000000000000000000e+00
0.000000000000000000e+00
3.854285035736357834e-01
7.745929862797009680e-01
-2.181587336978567659e-01
4.278967825087933718e-01
3.880286524202405385e-01
-8.071169497271648563e-01
3.651550343260161480e-01
9.500590509689188501e-02
-7.106530440129332771e-01
-8.228704151001373646e-01
-9.788144903971887079e-01
-3.326748914017589875e-01
-2.319078548524196037e-01
9.524510521641522676e-01
-8.309345019468219462e-01
-8.241011820073831373e-01
0.000000000000000000e+00
7.708994869395691119e-01
0.000000000000000000e+00
0.000000000000000000e+00
-1.885313158133317124e-02
5.350462672965390354e-01
0.000000000000000000e+00
-3.664657479243960125e-02
7.749604000399885617e-01
7.440541010272381239e-01
-7.825301489016389667e-03
-2.017161752521261509e-01
0.000000000000000000e+00
4.860225184458999426e-01
0.000000000000000000e+00
3.206964802105061185e-01
5.924269171976741521e-01
5.529892192123215811e-01
-1.441498980305906397e-01
-6.736404226579124632e-01
6.396998029308729183e-01
2.796252863051622572e-01
5.141567453605320193e-01
3.278739721444328126e-01
0.000000000000000000e+00
0.000000000000000000e+00
-3.057864937483052437e-01
-7.129530148136162815e-01
-3.989850224415072422e-01
2.249531984894650449e-01
1.776298582443160967e-01
2.226204771611377531e-01
0.000000000000000000e+00
2.025625403234956323e-01
4.130539794755072602e-01
7.559539864931590358e-01
2.708705363221475260e-02
-3.714557387302943603e-01
1.517294972400087261e-01
0.000000000000000000e+00
0.000000000000000000e+00
9.395701203403621360e-01
-5.044604120287679017e-01
2.972419216475861159e-01
9.234385745319617644e-01
7.411548984436135967e-01
9.140937066874539330e-01
-6.858821059653592567e-01
0.000000000000000000e+00
3.473451219794496669e-01
9.012046661727168839e-05
0.000000000000000000e+00
7.985858082979064854e-01
-4.874684309280947758e-01
7.293859799955004775e-03
-9.383262852829690193e-01
-3.226620172202518955e-01
-1.182718745884019373e-01
-2.254559141222010066e-01
-6.113930164235217291e-01
-3.368872947375787241e-01
-5.345290182000053125e-01
0.000000000000000000e+00
-1.522234389472159055e-01
9.706474521341459383e-01
4.840151086694310933e-01
0.000000000000000000e+00
1.907683084580664712e-01
-7.372368802926603237e-01
0.000000000000000000e+00
-1.616926010204378095e-01
-6.756648731109859973e-01
0.000000000000000000e+00
0.000000000000000000e+00
5.670066148447938659e-02
6.384670922235269330e-01
8.471454763562193957e-01
-9.351646223944694025e-01
-3.172497282088764248e-01
0.000000000000000000e+00
-5.118272147495606106e-01
-3.177364370119750703e-01
-5.729601168029341274e-01
8.797996268636036898e-01
-4.329918960338350331e-01
-5.583790308406220149e-01
1.994151523691320982e-01
0.000000000000000000e+00
6.258227965849429975e-01
9.263210990255552613e-01
-5.951783929184026878e-01
-9.155166542124306694e-01
5.173425836002065736e-02
3.249624592578745919e-01
-7.628283875257986235e-01
5.302390844363422673e-01
2.615962062602186222e-01
3.235987102179394004e-01
2.075840230017851340e-01
-2.563909047273706943e-01
0.000000000000000000e+00
-5.752637465147523166e-01
-1.251900264229908188e-01
8.962084326915387145e-01
2.028142531793812875e-01
5.695516589788234274e-01
8.032447783966101262e-01
0.000000000000000000e+00
-7.704293603815393077e-01
4.724924774013239404e-01
-1.565742800314626759e-01
8.323197851537595948e-01
8.041992082563702571e-01
0.000000000000000000e+00
-3.420848912944107756e-01
5.548069390606531481e-01
0.000000000000000000e+00
6.655345650658435197e-01
4.788480297180131018e-01
7.359430541100542289e-01
-6.165439165715156378e-01
2.591852221491786068e-01
-6.589894080071367899e-01
-5.894813112453618498e-01
-2.239440278382165417e-01
0.000000000000000000e+00
-6.602171993303818098e-02
0.000000000000000000e+00
6.408788010444597116e-01
-1.817817472507341492e-01
7.708646011252540120e-02
-8.731169304269472686e-01
-4.499486311337410616e-01
7.844639180004830958e-01
7.448997318083425689e-01
2.053771019060117720e-01
6.160474218722122863e-01
-3.779994583404977515e-01
5.658727589445735617e-01
5.951980216999179785e-01
1.251981865235340941e-02
8.497825281658224483e-01
0.000000000000000000e+00
6.758671646469776029e-01
-3.252851645120562463e-01
0.000000000000000000e+00
-7.062008067725455973e-01
-3.288775955454334987e-01
0.000000000000000000e+00
6.882663114070921573e-01
-6.651239637717543118e-02
9.370546208798535837e-01
2.504258732042756730e-01
5.308142363509227302e-02
5.455888299681361797e-01
3.825320688964666260e-01
0.000000000000000000e+00
3.820838119645690867e-01
5.460158757736521817e-01
7.403237075282014246e-01
7.838980485916211549e-01
-2.163303474146824890e-01
4.035933276084502364e-01
-2.357443331777777651e-01
2.280458360215960045e-01
-2.621813118753804073e-01
-8.564025901035499100e-01
-3.852418570321931579e-01
1.335800193800951163e-01
-8.876022954445628166e-02
8.415665657857513970e-01
-1.262676374617521802e-01
