0.000000000000000000e+00
-1.741068529413447585e-01
-8.007756648179804593e-01
0.000000000000000000e+00
0.000000000000000000e+00
-4.867195676359670209e-02
-3.850738011761183355e-01
2.039696019142638317e-01
7.198861957565161340e-01
1.000000000000000000e+00
-5.634902032271726924e-01
1.724275973468576417e-01
0.000000000000000000e+00
7.821976079170369633e-01
0.000000000000000000e+00
-1.214598789667187262e-02
6.043762951420272866e-01
-8.347365617221556011e-01
-7.667809184329945627e-01
0.000000000000000000e+00
4.102960601485816650e-01
0.000000000000000000e+00
-8.490795316008481475e-01
3.923160200806519171e-03
8.745042731589736107e-01
5.364611149359836961e-01
0.000000000000000000e+00
0.000000000000000000e+00
-6.048281540148183755e-01
8.942859129016800246e-02
-1.090932864146019199e-01
0.000000000000000000e+00
-9.503345173102615284e-01
-9.520474227106729970e-01
-9.363156130449636905e-01
0.000000000000000000e+00
-3.677058941143092063e-01
2.787025341061586392e-01
5.069102139330432522e-01
6.146884090536026690e-01
-8.373349238811276241e-01
-1.691341390606087014e-01
1.735741202663638738e-01
-3.255456495916846382e-01
-4.557660380097712238e-01
-6.552618096462281549e-01
-3.082637721188221658e-01
-8.038694530601044885e-01
9.972881522439693835e-01
4.458705466721126776e-01
8.978305628283260731e-01
-8.778423241132815580e-01
-7.736371827689760838e-01
3.062011994089335332e-01
9.526750080150814259e-01
-1.948392048950453592e-01
-3.735036516641998539e-01
-2.051769165417323126e-01
-9.935471168099487826e-01
-5.948690845228994384e-01
-7.032630947578795144e-01
-7.111584741524270559e-01
9.465028320195789657e-01
3.034022514792404923e-01
6.633117360342062341e-01
-1.509121620948337128e-01
6.882511101132515741e-02
-2.678007445345520487e-01
-7.163262467138964418e-02
5.802896299902813304e-01
0.000000000000000000e+00
-6.902048389232118275e-01
-4.699036564350149714e-01
3.079654923966155255e-01
0.000000000000000000e+00
0.000000000000000000e+00
-9.081322808888216969e-01
-4.269859085911189567e-01
-1.198320361259292977e-01
8.020940366579405456e-01
9.469220886775580048e-01
-8.250871862438808879e-01
-1.463945600661229474e-01
0.000000000000000000e+00
-1.716977774298698023e-01
1.977928525292762529e-01
4.721503327522473814e-01
1.729267113046253357e-01
2.435113893767959503e-01
1.826916997152021604e-01
-6.346796938404100086e-01
-6.217812843336050221e-01
-1.176187533657890860e-02
-8.549259104585460456e-01
-2.411569253307934702e-01
0.000000000000000000e+00
7.479371393502096677e-01
9.494132850989851491e-01
1.521230656208512055e-01
-7.154128629606106848e-01
1.420987675781391069e-01
3.604132574753002860e-01
-5.639173738410709902e-01
6.577642792068030264e-01
-6.157090918703549409e-01
2.933820094189669714e-01
4.067596278363141415e-01
1.721822784330657718e-01
-5.481341827719925508e-01
0.000000000000000000e+00
-7.762579048682445304e-01
-8.920963763855942474e-01
9.857243603368832652e-01
3.652430096699932349e-01
-4.441612654855580100e-01
6.848511160990011781e-01
-1.556035569733578150e-01
4.292339756213454649e-01
1.779673320109147472e-01
7.268261555036286126e-01
0.000000000000000000e+00
7.091192652461648649e-01
-6.365243545204695153e-01
0.000000000000000000e+00
-9.914452584301560734e-01
0.000000000000000000e+00
7.214458292712160326e-01
-6.227301549626689248e-01
-6.015952389960577129e-02
-4.022256309133971364e-01
0.000000000000000000e+00
0.000000000000000000e+00
-9.814280307875586917e-01
0.000000000000000000e+00
-9.619573423679323998e-01
-2.573903371952535046e-01
-4.379052287389950671e-01
-8.967130489084857992e-01
-3.310596593267374210e-01
0.000000000000000000e+00
-8.850180439410657574e-01
-3.065609972563869690e-01
0.000000000000000000e+00
7.009514032768675573e-01
0.000000000000000000e+00
-2.124275572709817261e-01
9.827402865444285762e-01
-8.932393627888868259e-01
7.661915090813422591e-01
7.249580276516867094e-01
8.500878887546774454e-01
1.842571334900109381e-01
-7.014679638596321709e-01
-6.050581742465339641e-01
6.588939656320591531e-01
6.607612311431250163e-01
-3.051496558169282114e-01
4.722717593997090013e-01
1.319948464580829040e-01
2.576629331156996550e-01
-2.126701875520786711e-01
9.622448302841843937e-01
9.893875763841286641e-01
1.380102388492707721e-01
-7.076880116319661518e-01
7.302974654299536628e-01
9.083029597323619697e-01
1.000000000000000000e+00
-2.313793389101532760e-01
-7.198336614403710865e-01
-4.015608925115925487e-01
-7.774601430898508969e-01
-6.659940019583385773e-01
-3.805108881675822730e-01
-9.345976271263465307e-01
3.749721409974042796e-01
7.891350694926113629e-01
-7.465718135942156497e-01
5.688486088140387587e-01
-5.884963962925431336e-01
0.000000000000000000e+00
-5.389447214479159420e-02
0.000000000000000000e+00
2.332164726879280003e-01
4.934296005726377388e-01
-7.377739796299405128e-01
0.000000000000000000e+00
0.000000000000000000e+00
-3.139154816755072019e-01
0.000000000000000000e+00
0.000000000000000000e+00
2.204830586608981235e-01
0.000000000000000000e+00
1.000000000000000000e+00
7.835347303414752496e-01
-4.683882222815529683e-01
0.000000000000000000e+00
5.083641602755921696e-01
-4.064202738842743745e-01
-5.855412264795056831e-01
1.000000000000000000e+00
-4.101369303747461892e-01
6.416244026546791268e-01
6.147301635346833493e-01
8.559556188148162992e-01
4.671081381367581109e-02
1.944832749290281715e-01
0.000000000000000000e+00
1.591025382353137285e-01
-7.379377937790319031e-01
3.732661758919404438e-01
3.988858025597274981e-02
4.342010369734679021e-01
8.643121247447018707e-01
7.295692414718368823e-01
1.000003805647478039e-01
-4.523402659547335336e-01
6.701907826498523235e-01
2.062815814657139590e-01
2.863468691472128569e-01
-6.562910862213566787e-02
-5.995265257783457535e-01
1.000000000000000000e+00
3.249203649246057424e-01
0.000000000000000000e+00
7.962584371077074952e-01
-4.068707733257346248e-01
0.000000000000000000e+00
-9.727415786499247208e-01
0.000000000000000000e+00
4.810507268728936303e-01
0.000000000000000000e+00
8.446693048878186616e-01
-5.568542264224234373e-01
1.000000000000000000e+00
-5.816244663861969144e-02
0.000000000000000000e+00
-8.003167727711344437e-01
-4.483182334567228366e-01
-6.506380698985909650e-01
-9.902436432415766543e-01
7.903096747432458713e-01
3.069695232260261086e-01
9.905110886658139435e-01
-1.081252090531088506e-01
-8.972510212049216172e-01
-3.209586605867214004e-01
8.496357290307443577e-01
-3.805069278223753848e-01
5.602675704091739650e-01
-9.081845215804329463e-02
-1.463857519450773026e-01
-8.709348412855244526e-02
-5.878793964003306005e-01
-2.251662598090649059e-01
3.889126823507720321e-01
-3.706414035679956864e-01
-3.283277333640968187e-01
-3.007236037830958164e-01
-1.536250655095650064e-01
-7.641541934235984712e-02
3.425254363319851780e-01
-8.482981752774827466e-01
0.000000000000000000e+00
-6.958276015116129365e-01
