0.000000000000000000e+00
-7.108983182752230956e-01
-3.411967356740228663e-01
6.811563345814264370e-01
0.000000000000000000e+00
0.000000000000000000e+00
2.173477354686419449e-01
-6.596292184199252784e-01
-2.953423850915348758e-02
1.616685699926914133e-01
7.144216904696460979e-01
9.987292208716072039e-01
9.677858080423920040e-01
0.000000000000000000e+00
8.468847011262123914e-01
3.736809764715753879e-01
-2.638839038389344527e-01
5.755233770890393341e-01
0.000000000000000000e+00
0.000000000000000000e+00
1.000000000000000000e+00
-3.379484375970325249e-01
-7.784410431555879306e-01
7.741180796108615425e-01
7.944319036138494106e-01
9.065913766043078859e-01
2.026138560831924895e-01
2.753565697295488057e-01
5.509612477980649903e-01
-8.501607648363807002e-01
-6.016791179324234573e-01
-7.928793793226784903e-01
0.000000000000000000e+00
-3.108564024453051022e-01
4.326314088253915280e-01
-5.035285947011896024e-01
0.000000000000000000e+00
0.000000000000000000e+00
5.998020042121712248e-01
-6.738258794814397934e-01
2.435709020125993440e-01
0.000000000000000000e+00
-6.210209566114572866e-01
2.242215826192983652e-01
0.000000000000000000e+00
5.988449991828910246e-01
0.000000000000000000e+00
-5.295896425829531573e-01
9.326980685347119326e-02
7.812237230394725174e-01
-7.559160725085609656e-01
0.000000000000000000e+00
0.000000000000000000e+00
4.215170027274119935e-01
-8.409462945277137447e-01
-5.973238670875191669e-01
-4.937447057680410811e-01
-6.322024515625863650e-01
0.000000000000000000e+00
5.807575095102839313e-01
5.899730833740399749e-01
0.000000000000000000e+00
-5.209036925205356994e-03
9.640161944380396530e-01
0.000000000000000000e+00
1.784892373866675541e-02
0.000000000000000000e+00
-3.056663140848969729e-01
3.487831885885572802e-01
3.989261333836053858e-01
-2.485973289919025664e-01
4.636426942432787524e-01
4.280361378850634502e-01
-6.138686440054774707e-01
1.702008249729383138e-01
2.454924075170383801e-01
-2.298007260953371933e-02
4.875642890693558940e-01
-9.789003651832990371e-01
7.776346080727536414e-01
7.022108335449843697e-01
-5.085699640895524620e-01
-3.619948749382091435e-01
9.957859845668881604e-01
9.252973608412462525e-01
-7.344330685059055064e-01
5.421038439304892709e-01
0.000000000000000000e+00
5.790821871013829281e-01
8.976771900158455608e-01
-7.891737546466193187e-02
1.000000000000000000e+00
-3.068308437266971112e-01
0.000000000000000000e+00
-1.761721861794711685e-01
-3.754158188090972459e-02
-7.881872710788999647e-01
4.192979865510837456e-01
-7.916542839525413378e-01
2.756812342839520813e-01
0.000000000000000000e+00
-7.294293732040568745e-01
7.055444807596669143e-01
0.000000000000000000e+00
9.188073365959057437e-01
3.178166176658772102e-01
-3.399014326397038488e-01
3.476545663251311424e-01
-6.242023625564359079e-01
8.081780697746856479e-01
6.265309205564528749e-01
-4.711424369113434985e-01
6.973376858193292005e-01
0.000000000000000000e+00
5.023708960052930550e-01
0.000000000000000000e+00
0.000000000000000000e+00
-8.695453757140809703e-01
7.611612026132705822e-01
2.593757125093332228e-02
-9.049503806078518231e-02
6.328384356395031496e-01
4.495178394820940060e-01
9.620312745375083630e-01
-9.129462749403451927e-01
0.000000000000000000e+00
-7.374287902065093103e-01
7.616213333791039819e-01
3.552564101713795441e-01
6.719509270452863614e-01
-3.533955118936145112e-01
4.096713074468583127e-01
-3.375673295720074130e-01
-8.105955387824523850e-01
9.392765831172198432e-01
5.394445062489228171e-01
-9.778500126214066945e-01
-2.374547329105025639e-03
8.520753160246052893e-01
-1.970004889416565597e-02
0.000000000000000000e+00
0.000000000000000000e+00
0.000000000000000000e+00
5.675827641004083102e-01
8.771726864491147246e-02
-8.943062102145216130e-01
1.000000000000000000e+00
-6.749321886111001589e-01
4.642164688444676557e-01
-4.103483467788726635e-01
-7.887977126521596993e-01
6.766937785069062627e-01
-7.288679957601231774e-01
-3.906267828041956047e-01
9.171337923029059258e-01
-6.698732108895444348e-02
0.000000000000000000e+00
1.843314849198622873e-01
0.000000000000000000e+00
3.171695662253988246e-01
7.368787601222275274e-01
5.999415771586229518e-01
-9.062289961208684907e-01
0.000000000000000000e+00
-5.375123231527914047e-01
-8.985075198670118279e-01
0.000000000000000000e+00
0.000000000000000000e+00
6.242005486851804896e-01
4.005778251772924570e-01
1.000000000000000000e+00
1.597796266088560291e-01
1.585752891329161862e-01
-8.058755036513860492e-01
6.395317416630779128e-01
8.954434459181559447e-02
-8.383548516678409612e-01
-5.343533201770445107e-01
-1.809300116014065374e-01
-5.695416019160695065e-01
-4.164791851450926341e-01
-5.987281259489163343e-01
5.445999496030018427e-01
-9.195771884432719645e-01
0.000000000000000000e+00
7.657203176551223844e-01
5.485925137569092058e-01
-9.509615789873713254e-01
-8.925646364495753993e-01
4.543533462768871711e-01
-9.186831786141211875e-01
4.026957393616714675e-01
1.000000000000000000e+00
-6.678338972462107836e-01
4.497559585359249823e-01
8.311232236190508882e-01
0.000000000000000000e+00
1.000000000000000000e+00
4.354240641458795302e-01
7.256822680697427863e-01
-4.309500974737920931e-01
-8.287023901693575390e-01
-2.747188342256456917e-01
-7.080145297906688118e-01
0.000000000000000000e+00
0.000000000000000000e+00
6.226929202008182340e-01
-7.445862755251522191e-01
-7.013352549601545860e-01
-2.314468380299294914e-01
-8.042035605422541700e-01
1.621840270116732263e-01
-4.431003664804991082e-01
0.000000000000000000e+00
0.000000000000000000e+00
8.597755824866148977e-02
-2.922963397866937818e-01
0.000000000000000000e+00
-8.917220344909346785e-01
-7.278224316861625631e-02
7.554148778613178905e-01
1.000000000000000000e+00
0.000000000000000000e+00
-2.756079696154571934e-01
1.000000000000000000e+00
-1.855424323828098743e-01
8.086318931053559922e-02
9.718020317850968315e-01
0.000000000000000000e+00
0.000000000000000000e+00
2.278731147115358180e-01
-5.677827473589036611e-01
-4.000572880137294174e-01
4.534776570575014265e-01
0.000000000000000000e+00
-5.196342157508517801e-01
6.544560532670069541e-01
-6.883057157522969316e-01
1.880159342842067094e-01
-5.912230664796709334e-01
1.577922305388921309e-01
-7.113232968584397575e-01
-4.262752442325508095e-01
0.000000000000000000e+00
1.000000000000000000e+00
3.790138973239405296e-01
-4.470210790389488320e-01
6.535597665366721376e-01
6.434440317602467818e-01
8.412844811411106516e-01
6.166755735408817607e-01
0.000000000000000000e+00
4.063309760890809752e-01
0.000000000000000000e+00
0.000000000000000000e+00
-8.498881049579949387e-01
-5.775948882669477147e-01
0.000000000000000000e+00
-6.559705352765980990e-01
0.000000000000000000e+00
9.590149681957436112e-01
6.037449001720494035e-01
-9.989675068238257349e-01
6.687134973009924988e-01
-9.835055445831244469e-01
