7.180895011294736729e-01
1.000000000000000000e+00
3.424177220801736254e-01
3.904056743912738270e-01
-9.617640486380016895e-01
4.743640851059001129e-01
9.255117208981311627e-02
-1.196911215989537869e-01
7.833297844840396706e-01
9.691692125892517051e-01
3.052962525925027037e-01
8.532735206580586151e-01
-9.079761017227550024e-01
-4.682059872013462076e-01
-9.696795635212915876e-01
0.000000000000000000e+00
-1.156062545468683478e-01
-7.180642106819434822e-02
8.579644284176570768e-01
4.434764639748836057e-01
7.141023455505297601e-01
1.000000000000000000e+00
0.000000000000000000e+00
0.000000000000000000e+00
2.009765671199037484e-03
0.000000000000000000e+00
1.308665974444809255e-01
0.000000000000000000e+00
-3.804493958022683309e-01
0.000000000000000000e+00
0.000000000000000000e+00
0.000000000000000000e+00
0.000000000000000000e+00
0.000000000000000000e+00
0.000000000000000000e+00
6.321949831469526604e-01
-5.507648731639225304e-02
2.298385858036560148e-01
-5.924654802736961656e-03
8.291909394476864037e-01
5.825984538910669031e-01
7.296073967755496437e-01
2.894471399054154848e-01
0.000000000000000000e+00
0.000000000000000000e+00
-4.221090383275227786e-01
0.000000000000000000e+00
5.824671977660982325e-01
8.665234691990209015e-01
0.000000000000000000e+00
-5.492896457803115862e-01
-8.642475951028656400e-01
8.167629895619570313e-01
0.000000000000000000e+00
-4.767951303487933945e-01
-4.938602139387415768e-02
8.063087550327614483e-01
-9.772545043410114651e-01
4.277837654434941683e-01
8.964097945914240029e-03
9.000896586902362717e-01
2.932686593447986212e-02
7.721572592138488123e-01
0.000000000000000000e+00
2.800989585114388447e-02
7.186131289669495104e-03
-2.022461786553220175e-01
3.457305776071444292e-01
0.000000000000000000e+00
2.040392545677522929e-01
0.000000000000000000e+00
1.919258386728750487e-01
0.000000000000000000e+00
0.000000000000000000e+00
-7.279918130525819819e-02
-3.259941155650381006e-01
-4.332596133137680550e-01
0.000000000000000000e+00
-9.170339772285465152e-01
-1.209538826067320105e-01
1.972178904908503672e-01
1.807398097498025269e-01
-9.210391066486200984e-01
-1.902965454447633764e-01
0.000000000000000000e+00
0.000000000000000000e+00
-8.189656465605053004e-01
0.000000000000000000e+00
9.495455718859522332e-01
-1.362016501666929447e-01
1.765982317912324628e-01
-6.808325446961787097e-01
-9.040772692488818763e-02
3.870419185058320277e-01
2.567830273938034313e-01
-7.398216036228510983e-01
-6.200195362395930498e-01
6.764272465481426799e-01
6.818884155241256018e-02
-3.482731590353362883e-01
-3.542149231303131085e-01
0.000000000000000000e+00
-7.960964557193697111e-01
3.093216582835047745e-01
5.711667633446015913e-02
7.344132399089309260e-01
-5.474606402779202963e-01
-7.749378875221284435e-01
-4.571556150499249682e-01
0.000000000000000000e+00
-7.437936163015552715e-01
-3.105002352498824614e-01
7.454810222243535289e-01
-2.088854281682366310e-01
-6.621712036834082049e-01
-7.007926880211885479e-01
-4.898152691357298139e-01
-4.046580852380083915e-01
6.147062556534130806e-01
0.000000000000000000e+00
2.403544275252542661e-01
0.000000000000000000e+00
-7.437029297313166865e-01
1.000000000000000000e+00
0.000000000000000000e+00
0.000000000000000000e+00
-5.164581222263542326e-01
0.000000000000000000e+00
6.954990730289445366e-01
-5.687983653491903713e-01
0.000000000000000000e+00
5.412941735862681902e-01
1.000000000000000000e+00
0.000000000000000000e+00
-7.471020395530272307e-01
6.961859122559990176e-01
-7.947709541396572597e-01
0.000000000000000000e+00
8.116748994458822253e-01
3.384810337061503471e-01
2.624053726105870510e-01
0.000000000000000000e+00
-2.397229143862731338e-01
-4.635318245492070499e-01
-2.809542626988907887e-01
0.000000000000000000e+00
1.463453225246502676e-01
1.679613801479629132e-03
6.143500783246855779e-01
5.821810170702752529e-01
-4.279220840736188691e-01
-9.919042782255493851e-01
-8.136220919052483680e-01
-8.614073008438472012e-01
-2.380192712981308301e-01
1.724019815435322567e-01
8.444115539521175329e-01
2.841074121347504366e-01
1.048454118795354439e-01
-3.265278648497600411e-01
8.885075742668373522e-01
6.223314908356420982e-01
-5.379953278226119462e-01
-1.828574268875955422e-01
9.230031643255709461e-01
9.466203983346377360e-01
3.636453386770908125e-01
-8.192638196236656789e-01
-3.760920818878914496e-01
3.042982517155401467e-01
-1.946251009056283454e-01
-4.085975006797848419e-01
0.000000000000000000e+00
9.164472543641795088e-01
0.000000000000000000e+00
-3.300545064920994420e-01
7.620696043541383968e-01
-1.233988353114479075e-02
0.000000000000000000e+00
6.563016898285580769e-01
0.000000000000000000e+00
-6.130577928450908765e-02
-5.745116668463148279e-01
6.982167104949528191e-01
-6.165178704734963766e-02
1.736138720863256157e-01
5.528232247192810256e-02
8.739654801788112604e-01
-7.943505274993105658e-01
-7.820723477026252368e-01
8.751037017024667630e-01
-7.428477927685157578e-01
6.272145696631530321e-01
-6.832890201649246542e-01
-2.382975657264108094e-01
-1.818048879122531325e-01
-4.014484092707211182e-01
-6.475020315157509199e-01
9.700524989305310264e-01
-2.503627900001248463e-03
-6.648124836128115334e-01
9.180058823819539082e-01
4.989486550414135024e-01
8.336416158317605518e-01
5.320322118548888035e-01
1.191212813438329299e-01
7.963954114280646923e-01
0.000000000000000000e+00
0.000000000000000000e+00
0.000000000000000000e+00
7.861071191358575128e-01
-3.415749554547657940e-01
-4.211097814729272137e-01
7.737705176166631560e-01
3.838238701410665588e-01
-9.505628914810619889e-01
-3.390676529113094695e-01
-2.938619833080358124e-01
6.751963280778203735e-01
0.000000000000000000e+00
0.000000000000000000e+00
2.301730243839403833e-01
2.498268264243939107e-01
-9.850687061093403862e-01
1.407361478076110117e-01
1.000000000000000000e+00
0.000000000000000000e+00
-7.996752551742170034e-01
8.431194488711759583e-01
0.000000000000000000e+00
3.895105123359354771e-02
7.396370673730514600e-01
0.000000000000000000e+00
3.949193911034756255e-01
0.000000000000000000e+00
-1.192298644681610842e-01
0.000000000000000000e+00
0.000000000000000000e+00
5.104272016442608084e-01
3.639144627266270859e-01
-6.913456212771549314e-01
7.135554768290197636e-01
-2.392015560301599120e-01
5.023532224128586243e-01
6.196226849593775565e-01
-9.352833878033732784e-01
0.000000000000000000e+00
-5.912384698923620618e-01
-1.206723473222592879e-01
0.000000000000000000e+00
1.056124094097978805e-01
1.112170333603634820e-01
7.875530714464085147e-01
7.575929252861910435e-01
-3.948398199467484382e-02
2.210384986183751010e-01
-5.619765781426606654e-01
1.878111440861864878e-01
-1.248603632630729265e-01
8.757429391777613592e-01
0.000000000000000000e+00
3.866426078826206147e-01
-7.893859909415266163e-01
4.890105737167795841e-01
0.000000000000000000e+00
