
game 0 
gen, best, mean, std, median, q1, q3, life
0, 57.036421, -2.22559, 11.59218, -5.758902, -5.297046, -5.777652, 0.0
1, 57.247427, 13.292852, 24.017353, 3.610928, 32.437567, -2.70805, 0.0
2, 57.247427, 39.572826, 26.102363, 57.036421, 57.036421, 3.721885, 0.0
3, 57.615505, 47.41827, 20.610297, 57.036421, 57.036421, 57.036421, 0.0
4, 57.615505, 45.336597, 23.051602, 57.036421, 57.247427, 56.998622, 0.0
5, 66.610928, 46.51583, 22.588346, 57.564289, 57.615505, 57.178221, 0.0
6, 75.171054, 61.23053, 4.638961, 57.615505, 66.29648, 57.615505, 21.4
7, 86.126285, 62.518016, 12.549568, 66.321572, 66.572857, 57.615505, 21.4
8, 86.126285, 62.97581, 16.882188, 66.519396, 66.605285, 57.615505, 21.4
9, 86.218586, 73.636281, 11.006413, 75.25555, 86.126285, 66.192678, 21.4
10, 86.218586, 71.596998, 21.432442, 86.112435, 86.126285, 66.001073, 21.4
11, 86.218586, 62.47415, 34.70013, 86.126285, 86.126285, 36.825635, 21.4
12, 86.549357, 70.832842, 27.803702, 86.126285, 86.218586, 66.30022, 24.4
13, 86.787729, 75.473669, 22.852783, 86.218586, 86.218586, 85.745912, 25.6
14, 86.787729, 75.128705, 25.493958, 86.218586, 86.549357, 85.451529, 26.8
15, 87.087729, 65.530388, 31.30563, 86.352711, 86.787729, 57.165941, 26.8
game 1 
gen, best, mean, std, median, q1, q3, life
0, 4.795307, -3.559322, 3.892499, -5.743003, -3.354364, -5.777652, 0.0
1, 66.21004, 1.89836, 10.56049, 3.560788, 3.721885, -5.475395, 0.0
2, 66.21004, 11.071205, 19.220647, 3.721885, 4.829665, 3.721885, 0.0
3, 66.21004, 32.882126, 28.723611, 43.474554, 57.220804, 3.721885, 0.0
4, 66.282972, 55.425889, 19.084361, 61.730323, 66.21004, 57.038356, 0.0
5, 66.557582, 61.028203, 14.238195, 66.21004, 66.276415, 66.074681, 0.0
6, 66.588354, 63.558773, 4.215875, 66.276415, 66.285443, 57.26027, 0.0
7, 75.266659, 64.735633, 3.994691, 66.28462, 66.557582, 66.233276, 0.0
8, 85.064258, 58.359835, 20.807067, 66.557582, 66.588354, 57.615505, 8.2
9, 85.064258, 58.873895, 18.519131, 66.142982, 66.588354, 57.247427, 8.2
10, 85.651679, 61.207647, 22.183786, 66.588354, 75.183674, 57.3347, 14.2
11, 85.651679, 63.238919, 28.14866, 75.168118, 84.243468, 66.059336, 14.2
12, 86.014809, 79.255752, 8.49976, 85.064258, 85.389526, 75.247427, 17.8
13, 86.071679, 70.022536, 25.366939, 84.441103, 85.651679, 66.250607, 18.4
14, 86.071679, 67.012738, 29.489462, 80.310463, 85.652587, 66.35243, 18.4
15, 86.081098, 73.933981, 20.729941, 85.681679, 85.901098, 74.991847, 18.4
game 2 
gen, best, mean, std, median, q1, q3, life
0, 75.263428, 0.723864, 19.550241, -5.769881, -5.529092, -5.782282, 0.0
1, 75.263428, 11.899537, 25.121381, 3.661861, 3.721885, -2.70805, 0.0
2, 85.904258, 40.78533, 31.48062, 57.036421, 66.174, 3.721885, 16.6
3, 86.126285, 56.519205, 26.935525, 66.174, 75.251412, 57.037064, 21.4
4, 88.819688, 66.36135, 25.07545, 75.207451, 85.580732, 66.025584, 45.4
5, 88.819688, 68.598798, 27.538163, 85.602678, 86.126285, 65.983066, 45.4
6, 88.819688, 50.692977, 38.731797, 70.585548, 86.126285, 3.658865, 45.4
7, 88.819688, 54.19816, 38.126485, 70.686668, 88.819688, 4.108681, 45.4
8, 88.819688, 64.38273, 32.631365, 85.390344, 88.819688, 50.594939, 46.0
9, 88.819688, 71.258425, 29.11799, 87.593306, 88.819688, 66.580574, 46.0
10, 88.819688, 69.739277, 31.036859, 88.819688, 88.819688, 66.080518, 46.0
11, 88.842907, 66.844025, 35.257638, 88.819688, 88.819688, 66.036461, 46.0
12, 88.842907, 73.26608, 30.878127, 88.819688, 88.819688, 78.085426, 46.0
13, 88.842907, 73.145017, 28.522759, 88.819688, 88.842907, 68.725522, 46.0
14, 88.842907, 70.668567, 30.830876, 88.842907, 88.842907, 74.998669, 46.0
15, 88.842907, 63.817493, 33.569346, 85.896392, 88.842907, 43.941744, 46.0
game 3 
gen, best, mean, std, median, q1, q3, life
0, 57.036421, -1.323168, 10.774903, -5.768277, -2.70805, -5.783825, 0.0
1, 66.174, 11.373872, 22.316895, 3.4994, 21.017719, -5.278115, 0.0
2, 75.557582, 38.631487, 28.128249, 57.036421, 57.613222, 4.039581, 0.0
3, 75.557582, 46.912251, 28.194131, 61.747654, 66.174, 25.610517, 0.0
4, 84.708859, 50.701044, 29.041923, 66.174, 74.775442, 14.322187, 5.2
5, 84.765869, 60.395302, 24.164465, 74.838684, 75.557582, 56.983261, 5.8
6, 86.335744, 70.092378, 18.408929, 75.557582, 84.708859, 66.023649, 18.4
7, 87.055744, 72.407231, 23.395021, 84.708859, 84.765869, 66.174, 26.8
8, 87.055744, 78.889973, 13.571479, 85.808724, 86.335744, 75.083784, 26.8
9, 87.055744, 75.228792, 17.496734, 84.704379, 86.395224, 66.220603, 26.8
10, 87.152892, 82.182998, 8.729204, 86.41505, 87.055744, 84.517616, 29.8
11, 87.986602, 76.675891, 20.891083, 86.924318, 87.055744, 75.175479, 37.0
12, 87.986602, 65.869686, 29.900218, 79.789957, 87.055744, 59.226982, 37.0
13, 87.986602, 73.191291, 18.664024, 79.947563, 87.115744, 65.842622, 37.0
14, 87.986602, 68.651665, 26.034191, 85.884929, 87.152892, 65.722411, 37.0
15, 87.986602, 67.29202, 27.21585, 80.164504, 87.986602, 57.148155, 37.0
game 4 
gen, best, mean, std, median, q1, q3, life
0, 86.41505, 3.708127, 20.808944, -5.743003, 3.46582, -5.777652, 18.4
1, 86.479465, 25.25714, 30.184908, 8.644685, 57.036421, -2.70805, 19.0
2, 86.479465, 48.96473, 29.015112, 57.615505, 66.185869, 21.593984, 19.0
3, 86.479465, 42.107432, 37.090811, 47.883981, 85.264868, 3.628666, 19.0
4, 86.612892, 74.191153, 21.841142, 86.375397, 86.41505, 74.934513, 19.6
5, 86.612892, 70.03025, 21.995959, 80.240106, 86.479465, 66.019232, 19.6
6, 87.152892, 75.614099, 17.01643, 85.854502, 86.479465, 66.54575, 25.0
7, 87.152892, 73.587441, 22.60571, 86.612892, 86.612892, 66.53998, 25.0
8, 87.152892, 75.013541, 22.786153, 87.148142, 87.152892, 75.202851, 25.0
9, 87.152892, 73.435185, 23.214582, 87.152892, 87.152892, 66.176222, 25.0
10, 87.512892, 82.238261, 10.347786, 87.152892, 87.152892, 85.291173, 28.6
11, 88.232892, 76.453888, 21.91859, 87.152892, 87.152892, 78.026346, 35.8
12, 88.232892, 76.379298, 19.991835, 87.152892, 87.152892, 68.491333, 35.8
13, 88.232892, 81.530355, 12.287909, 87.152892, 87.512892, 85.043844, 35.8
14, 88.232892, 74.413133, 22.779487, 87.512892, 87.512892, 56.997972, 35.8
15, 88.232892, 70.08556, 26.044134, 87.450517, 87.808142, 56.996113, 35.8