3.052709701613909865e-01
4.247060507053151968e-01
-6.648247323972009681e-01
1.477351454661191832e-01
1.349580438686038761e-02
1.899372667310216811e-01
-2.952477218687621363e-01
5.015160840570848100e-01
7.247745084457375420e-01
3.132878480663372489e-01
5.233084433442739686e-02
-5.017685476385511101e-02
1.103389659849245974e-01
-4.283840120800420648e-01
4.329682380831526567e-01
-1.905372331544664122e-01
-3.475936647577823613e-01
5.162938233138538724e-01
5.180351709330786036e-01
-5.095123129922611849e-01
7.894553025132468038e-01
3.612110223726331393e-01
2.070260974550804101e-01
-1.174634798204390873e-02
5.795564244113581287e-01
-2.407741258913179486e-02
5.367231898261253242e-01
-4.004993943574118309e-01
2.021436700964326094e-01
-8.054168447172211920e-01
-2.543220574203877704e-01
5.476105833525256594e-01
-1.239174340312657607e-01
-2.462385100389236914e-01
-5.261256422160640600e-01
-9.027688582531233630e-01
6.192463953752842531e-01
-9.518657827540892846e-01
8.151662580335235220e-02
-6.957969713551394042e-01
-2.938962214693858765e-01
-8.857716790736032131e-01
0.000000000000000000e+00
-9.701451483498371164e-01
-1.176743040690074044e-01
-6.101566986889317423e-01
3.910679459233587507e-01
5.944905002926635929e-01
8.092515253894106975e-01
3.503386323264245372e-01
-5.305962719020945739e-01
6.823652985427808293e-02
-1.726806277632726150e-01
-1.132833807482533373e-01
0.000000000000000000e+00
2.001813165565723973e-01
3.709049715142248571e-01
6.835071027492500839e-01
1.296868567967385533e-01
5.478850297153895627e-02
7.364521893174236222e-01
4.230709930555935916e-01
5.396794133030021756e-01
1.514920800338910301e-01
-2.153722054735443814e-01
2.345895191083590403e-01
3.591221403514391342e-01
-4.922724766962959797e-01
3.709912209461336263e-01
2.629720509626893854e-01
8.237110634090213934e-02
8.644756390265947443e-01
-1.560677421536951492e-01
1.222002062036137843e-01
-8.594508524679517203e-01
-3.643829684627741261e-01
-5.357178734490766758e-02
6.310817512139782481e-01
1.100617015981855962e-01
0.000000000000000000e+00
-3.368631782081485948e-01
9.576332332704240446e-02
-2.416507402002513183e-01
3.329837847133809703e-01
6.587528211596265226e-01
-7.596115252855579758e-01
0.000000000000000000e+00
-2.264615992064889505e-01
7.085766411849759860e-01
-5.570474434494326887e-01
-1.825300944584962171e-02
-5.846576512201409059e-01
-8.176212833332391350e-02
0.000000000000000000e+00
4.383751018310998171e-02
-3.634851927980712882e-01
-5.035973797498848326e-01
4.698346513875902297e-01
-2.548123416372243821e-01
0.000000000000000000e+00
5.294951019610355525e-01
1.882115312628149240e-01
6.969870487535855252e-01
9.143896922069228994e-01
8.966917172312005579e-01
-2.134567412644687301e-01
-3.018908204904693915e-01
7.892875163137913486e-01
5.607926135583464200e-01
-1.227017230111530494e-01
2.220635950224257305e-01
4.645253592108040674e-01
1.224004580346335913e-01
3.701363198192007126e-03
-1.748619340987186410e-01
-4.167137263227805866e-01
6.181269219304541540e-01
1.094938547390800904e-01
-1.346764022619020007e-01
7.467625448480476047e-01
-2.437565004865580309e-01
1.617370764826433216e-01
5.749244552939970498e-01
3.811580082858888607e-01
2.036456556275441365e-01
-5.529613607914266593e-01
4.709866379022007443e-01
1.269556540026074154e-01
-6.038237691588256295e-01
-2.859358418542454761e-01
-5.861201581768082924e-02
-9.163069748697428851e-01
-1.044402175458290782e-01
0.000000000000000000e+00
-2.679489217734430939e-01
3.641904636041082277e-03
0.000000000000000000e+00
-9.033699124752640752e-02
-1.395704347814559487e-01
7.808562141626399500e-01
-9.518662759468480283e-01
1.876005811898103989e-02
-3.123279964429181987e-02
2.888614590325503939e-01
2.968369256215568353e-01
4.173510795865617018e-01
-6.973214545816586174e-01
2.446104361775644498e-01
-7.662512329302130221e-01
-3.652919190432199481e-01
-7.632074926300553841e-01
3.517793136741018678e-01
-4.043397369595855273e-01
0.000000000000000000e+00
3.058784990746203913e-01
-2.514231267308505435e-01
5.091699600168254625e-01
-8.346985122676461311e-01
-1.726724197993299015e-01
3.079074140679409211e-01
4.989030456348234055e-01
-2.690261867572964899e-02
-2.524945278235947166e-01
6.663957819880803601e-01
-8.153987840473592152e-01
-6.099205846045068213e-01
1.597481741257282262e-01
1.121728427349100773e-03
2.181265723895908781e-01
2.438471684223636193e-01
4.369782751240404717e-01
1.476782126544068374e-02
-2.130160660580872334e-01
2.159073702301187170e-01
-3.724035814048018977e-01
5.402936355353589182e-01
-3.730357367151985737e-01
4.007782755276176889e-01
0.000000000000000000e+00
1.032173293494656197e-01
6.278125110824162025e-01
5.238633063735581574e-01
-1.461848461978497993e-01
3.670405811492514769e-01
-1.920245590583019857e-01
2.141030302951168474e-01
-4.452958952904819134e-01
-1.474759449010477896e-01
7.702090086020130233e-02
2.181323296310131998e-01
3.318747451041416108e-01
7.198690779185911159e-01
1.878640956785689320e-01
-3.119969224809048813e-01
8.190158062343457779e-01
3.536332682020814633e-01
5.058611520991029842e-01
-3.483527344817211047e-01
0.000000000000000000e+00
-6.755194193819022419e-03
-7.045521409988204642e-01
4.502247438513903299e-01
-2.290938832950352722e-01
9.108788922604866833e-01
-5.237261711335122749e-01
0.000000000000000000e+00
-1.586474859515591418e-01
2.799693759923317371e-01
-5.173475399032685385e-01
1.528241108165672747e-02
-1.379319603767908131e-01
-2.253773491347890040e-02
2.896740881155079328e-01
-5.453836180873701533e-02
9.943487558363243994e-02
8.508594275603009738e-02
-7.060898817711370734e-01
0.000000000000000000e+00
-3.684358110375675066e-01
7.976605815695514412e-01
-1.222218154490042896e-01
-2.691949500547426433e-01
0.000000000000000000e+00
2.961111222248326014e-01
4.374906452839180671e-01
-3.917869827247074666e-01
5.982750869224433554e-01
4.478234979323185705e-01
1.924064225411155904e-01
1.666107075515991243e-01
3.903038777586463337e-01
6.094840137805610514e-01
2.919656091238682083e-01
-1.562834833364322162e-01
3.452324665738527587e-01
-4.360104735335207371e-02
-3.654553439154143435e-01
4.994649150306281621e-02
1.031823682162044120e-01
-1.477716970452623846e-01
1.320011847946360173e-01
-7.422928016308647514e-01
6.018315121208930307e-01
2.005095827875597314e-01
1.260152426201591180e-01
-7.955112150662451143e-01
0.000000000000000000e+00
0.000000000000000000e+00
-3.982744044926397192e-02
-3.377857834360681322e-01
5.657625484922420428e-02
0.000000000000000000e+00
0.000000000000000000e+00
4.941276635245527710e-02
-5.013229865113260075e-01
-1.530264147148257259e-01
4.423232186258170273e-01
-8.054928593710948270e-01
1.797252880881284043e-01
-1.001912451144305466e-01
-6.282044955708212530e-01
-2.362151277495139201e-01
4.407356778929571450e-01
1.229445282284088309e-01
0.000000000000000000e+00
