-2.904228848932638440e-01
2.692437285427517479e-01
7.594261882280439746e-01
3.922472102775712011e-02
1.223890322365719929e-02
5.085926569661661789e-01
-3.097960775761837704e-01
5.057936541475140935e-01
6.751784351537328810e-01
-1.152659228526428103e-01
1.482291946166537366e-01
-1.804483088612899577e-01
-2.559235716924342791e-02
-2.705713797703153123e-01
-2.941557924202264918e-01
-3.368703799028531232e-01
-3.494185407879099592e-01
9.305131981767110760e-01
-1.184471747692316251e-01
4.869732152765199329e-02
4.579806085767775814e-01
6.810505184650166299e-01
-3.548544186962165337e-01
6.394665448973127497e-02
1.377367505840986217e-01
-2.730350755846192579e-01
4.310864000715450284e-01
-4.417188937362273027e-01
-1.814122275472531132e-01
-9.474902871652707281e-01
-5.430771945323287220e-01
8.855817517871925615e-01
-5.922204730121775063e-01
2.355766564209348657e-01
-5.146303544349394299e-01
2.101052878196191243e-01
0.000000000000000000e+00
-8.834348673673716457e-01
-4.776399947225163922e-01
-5.739238131235623319e-01
-3.068751409485166448e-01
-2.910596083632993047e-01
-3.346963787965169246e-01
-9.393713572121220601e-01
-3.906977636288490319e-02
-5.848237358642576211e-01
9.079360479068230294e-01
7.778041343095700721e-01
7.873600269439141597e-01
1.556091079251188114e-01
2.663783103189544810e-01
-2.817261322844064608e-01
4.827680098037865353e-01
-1.148129703640271837e-01
4.140867609379745851e-01
2.742775443655131040e-01
6.251840164587254556e-01
9.134729161567639588e-02
7.369515658471204045e-01
-1.628731918421496561e-01
9.005390319942880861e-01
5.810788802980302314e-01
-6.582636472830478702e-01
2.161475494975350076e-01
-3.387623616737237553e-01
7.237326227278777224e-02
6.287589641781397010e-01
8.746252917552113093e-01
5.489680227412599978e-01
4.389865921316573605e-01
-8.081969951044604139e-01
-2.034940618900932807e-01
4.437398525955520839e-02
0.000000000000000000e+00
-9.205905905750358942e-01
1.916548012633303433e-01
-1.253064992836364078e-02
-1.902786114170491594e-01
1.858084478421005437e-01
0.000000000000000000e+00
-2.087802507688356901e-01
-5.700063727526219481e-02
-4.470649393277803529e-01
5.758232971163199654e-01
8.443830678770658515e-01
0.000000000000000000e+00
-1.085052204502028605e-01
-1.251743905788634537e-01
4.023346194244144525e-01
0.000000000000000000e+00
-3.482342376326173494e-01
6.075949785545485815e-01
-2.113572163560867023e-01
3.500702505474712067e-01
-3.680559628294926555e-01
-4.144380776834116764e-01
3.223622006165793863e-01
-1.024887470973545323e-01
-2.176330551048129003e-01
-4.221603297931820764e-01
2.839962786517520321e-01
4.726658857734803432e-01
7.370623588115763347e-01
-3.346532221625056480e-01
9.002644192653490585e-01
-6.563724438983362663e-01
-2.539184502940660115e-01
5.723552468757345801e-01
1.244170891295062753e-01
4.847402812157564078e-01
-7.032990343445215675e-01
5.164743601969568054e-01
-5.161860440566291564e-01
1.339321816167752532e-01
6.744858001388843727e-01
-8.830372110254154361e-01
1.384167278296630499e-01
2.318527964591851620e-01
-1.480700431071499956e-01
7.540873185331804507e-01
-1.933064443855599945e-01
1.125130257351692198e-01
5.329829775423466920e-01
-5.370336180354152722e-01
0.000000000000000000e+00
5.069327772825816814e-01
4.181073949471643680e-01
-7.803055543808541383e-01
-4.724517333432295407e-01
-1.971003755721559003e-01
-2.157388507000315148e-01
-9.313243225768800260e-01
-4.830341678020234064e-01
5.653923586338952534e-01
-2.578057921359072080e-01
-7.364358307336685283e-02
-7.253816650729660864e-02
1.702227781866350598e-01
3.441776763377387138e-01
5.610153525012475662e-01
-4.808229351626860382e-01
6.768625410350835592e-02
-6.970477891472341980e-01
5.585300670604950168e-01
2.111088158099658219e-02
4.521372717463753022e-01
4.633475608801757573e-01
1.809329881135876839e-01
-6.185392984518836013e-01
-4.707838460448172668e-01
-8.487920613487762722e-01
7.459084597213664347e-01
-8.808026604938603565e-01
2.918725963773682874e-03
2.305644873280675577e-01
-3.495705954112539038e-01
7.193109879695580577e-01
-6.001601239542054822e-01
3.521259726593065076e-01
7.449838156325350180e-01
4.664655797786695923e-02
6.029147743637626178e-01
-3.720872637917139181e-01
0.000000000000000000e+00
1.986871178785054315e-01
-3.794197639852673887e-01
5.604811225893659987e-01
1.061893665958420496e-01
7.111531671354050232e-02
3.078763311918081835e-01
6.534158737815792817e-01
3.890415745310882856e-01
-1.216262169055117581e-01
7.025033026334797093e-01
-6.773594433399857673e-01
5.869079985158871526e-01
0.000000000000000000e+00
2.588240119542104534e-01
-1.263185319269358176e-01
4.198232972673929808e-01
6.695438554689464583e-01
3.988408956191501487e-01
-2.995757878975996089e-02
1.647240029555618601e-01
-2.664481341416981008e-01
-1.324278944250834034e-01
-4.247083732692265023e-01
-7.853380981646653769e-01
4.909106143881258877e-01
1.606690937041260481e-01
3.691512644242875285e-01
5.108787837863340009e-01
2.824807162228143986e-01
0.000000000000000000e+00
8.711571437639534787e-01
1.540186903816190278e-02
-3.742201221495837227e-01
-6.576293124194494411e-01
5.443282118189901597e-01
-6.515669825367004231e-02
-7.787997936410484545e-01
5.434598618338493115e-01
5.629285382920128367e-01
9.337477819907888943e-01
-2.372568358979160741e-01
-3.726090177557322969e-02
-8.396701820442357134e-01
2.215433574210232959e-01
4.126536399425969059e-01
0.000000000000000000e+00
-3.687724330818898943e-01
1.464075473758403440e-02
3.778032411718907913e-01
-3.652291882334181561e-01
1.526481893739777551e-01
2.695833631933653440e-01
-6.874153131252966897e-01
-1.803514280941314329e-01
-4.371816949024679433e-01
8.528765800522931650e-01
8.288579377273738724e-02
1.491914600090162857e-01
-2.162343346180398695e-01
0.000000000000000000e+00
3.449406260095437826e-01
-4.705478030846387272e-01
7.079980888956267648e-01
9.267672175984931204e-01
2.070052418766689939e-01
1.952354190581253035e-01
2.586411631802087649e-02
7.421388562684817503e-01
2.720459694081533430e-01
4.280293820372143010e-01
3.780358481034023499e-01
1.139318118044589656e-01
-4.367249665798728087e-01
-2.378186004168207912e-01
-2.544544237854273749e-03
-4.502587198425250792e-01
-5.558365234759305995e-01
-9.363696679336416251e-01
0.000000000000000000e+00
-2.528301644651457375e-03
2.331165313226249980e-01
0.000000000000000000e+00
2.735431710272334116e-01
7.165929714887896429e-01
-6.204921470553831364e-02
-3.157121584772490386e-01
3.404893674467463494e-01
-4.124575600826390631e-01
4.130364372020096098e-01
8.430636438495611173e-01
-4.107717259993152181e-01
-3.806431643801883036e-01
5.255824092058795916e-02
-8.100388470112227512e-01
-1.655164433412231739e-02
4.585596619805484137e-02
-1.406357978368825978e-01
-5.426235239633685481e-01
-2.990026147062430639e-01
-3.376226371689924899e-02
5.820687131867902098e-01
