-6.716436792155436319e-02
3.474058978066372760e-01
5.105731741625456621e-01
7.407324946253364406e-02
1.244205585629664171e-02
4.723302426370769580e-01
-3.027551565058778094e-01
5.056844264959724500e-01
7.008279385110534054e-01
-8.206209519306768840e-02
4.785261875137111764e-02
-1.417580919091342984e-01
-2.978328987324620897e-02
-3.785469302177932871e-01
0.000000000000000000e+00
-2.375841600274286036e-01
-3.494237021179843472e-01
8.822786666938968736e-01
1.232191171972437799e-01
1.092176530923926608e-04
4.944122934417028437e-01
5.934441121396440977e-01
-4.933236631543730377e-02
1.116288381449127148e-02
3.100141543878636718e-01
-1.717279033010607470e-01
4.300136517318537410e-01
-2.568208363350564238e-01
-1.416627223169842908e-01
-8.412261452149137897e-01
-4.976184537666021312e-01
8.881790806181955045e-01
-5.359852152426631822e-01
1.195362206920821818e-01
-5.145812600145213134e-01
2.105578028217229836e-01
9.672893248789657950e-01
-8.856126109132835822e-01
-3.804915168140660664e-01
-5.766427633364397121e-01
-3.039783322910608043e-01
-3.222085514698926345e-01
-1.134529115133267596e-01
-9.531052187095745420e-01
-3.814718696678389559e-02
-5.872590305982544612e-01
7.119886782553053184e-01
7.172227687872250179e-01
7.901006275040884930e-01
2.674894992431419705e-01
5.477085373312000349e-02
-2.261950279159340438e-01
4.677565036721479386e-01
-1.138856615641411080e-01
4.103508913966540939e-01
2.474920081449676068e-01
5.679316532896114822e-01
1.511003334735685488e-01
6.955556843333914330e-01
-3.508580112780559923e-02
7.629839458168370392e-01
3.556445429414469284e-01
-2.396801668102265803e-01
1.752620096705180541e-01
-3.318682694130534738e-01
1.301607594059601969e-01
6.205785231631540944e-01
8.462498428615592427e-01
5.082270001990653041e-01
4.303481891903579437e-01
-8.054659417023769530e-01
-1.849583615527722325e-01
1.513779295702848311e-02
1.624354634516173568e-01
-9.100786110543177543e-01
0.000000000000000000e+00
-1.244068707126425033e-02
0.000000000000000000e+00
1.558041783645534306e-01
2.452075766769642173e-01
0.000000000000000000e+00
6.442763124361081117e-02
-4.408750112392940124e-01
5.695767557925572877e-01
8.476884292716828639e-01
-7.291125972568308633e-01
-1.109918126526391879e-01
-1.614980774913050143e-01
4.705494145639720349e-01
-5.644252822551660831e-01
-2.895379719871944979e-01
4.876444489129140858e-01
-1.338558811386187097e-01
4.892645497745712335e-02
-3.620800015163098129e-01
-4.159569748341990780e-01
2.799574779416665327e-01
-8.970321349555188117e-02
-2.169327908317952858e-01
-4.364614579939212757e-01
3.435418667060718412e-01
3.845518754756889757e-01
7.384493064361149495e-01
5.600806973008544132e-01
8.997702627527057739e-01
-5.239023772738253815e-01
-2.541261811855318742e-01
0.000000000000000000e+00
1.475335984417055768e-01
1.909885055489314865e-01
-1.851959879338998805e-01
5.172582747681305770e-01
-2.194978503756460711e-02
6.780220965522139320e-02
4.296664477723522446e-01
-8.920209183008398490e-01
2.890925210851588156e-01
2.195607254567104316e-01
-1.462307605458014470e-01
4.088608679594811779e-01
-2.032418730860695022e-01
1.335779180363627361e-01
5.512728491583210877e-01
0.000000000000000000e+00
3.196490694496922358e-01
4.048048787152503936e-01
4.218839219151340192e-01
-5.734644149343283148e-01
-4.832449292823305376e-01
-2.114558349225618694e-01
-1.725901462498827255e-01
-9.284306994054425388e-01
-2.356567619368671596e-01
5.420380445263788260e-01
0.000000000000000000e+00
-5.531562258218422623e-02
-7.118032877789555457e-02
1.649414738726907581e-01
2.909824345046544414e-01
6.366975886631052184e-01
-5.925107156963047572e-01
6.667283338861546005e-02
-6.134492061156052722e-01
4.300447392214357123e-01
5.509912959225522766e-02
4.398080529248707959e-01
2.949480431336557462e-01
1.825791351909441251e-01
-6.233799589479560588e-01
-4.178321131063228444e-01
-8.013020067914005118e-01
7.406040990432477544e-01
-8.924394011589930065e-01
2.619992572297934544e-03
2.519121853607794725e-01
-3.343605326328193406e-01
6.524194113173006349e-01
-6.036245535942995621e-01
2.802510873238058253e-01
7.223013225527635806e-01
4.968822431287049368e-01
2.830981251154797151e-01
-2.848808424335891876e-01
3.699864299247097033e-01
7.830619786239881308e-02
-4.071953299492536704e-01
3.299633769037208508e-01
0.000000000000000000e+00
6.732730407255559102e-02
2.921662217395333827e-01
6.544857337978977618e-01
3.769504573251742929e-01
-1.554302653877165652e-01
5.102590376041922227e-01
-6.627985321455391876e-01
5.811115762596290590e-01
9.927565290445222734e-03
2.581028219156660253e-01
-8.264665938569214221e-02
1.492459620478218674e-01
6.675509410449884662e-01
4.245478639584960856e-01
-7.331462148977277438e-02
1.849816238153598746e-01
-2.507938453595843775e-01
-1.196093951826303209e-01
-4.260042919342084122e-01
-5.981061307333370713e-01
4.666642934509709351e-01
1.773904013440396332e-01
3.606626322705992482e-01
5.423165252874065922e-01
2.359099909465796618e-01
0.000000000000000000e+00
8.401635441812613792e-01
1.654479168797765576e-01
1.930335267270839178e-02
-6.445285372160707293e-01
4.070992722494392591e-01
-6.496767081014950818e-02
-7.778944743166762432e-01
5.303277859812014494e-01
1.855315785164269315e-01
9.267167342975766164e-01
-2.563586193078390973e-01
-3.792971284817882316e-02
-8.437953631865712234e-01
2.234212176776302627e-01
1.947865393061290473e-01
4.574294175512102698e-03
-3.614554975743148879e-01
-1.012296175139305171e-02
0.000000000000000000e+00
-2.813563393671563717e-01
1.385237407314828251e-01
0.000000000000000000e+00
-6.872679813764546175e-01
-1.553162749954363764e-01
-4.173393204553766389e-01
8.519114503432050345e-01
7.702737688823807494e-02
-1.392085712741331083e-01
-1.030321313749965606e-01
3.383376019297033577e-01
3.547097485985843957e-01
-4.585603598953733040e-01
6.813859778584306914e-01
6.523731940803414453e-01
2.009788181954834663e-01
1.861399528330492381e-01
2.303847037866617667e-02
7.133741550429526512e-01
2.744739669897944268e-01
3.886572851580817889e-01
3.779864249951803701e-01
1.067563217862011471e-01
-4.157211558012221531e-01
-1.323346275289676022e-01
2.431654396978304850e-02
-2.117354275430313737e-01
-5.147352365951229913e-01
-8.948444435528553065e-01
7.052434879577190729e-01
3.516835137316893806e-03
1.660702018658200829e-01
-8.198923942588036695e-01
2.772513030641924892e-01
6.417610108740180452e-01
-6.146819177672334378e-02
-3.130736374445050041e-01
2.549575192624272124e-01
-2.478381377391130624e-01
3.812475566047570652e-01
8.122037672516747575e-01
-4.121106962632297699e-01
-3.159599328536823459e-01
9.633042928371490787e-02
-8.094484237354152567e-01
0.000000000000000000e+00
1.349023792892954481e-02
-2.929915001383973649e-01
-4.904672470238694570e-01
2.531677051930565914e-01
2.813389862291146293e-02
5.013741865023655375e-01
