4.226090995421349916e-01
-6.806142234900922627e-01
2.380731192086442682e-01
-1.714894346018625004e-01
7.890545320595581114e-01
9.308866571099736476e-01
9.429133393624078430e-02
-1.656176538817466515e-01
8.714612272717132679e-01
3.473646770780920434e-01
-2.731676041845596536e-01
-3.513103650606304029e-01
-8.158888555651577779e-01
1.059456049951794654e-01
8.179923908178425851e-01
5.938232828069760494e-01
-3.328322258085940621e-01
9.917711359219107958e-01
1.618370527825829797e-02
-7.690461925379656893e-01
-2.648977235977403311e-01
9.125983882406942804e-01
-8.828027229352537475e-01
1.438668548041075468e-01
7.302789652671488607e-01
-1.710416235144414099e-01
6.243203232045022588e-01
-5.437342054475515774e-01
-6.808590746224110202e-01
-7.195190722968323183e-01
-3.164036834114514196e-01
-4.408814349678020772e-01
8.457096410573536893e-01
9.956674536011167476e-02
7.601998894157717679e-01
-8.534078671238238822e-01
-8.051628596384741154e-01
1.596689610137014270e-02
6.094480236076966762e-01
-5.470793265145228457e-01
4.016691698274479361e-01
-2.512038730974941458e-02
8.776138855062940447e-01
-7.335202198161896447e-01
-2.137128880256495833e-01
6.375722352199599818e-01
9.128344693831313972e-01
2.930388390248896968e-01
-4.278473258070312202e-01
-1.486953547561371547e-01
5.090842436035478702e-01
-3.314352196481868962e-01
-5.420528312629624423e-01
-6.766895336500200475e-01
-6.195682753829951928e-01
-8.561127341721166406e-01
-1.200105153780872680e-01
-4.081822304250040112e-01
3.915489561841098975e-01
-6.375201368801912682e-01
-9.536417581352976125e-01
-9.972745941971763450e-01
-8.184584047370051518e-01
6.245991717913290664e-02
-9.866209600326993900e-01
-3.110969765523152741e-01
-5.178664440326932183e-01
-3.278342991514964222e-01
-4.860698851562821332e-01
9.191708709048813652e-01
-6.239216730469436811e-01
-8.021951321502560628e-01
6.139126732002453402e-02
8.586606304903821041e-02
9.952862049340207573e-01
-3.199398622435727368e-01
3.035846489263924752e-01
8.805359304193585146e-01
-5.143777334675154744e-01
-7.364248588053790012e-01
-3.157070174822664832e-01
-6.220210945273378922e-01
-1.294437015969742699e-01
-9.234763472325826505e-01
6.565178545908039176e-01
-5.082642838034394650e-01
-9.102316974423869667e-01
-9.111464620010600868e-02
-4.455223828957526333e-01
3.722126417862843262e-01
3.181404142210557673e-01
6.589718691644288473e-01
-4.914153484703565056e-01
6.351524316788597080e-01
8.140823673559698381e-01
2.905316166174845005e-01
-7.721897881069172964e-01
-4.463391096406776892e-01
4.160524466121857667e-01
4.070336238808103246e-02
-8.158255179320148542e-01
3.357697506782209018e-02
-6.079766302504265862e-01
-8.224684175863510305e-01
2.365852083326935862e-01
2.153133670374156594e-01
-1.566240788060306866e-01
7.344839695540552604e-01
4.705603329233016829e-01
-8.903089890024442621e-01
-6.164342817824783882e-01
-9.970140896694743571e-01
-6.451237868173054224e-02
9.262465388847147540e-01
-1.710091300375908840e-01
-7.919289414650010350e-01
-6.177458200686405387e-01
7.259402797356513393e-01
-4.406757382463153405e-01
-4.269740827584389553e-01
7.820424761416668868e-01
-6.042543306731251729e-01
5.084927641238770057e-01
7.726534863319269864e-01
-1.264675194343860554e-01
2.293693529622651273e-01
9.803997990679877983e-01
8.982312192945032248e-01
9.994550278169935797e-01
-3.272168156921269055e-01
-2.805822035987963758e-01
-1.962370258299701575e-01
-5.263289129549135748e-01
-9.115088292375210788e-01
-3.476725806247318307e-01
-6.705337460843212583e-01
4.591644258165268333e-01
4.409266019774471523e-02
-6.505588835010860382e-01
-6.133793555043689505e-01
4.085746298997545711e-01
-5.138984413366465276e-03
5.392007232580109388e-02
-2.640006966889465456e-01
8.851290861628624551e-01
-3.627121632565313281e-01
3.755549224376930617e-02
-7.557331306963654960e-02
-7.668268073854969114e-01
5.998602355582942636e-01
-6.824445852828844306e-01
9.778909560838038306e-01
7.148428522876557611e-01
4.698343641534672432e-01
6.155636309259222561e-01
-9.554577426024597475e-01
9.011156611262416405e-02
6.326020007721144811e-01
-2.380447170523714018e-01
-7.874973341540443261e-01
-2.300041641371599610e-01
7.625723209555776982e-01
-7.095670602101276092e-01
5.127382235922781639e-01
-1.385729059829898802e-02
3.650932657978904761e-01
-7.008020883646737254e-01
5.712791162339720952e-01
-5.133915814967626723e-01
1.972585141619900284e-01
-4.703889852190767940e-02
-4.959848330860150423e-01
3.666503164063610321e-01
9.951587225401117287e-01
4.115395582896945736e-01
7.430903003353515057e-01
-1.015149011508680310e-01
5.054674740514288889e-01
-4.255893641633419211e-01
6.929789858996446839e-01
1.011455144154393970e-02
-2.355692233531616608e-01
4.963338417793368151e-01
-3.280576556180696546e-01
2.510141252024680192e-01
6.541480619168069666e-01
6.005556651892587361e-01
4.593011508111621843e-02
-8.392220377080246152e-01
6.852909412971095460e-01
8.153410730401917661e-01
-3.128021152447539865e-01
6.427660285556442421e-01
6.625272285088661395e-01
1.028809569146875713e-01
8.331015906098893087e-01
9.542726291544312289e-01
-2.595338367978430316e-01
-1.720275212051056712e-01
3.429778463165369384e-01
7.323944389304071212e-01
3.899446970175175498e-01
-9.043604880325897266e-01
-9.530013149904836833e-01
6.257062914751365668e-02
5.678477945056705778e-01
-4.152178547015461518e-01
7.253716634421887299e-01
-8.073611963368956257e-01
-6.544200894744516273e-01
5.936249656888423765e-01
4.306562845164199071e-01
-3.352596778445242620e-01
9.080615257881010649e-01
-4.702334434580175415e-01
3.874855694504821813e-01
-7.097414537492936493e-01
-6.118706423711193221e-01
4.228377170630288617e-01
-5.448077441644456620e-01
1.500204207969637604e-01
-9.300782646883161142e-01
1.126005577052178186e-01
-6.806804372964738725e-01
9.449892454515351758e-01
-2.603973309122604718e-01
-6.141230757260729423e-01
4.514363984997755708e-01
-6.777214349749129951e-01
7.843772898016725392e-01
-9.135948009664494052e-01
7.702115471157400250e-02
9.673745334313781363e-01
7.900711702557599025e-01
4.907211246469624921e-01
-5.122225093289407560e-01
-2.958830750193228720e-01
-4.936616849942654373e-01
1.272954966598045523e-01
-6.663680395789928212e-01
-9.113212336142444414e-01
1.263159748772855195e-01
3.165326792989726634e-01
9.201880166820108897e-01
6.188505578573717525e-01
7.256645586356160749e-01
-4.945577851455684737e-01
-3.042399425342654506e-01
-6.774158649528927434e-02
2.868092783589579753e-01
-4.228720172482238748e-01
8.289467712996154702e-01
9.769925023213741344e-01
5.415778140811879915e-01
9.965670916231463838e-01
-3.587007291549222376e-01
-2.826385518342637848e-01
-8.620796823575416212e-01
-7.036634951050935172e-01
2.219182266448165297e-01
-4.387310005715905348e-02
-5.058996997119415973e-01
-3.194888739948686940e-01
-1.403787112561412087e-01
-8.502989738681077103e-01
