7.862961493272559999e-01
7.875648646281652177e-02
4.775652012384279388e-02
8.052467083956480476e-01
-1.794970952750696291e-01
-4.420746542258984224e-01
-6.061237661266907217e-01
-9.706938133375864197e-01
-6.802870052837721726e-01
8.130524137410644059e-01
9.181728960381121407e-01
-2.808957650656203064e-01
9.248591760484921043e-01
8.099749747354543228e-01
-3.957258821786528991e-01
-1.187684124983794387e-01
-3.499308671924050707e-02
4.227373175409803174e-01
-8.929136298872990540e-01
-1.238946920626367021e-01
9.617925516216176973e-01
-4.843868300013300932e-01
-9.121637812188274630e-01
-1.332376970014426121e-03
6.815994296301735034e-01
-9.463032230877181927e-01
2.436893533856530070e-01
8.461517322208418346e-01
2.408056580587398798e-01
-3.207865915260041945e-01
7.978595244557593613e-01
-5.426739471700510187e-01
-8.436113479571720752e-01
-2.125249264781596814e-01
6.730905085758738249e-01
-3.329800541646106282e-01
-3.311935754016657185e-01
-8.207632932428667871e-01
-6.975636372341607050e-01
6.061840672719678302e-01
-5.026244046587011738e-01
-2.674765222218089544e-01
1.262760463124650290e-01
-2.663828426657910420e-01
-7.305704526485456984e-01
-3.130699522531419365e-01
3.790440928220883965e-01
2.957614197246767329e-01
-1.885503129424361823e-01
-9.190413956034091392e-01
6.383020669491701327e-02
-2.895092641971759306e-01
5.970389907522515305e-01
8.993780272825588895e-01
3.879057919269750521e-01
-6.005302882221565941e-01
1.553690580939286470e-01
2.249291951857836924e-01
4.395975340449687074e-02
3.685209382842224990e-02
-5.767977597351630070e-01
-8.225356186653411950e-01
-3.311232494546265670e-01
-7.203866417269972899e-01
-4.823053131432433194e-01
3.124091675703104531e-01
-1.396520858256053987e-01
-2.957795411414423370e-01
-8.101290192155881087e-01
-6.697124958924991489e-01
4.490756858317119793e-01
2.319161663289381892e-01
-5.357847868674820990e-01
2.994190323697012435e-01
-2.765047789122276889e-01
8.717527040649653003e-03
7.638358184305609200e-01
-3.239607045536159191e-01
6.418243040270321664e-01
5.769940543100782193e-02
-5.722506354968848186e-03
-6.232719276653964080e-02
-3.700767551548993506e-01
1.378324435607380938e-01
-7.099128862966463949e-01
-2.971617333670391048e-01
-6.742008828740018167e-01
2.040258740811446980e-01
5.464883508976370319e-01
9.619985691563082142e-01
-8.489737693415151387e-01
7.188900826338695538e-01
8.026253063912489605e-01
1.024870963753972131e-01
7.498403838287273082e-01
-7.892401255454002396e-01
3.280167016716739603e-02
-6.948303729380593818e-01
4.517054169633956118e-01
-2.070562574199339423e-01
5.960672037042349380e-01
-3.678795066936648706e-01
-7.096211669383329923e-01
-1.538075978597368554e-01
3.745273103779032109e-01
-9.627493125829911236e-01
-1.843622845106913655e-01
9.673296036308909329e-01
9.799683179369078623e-02
9.603441355290480708e-01
5.020059118608397597e-01
-5.207007988249123809e-01
-8.559823168558238216e-01
-1.291533053579825285e-01
7.055513555711445672e-01
-8.662527585975021704e-01
6.402703081834104637e-03
-6.452335566633558006e-01
-8.242034849027035648e-01
-5.088151152466973137e-01
9.335217799847006503e-01
-7.549817434469965338e-01
1.845206344858738579e-01
-8.444314106562862410e-01
-4.307977644806151307e-01
5.495364346411526490e-01
6.722161095436054445e-01
-6.734166204827729540e-01
-4.409144980767589761e-01
-4.424719591986496781e-01
5.615314411885048429e-01
7.530458816249676612e-01
8.588892300747312802e-01
-3.131353341546214697e-01
3.986807203936142407e-01
-1.526206000889136494e-01
-5.651318579983535262e-01
2.939608775449802369e-01
8.805039440722004507e-01
4.422407106665220411e-01
9.048422757396945570e-02
-5.027950269117509308e-03
-8.869432412973505819e-01
7.828890408787694266e-01
4.710249837657505267e-01
-7.661426186501865132e-01
7.219787357433140595e-01
-1.007051645982388610e-01
-4.607563634562636956e-01
5.343942060825828122e-01
1.729144056692890619e-01
8.718453590276253884e-01
5.762580725844406171e-01
3.615365409118855844e-01
5.432609739792066961e-01
4.513494573976808422e-01
3.640282613219114616e-01
-6.409567070606769779e-01
-4.997315287817847285e-01
6.918876011520378455e-01
4.172229100088908904e-01
4.116476148114840417e-01
8.404933841738051470e-01
-6.535020555643897833e-01
-4.840583162684977125e-01
2.987226912757816599e-01
-5.953219586491025339e-01
6.519986444589420671e-02
-9.184547956288313664e-01
-4.209563039271881912e-01
-8.817430408775546180e-01
4.103982853822942811e-01
-8.733868919004506015e-01
6.243106711550894250e-01
6.027240441573114005e-01
6.771721514810469245e-02
-6.084628164042853449e-01
-4.940636969163110237e-01
8.961198374832985980e-01
-9.379302395755726440e-01
7.506954549173325830e-01
-5.722609726119518569e-01
-6.631278022833875241e-01
9.456865969889367562e-01
-4.906275846079162228e-01
3.193991970114815615e-01
3.286797548726270168e-01
-6.062028131644527917e-01
2.682045849982208630e-01
-8.762137501128104411e-01
2.382739516983845007e-02
-6.224463867165612729e-01
-2.364599906497804049e-01
-5.023476552995977951e-01
2.485790498713880137e-01
8.526889905616907850e-01
4.749846998582909485e-01
-7.902042314384312149e-01
5.427371323877021592e-01
-4.622835550713355612e-01
4.444785098967638515e-01
7.026339155735088493e-01
4.137745459769823775e-01
-4.053995431404118222e-01
6.885172378901911472e-01
6.518097870534687033e-01
-7.367766361921119778e-01
-8.349493428142205076e-01
8.618993980221079099e-02
-1.902460557873908442e-01
4.407285729634933258e-01
-4.472881390515919264e-01
-7.783986257131159103e-01
-3.038822426471632365e-01
-9.659025089789219365e-03
-2.536866558120647319e-01
3.526225120619119746e-01
9.163945900976391279e-01
1.202269643055411397e-01
1.005349264444568291e-01
5.620130625568808824e-01
-2.855607768360037824e-01
-4.385465402270569690e-01
9.375916020229078107e-01
-9.860238593463750423e-01
-9.998137230946209097e-01
-5.831684933697880435e-01
-1.979569611076463787e-01
2.565542006668490860e-01
5.875619059496364205e-01
-6.618990160634410369e-01
-1.690978150518194223e-01
4.186263314689693260e-01
6.903771121511641518e-01
-1.302044322486572980e-02
-6.622299851473494314e-01
9.205319842919670315e-01
1.538098704200474565e-02
8.741393791054985485e-02
-3.340761230446112062e-01
1.804923674511924592e-01
3.785256347455479009e-01
-8.906266871152535014e-01
-4.294692965940518636e-01
3.049205937705967706e-02
-7.481752345062986365e-03
-8.557972151687567308e-01
1.499124777915654683e-01
-6.614168291355415619e-02
-9.697933370359224092e-01
-9.186132867708154404e-01
4.391931909027289027e-01
-9.754743619556449641e-01
4.679223616884717885e-01
2.643820633686826405e-01
-4.708216242856064770e-01
6.297860357566040790e-01
-6.978549053217477649e-01
5.729128223803026110e-02
-9.332019397214932344e-01
8.628039485093936811e-01
-8.544153843855264441e-01
-2.354030527109662874e-01
1.708959763617616812e-01
-1.479601243959312029e-01
