-7.023819643672191138e-01
5.165911907611364651e-01
8.388476602467640486e-01
-2.484090288175506700e-01
3.160034487006289083e-01
1.646255533056866227e-01
8.796447294140836703e-01
9.009957786623112863e-01
-7.176863881309163418e-01
3.847850611156713452e-01
-2.768193253825323996e-01
-7.254321360020021814e-01
-1.371853086550662848e-01
-1.972067889635873428e-01
-3.987080718603652763e-02
0.000000000000000000e+00
2.419761132108397828e-01
-4.788598767363618780e-01
7.742252157425144610e-02
-9.285983975422762438e-01
-5.717268559722155086e-01
7.896082222991944732e-01
-6.655172411747605210e-01
-3.900454173656544565e-01
-6.443829864549335262e-01
5.262228920636431440e-01
-4.697824706823208185e-01
-6.559991313424520243e-01
5.492369515347361730e-01
2.687617496051530885e-02
2.994665235600317832e-01
-1.500212857517837506e-01
-4.109251538341029963e-01
-6.608625089807065311e-01
2.594527892105060740e-01
9.225762569687363523e-01
-2.532968881533086414e-01
-5.660552350421277357e-01
4.003130591904886515e-01
1.718336689087385238e-03
-7.205715755456880700e-01
3.373293869849494087e-01
-1.813804685401736450e-01
5.894697466416753961e-01
3.866064545821252807e-01
2.066536261668068253e-01
9.542218705104117404e-01
-7.707074370421309606e-01
2.860424287577718605e-01
9.590465472432516680e-01
5.850017028858016666e-01
9.090980804388482106e-02
-3.666030914699438537e-01
-3.376666174698983447e-02
2.773061063771440349e-01
0.000000000000000000e+00
2.226659908237194063e-01
7.065280805182139190e-02
2.613408627950852825e-01
4.936897549221934689e-01
5.845320970030698504e-01
0.000000000000000000e+00
-6.676544578124719020e-01
0.000000000000000000e+00
-7.643921031409859346e-01
6.533259207629034115e-01
2.472843097828629766e-01
2.793531163733242728e-01
-8.818102248564505530e-01
-2.174155064822196337e-01
7.508688364305615703e-01
0.000000000000000000e+00
0.000000000000000000e+00
-1.033199922350227506e-01
6.408531408058542045e-01
-3.889760335911236488e-01
0.000000000000000000e+00
-4.436113896757272190e-01
1.077839602228769511e-01
-9.747030138522019271e-01
-2.379324134961477988e-01
-2.248905379045251784e-02
5.783674206882949420e-01
6.487501394278214484e-01
-7.139848487587618919e-02
4.020044653018546299e-01
0.000000000000000000e+00
-9.419029251168375971e-02
-2.809105326507423950e-01
-5.045670977057972184e-01
3.559268524383887300e-01
1.414865989746205699e-02
0.000000000000000000e+00
-3.227366932954496281e-01
-6.336560744096075837e-02
4.168866611778594411e-01
5.745247873866285993e-01
7.566241276498817392e-01
-3.143942006083684237e-01
-6.175579674224760396e-01
-8.308097924747850360e-01
1.385619644634878966e-01
-3.793952058647556136e-01
-4.234465765198129894e-01
-8.253192882500348659e-02
0.000000000000000000e+00
-5.339525432553859918e-01
-6.067354166933023318e-01
-5.201349168690749813e-02
-8.080710667537884806e-01
4.696203438419255249e-03
6.097254128461251366e-01
8.016837695599514646e-01
-9.344821188537151269e-01
-2.396678618492196211e-01
-4.748251958507270221e-01
-9.115062535771674135e-01
2.781747095114313062e-01
0.000000000000000000e+00
-5.770671411985710542e-01
6.417857198976866240e-01
0.000000000000000000e+00
1.455052939492040842e-01
7.241397698059397481e-01
-3.507961441024811666e-01
7.630727877197593934e-01
-9.514158216411219282e-01
-2.128689939357004679e-01
-9.010698798164220591e-01
1.000000000000000000e+00
2.468719951291307169e-01
4.953985831277962770e-01
-9.882299661045190753e-01
0.000000000000000000e+00
0.000000000000000000e+00
3.200941857399710599e-01
-5.258194986567679141e-01
-3.823995111943045977e-01
-4.050963352055814148e-02
6.500276295828519846e-01
2.170646601931580655e-02
3.354057868990489855e-01
5.675518835437272092e-01
4.858628671333118376e-01
2.997944267518901640e-01
0.000000000000000000e+00
-1.974734997408982284e-01
0.000000000000000000e+00
-1.464967791097209204e-01
-6.093588846668120951e-01
-3.304292016653564978e-02
-9.828983615170774346e-01
-8.820357491366237479e-01
-5.882357854938713437e-01
9.156463039553059957e-01
-6.596972441368964546e-02
-8.757297649650797045e-01
-2.197927070062390964e-01
9.276905425268113792e-01
-5.452944290610144407e-01
9.286545156095147302e-01
-5.037348622099220297e-01
7.857375177172252201e-01
0.000000000000000000e+00
5.384603459091192867e-01
2.616813709700593904e-02
4.629541361500641994e-01
2.378287473838711641e-01
3.431830302515228581e-01
-7.075403718549571064e-01
5.587136307962685677e-01
-8.643404433088517358e-01
4.184034337943940418e-01
7.433101409269533555e-01
-3.892393430582343772e-01
-7.100734488263453770e-01
-5.886511754024572607e-01
-3.599563848846729641e-01
6.180984018084307863e-01
-4.537957569930262114e-01
-9.970917652100073081e-01
-3.025949718490572593e-01
5.747509147297000798e-01
2.057961456119381527e-01
-1.566821978125172432e-01
4.426832088761334383e-01
-6.051625760343160021e-01
-9.434498129504000907e-01
0.000000000000000000e+00
4.528876300554325329e-01
0.000000000000000000e+00
5.916583187928849963e-01
8.813884828339177968e-01
-6.533401222368002692e-01
-1.839448054698131774e-01
-1.391945749216276784e-01
-4.282561641608804148e-01
7.216834844682749051e-01
5.987510629971928289e-01
7.757600690477512995e-01
9.567120788933183295e-01
0.000000000000000000e+00
0.000000000000000000e+00
2.857531871429321857e-01
4.568210720443188766e-01
-5.706322978125173417e-01
-5.109044019842921003e-01
5.831454118628633942e-01
2.998583511067787200e-01
1.126487304773604592e-01
0.000000000000000000e+00
-2.152562155839865543e-01
-8.531390371472926670e-01
7.390633514807536386e-01
8.346952496848409897e-01
-2.831178899656054959e-01
9.039319906220681933e-01
1.276405607443160672e-01
5.540633219923858377e-01
-9.210433765109817816e-01
-8.372924818690437032e-01
3.645415976792454327e-01
-7.186881276281109621e-01
-6.170065075174226976e-01
6.219271117297486828e-01
-7.896131573842548601e-01
6.211157097752877387e-01
-5.622341574012594823e-01
8.094241080084947360e-01
8.525878925538903363e-01
-5.629258205872942344e-01
3.231735686822025944e-01
5.678843375061708443e-01
-7.212536333856807147e-01
-9.965123766730776822e-02
3.939776560792749294e-01
2.930353128875982094e-01
0.000000000000000000e+00
-9.378329099693651916e-01
8.827727047512505809e-01
-4.271139469971629854e-01
-3.045322685240892113e-02
-4.220402756875496486e-02
-4.847776751458050537e-01
9.704027123151082179e-02
9.701245466850403343e-01
-3.306033026723569357e-01
-2.365506559451642232e-01
-2.883578742452488353e-01
6.602211688934871425e-01
8.665266717624797721e-01
-9.274440773028231888e-01
-2.465971856585462696e-01
6.453725798827012472e-01
-7.767833853218475415e-01
-2.120957118110806672e-01
9.926865086684286688e-01
-1.251757602945331449e-01
7.408827095715693201e-01
0.000000000000000000e+00
2.436350630888322044e-01
3.052204703477010561e-01
-4.454980583933159100e-01
6.811753501393487120e-01
-3.284014335574774179e-01
