-4.225227765897079379e-01
-2.910782263973784589e-01
1.334063943510158390e-01
2.007560446222504680e-01
-3.426938387932584318e-01
-3.294309649588175737e-01
0.000000000000000000e+00
-1.897550196866656380e-01
7.550876034259892955e-02
-1.452152829346856078e-01
2.960986402509071524e-01
-2.786483314129404865e-01
0.000000000000000000e+00
-6.385693568873643811e-01
8.600932403170227780e-02
-3.688488673607352997e-01
4.411468261060121909e-01
5.028331833254202632e-01
-1.233674491141698581e-01
0.000000000000000000e+00
-7.804934668222026639e-01
3.533537800522147387e-01
-3.869587103617266877e-01
9.380204196949469553e-02
-7.918303892937224031e-01
2.996409164882179454e-01
-1.923637783842616078e-01
-4.189422269975777713e-01
1.470147918433622469e-01
5.273549985636626358e-01
-3.473920878443702565e-01
-3.535431588406250381e-01
-4.473877962678480397e-02
1.673061904658704191e-01
-2.404001308730734643e-01
1.037285062160367144e-01
5.349497793897197706e-01
2.705791113827387684e-01
3.259484038620653196e-02
3.873058120151067207e-01
-5.528377051311905710e-01
1.926245419317526020e-01
-1.182639483570884187e-04
-4.200536560017951171e-01
3.340746744664701007e-01
1.008958926334703327e-01
-1.404745997074627883e-01
-5.458418945499833586e-02
1.939603038546434677e-01
3.857278180571913628e-01
1.488920178201005584e-01
1.564691262364076851e-01
2.626331020053529475e-01
-4.664128374028881918e-01
1.146923638532460973e-02
2.970768473868137249e-01
0.000000000000000000e+00
-3.277701194201964041e-01
-1.904136958253679901e-01
5.467000893364025726e-01
-3.225786371921477991e-01
-7.861129381129372540e-02
-8.573948354722652487e-01
-2.387649651785532512e-01
8.223960394410911867e-02
3.436554404357290426e-01
-3.967645657180616792e-01
-1.752636594117733815e-01
-4.349738850350359787e-02
3.031255818178487660e-01
1.623816777111067311e-01
-6.093598274060116893e-01
1.008683185546904448e-01
5.480191807809871030e-01
-3.067426072426794326e-01
-1.943695898138447786e-01
1.674848380882720811e-01
1.631897879270265694e-01
-6.122975428248743635e-01
2.885963766740030911e-02
-4.134591704455430339e-01
2.037413310634208496e-01
1.787398389650317609e-01
-8.515321812696308862e-03
2.452896856619543597e-01
1.407426842290685973e-02
3.808814246449266916e-01
7.517193258539214828e-02
4.916182002358990832e-01
8.576587293670765444e-01
2.976994100738784566e-01
0.000000000000000000e+00
-3.464208902020067815e-01
4.915510901581655878e-02
4.285567776442112953e-01
6.257833325259801738e-01
-8.794163776360219842e-03
1.508981573690850730e-01
7.059766167398435766e-01
-3.054133139531088614e-03
7.596738370292603904e-01
1.776144463799348705e-01
-2.627145768854817834e-02
-5.275724990689243526e-02
3.008802654093718498e-01
-6.099350154576150818e-01
-2.633218097363368981e-01
-1.877989519928686679e-01
1.891391576208433234e-01
-1.197502010825701596e-01
-5.506942424557599580e-02
-9.548081258252724690e-02
0.000000000000000000e+00
4.897534997847137212e-04
1.287573698548269974e-01
-7.917918264329705524e-02
-3.496955239214829536e-01
4.440342434954852591e-01
4.170685734214990559e-02
-1.376866065715399989e-01
1.826775085935653520e-01
-1.042452727980889698e-01
-4.135955966264275308e-01
-3.500177587089746689e-01
-7.219827038778656725e-01
5.346976226485290751e-02
6.628114937085224367e-01
5.841247206383459040e-02
5.454525455935692602e-01
-3.972096418999896406e-01
1.264574098032270055e-01
-3.919977228732127728e-01
-2.289778968797459013e-01
7.494649709020806405e-01
-1.297561420933470155e-01
5.139732790536441498e-02
8.768395250376046501e-01
-1.950564407821265833e-01
-6.863646704848687108e-01
1.239986486664304277e-01
4.250791464242239526e-01
-5.188597682612463820e-04
-3.830373571382507114e-01
4.541066454027322674e-01
-3.136223525656363087e-01
-4.065861317564517519e-01
-4.051727621707380822e-02
3.237618920636027853e-01
0.000000000000000000e+00
6.475638295053831595e-01
-1.952764564847363216e-02
-2.612361438900391575e-02
0.000000000000000000e+00
-4.276903578775523851e-01
6.335071334123214548e-01
-4.545341276645226136e-01
3.897916807465093281e-02
-1.434578756599300814e-02
3.975275661469317989e-01
2.744224339733518092e-01
1.797013990254985594e-01
-3.582828350048545829e-01
-1.032763608066008393e-02
3.038850151697802815e-01
-3.486349622597406661e-01
6.102075031671316818e-01
-4.228418842683352719e-02
7.549316623477571320e-02
-2.458645404945263846e-01
3.560393961401657481e-02
-3.976066922227443345e-02
-5.538355058819632859e-01
-9.722227393039709065e-02
2.350906882493576933e-01
5.544220292778080372e-01
-5.288815625564654566e-01
-3.528941917384957883e-01
-3.960151436969867600e-01
-5.034634517184680691e-01
1.348399722652073585e-01
-2.706108589696277766e-01
3.286506329177277252e-02
9.971681342406391035e-02
3.624501898193070726e-02
7.104308809774426137e-02
-4.841181315060605339e-01
2.908144131147298930e-02
-3.104526845857999429e-01
-2.166424599440337773e-02
-3.138794413186480337e-01
-5.756827300504405720e-01
1.112021400508663160e-01
-1.005221018385953069e-01
5.107620822042641812e-02
-1.275463827408308271e-01
-3.495291091912162695e-01
1.943861213142480393e-01
2.249663570429885628e-01
-1.251073793536686130e-01
5.584957407852546574e-01
0.000000000000000000e+00
-2.801823922409995005e-01
2.498529685085248975e-01
3.727618201595701564e-01
2.499985272057664853e-01
-2.343386742893892039e-01
-2.923349829171941749e-01
-3.167757198519650652e-01
-6.665857751581916180e-02
-3.039082131789794805e-01
3.034063746506661108e-01
1.624794085701146418e-01
2.938402533700060215e-01
0.000000000000000000e+00
7.573413186826372101e-02
4.444088897669995486e-01
-1.204145947931037075e-01
-1.268643400782421271e-01
3.132710390316394977e-01
-1.220984978720375536e-01
-8.292168237191380187e-02
-1.996763280754709213e-01
-5.376978261919712621e-01
-2.647744872694151597e-01
-1.824743920823995169e-01
1.915330847851426377e-01
-2.485778210269186106e-01
4.382376557637506775e-01
5.581425716679508930e-01
6.471262680161329328e-01
-8.411769243525063500e-02
1.362623504827948917e-01
1.158625458101731343e-01
0.000000000000000000e+00
-2.635285004217879368e-01
4.952769015912295014e-03
0.000000000000000000e+00
-1.619458206283337087e-01
1.311470776182793729e-01
2.948214973768000235e-01
2.036634278783154839e-01
0.000000000000000000e+00
3.272827131084654617e-01
-2.347279604846099280e-02
3.121526596260268960e-01
2.921343043617911084e-01
3.243770725028933821e-01
0.000000000000000000e+00
2.509185642417511297e-01
-4.968517219836205423e-01
-2.362474902430561352e-01
-8.297669076190478110e-02
-3.523535438142201826e-01
1.437072711662026603e-01
5.609497472518147898e-01
-2.316900172881611319e-02
-6.262913346090914768e-02
4.372878370266627401e-01
-2.664370481405350377e-01
-2.009516435807454648e-01
-9.532898118162606016e-01
-2.244586110501951837e-01
1.049591747399128139e-01
-1.602148880846001877e-01
4.072528999377008629e-01
