-4.594008215327755607e-01
-1.208146235203776953e-01
-3.318179955668715264e-01
1.331427913816122521e-01
1.522600710019048065e-01
-2.564602977103623838e-01
1.137344613585153652e-01
-4.712767064810524098e-01
7.270873538629399335e-02
-2.821975208809754943e-01
-1.031776948494934065e-01
-2.498129748222352453e-01
7.806654572240426804e-01
5.175696386030996798e-01
2.186627733959655706e-01
-3.826317944521394065e-01
-2.542308894563600208e-01
5.678587391880323132e-01
-3.249214702369832564e-01
2.215330506555771573e-01
-8.407773761351564623e-01
-2.753233263819512278e-01
3.757821517394421829e-02
7.372851549441164498e-02
1.921664382697861329e-01
3.132535370161968480e-01
-2.291983158359553741e-01
3.805161404112024359e-02
1.833128772244113358e-01
5.334178159097939798e-01
-4.658713376577517939e-01
-1.780495535260872564e-01
-1.982465546883461216e-01
-5.089568625300570220e-02
-2.031143605267253516e-02
2.358533436963097252e-01
6.404237456490821101e-01
1.414023726485963070e-02
3.518193847556854159e-01
5.165782289279081674e-01
-7.498097870732756132e-01
1.806579410608076253e-01
5.310604457429721759e-01
-3.517792855851033518e-01
3.625342634871070446e-01
-4.952434267780176924e-01
-1.382529339001666857e-01
-2.998770915089826739e-02
3.446622579972909994e-01
-1.147967441007388401e-01
3.675236235845668609e-01
-8.093756141293406703e-02
4.992686727564225047e-01
-2.398909517156851690e-01
-8.191334242400316601e-02
-2.062002905101185390e-01
-2.542550919178387936e-02
2.815659087704559527e-01
4.315301005570719717e-01
6.038717134365764183e-01
1.674864516401899650e-01
1.499034751388253484e-02
-3.297368510004262121e-01
-2.627468292639987268e-01
1.983025712185754186e-01
3.536137499746795365e-01
3.274223085000922406e-01
7.983008396528381567e-01
3.535808350505752484e-01
-1.546386895503808895e-02
3.968784589827051290e-01
8.434818656361359190e-02
-4.968167641008888191e-01
5.661059805566782677e-01
-3.498208371330336353e-01
-3.505676171446779343e-01
-5.994766018330685009e-01
2.997066005907326330e-03
7.502566251090589389e-02
2.341684332020995962e-01
-8.223065226664444394e-02
-2.731497574665200934e-01
-2.416448773203196954e-01
-5.399268481202649378e-02
-1.874664292081164862e-01
3.107374302909421751e-02
5.463242211643833945e-01
1.312664250274373501e-01
3.314154058830970362e-01
-1.430943244458893482e-01
4.693206122617493703e-01
-3.016837480622509560e-01
-1.340552865106441616e-01
6.537793175235095955e-02
-1.759475998398504770e-01
4.764953137006228134e-02
4.904519152217061695e-01
1.446057973859040391e-01
-2.774693758106597241e-02
-2.203234845307888712e-01
4.167236648767344009e-01
-8.093964367791462999e-01
-6.055591685645861366e-01
-1.509930921490239275e-02
-6.721380239838610215e-01
-4.052814892027225557e-01
1.761863366798479269e-01
3.493189626668343761e-01
-7.257570111972603266e-01
-3.178878775311561045e-01
4.444922173089532746e-02
-1.722330025773771700e-01
2.109776909730148031e-01
4.227672291456857079e-01
2.414774420339017569e-01
-2.367901867676388827e-01
-5.111028392096363948e-01
1.591742390183512879e-01
9.899156021274765904e-03
-1.224927550557592809e-01
-6.939708225903072625e-02
1.082370736670931408e-02
-3.619841845744923292e-01
5.473312360879134530e-02
-7.360007626132084591e-01
-6.598536365528525627e-01
7.462852811949773901e-01
3.016790405895614646e-01
5.689473000764195820e-01
-3.149054216566897213e-01
1.914383548873643467e-02
-7.391823502519768996e-02
-2.554570627083239676e-01
7.722262941959781024e-01
-7.090115322082213289e-01
5.791426878221440644e-01
8.657501166491193834e-01
-2.723804785810745033e-01
-6.786377010233870521e-01
1.038472445835209451e-01
3.752658686708199021e-01
-2.347537874785312340e-01
-3.351145698768356329e-01
5.810002837062958059e-02
-4.661499370880866078e-01
1.800674159751719794e-01
6.042123456822542232e-02
3.305226154471768152e-01
3.834738693962972955e-01
-1.612176188634251994e-01
3.878985640991360340e-01
-1.172886798131956981e-01
-2.181608719712329059e-01
-3.588674225017328134e-01
3.531012218296015193e-01
-5.145938065021600227e-01
8.349297550548322178e-02
3.474905153577738659e-01
-6.036210096303584738e-01
1.332092733779964844e-01
4.727568561959470395e-01
-1.569959271626227837e-01
-4.955405688963249178e-01
3.436250696078372857e-01
-3.573255790326308745e-02
5.900217972413175360e-01
-3.788728815525241878e-01
3.316854431665200442e-01
-8.437200537158838498e-02
-2.850391556838141605e-02
-3.714674981217995220e-01
-8.493661510727751329e-01
5.067664360489915198e-01
-3.155424961483546675e-02
4.282814891723552564e-01
-1.799602584651000259e-01
-3.321055329569461145e-01
-9.887362492066484321e-02
5.446208492146247249e-01
5.599938606067778046e-01
-2.592288844508651713e-01
1.225704134613900265e-01
1.795540299852168009e-01
4.571779374886236758e-02
2.880842746225395490e-01
-3.917133872532568284e-01
-3.230465515178086999e-01
-5.309394312542092820e-01
6.765349898319554522e-03
-7.095266008230124433e-01
-7.190548895587021150e-01
-1.008928000736224601e-01
-4.511346895740385721e-01
-4.510431240627819083e-01
2.885542633060184103e-01
-3.847856753668192353e-01
1.929910097141259717e-01
2.776245833132224283e-01
-1.119602101579516423e-01
7.673808026648041292e-01
-3.060568261311826799e-01
-3.208636591264111271e-01
3.966866053334441866e-01
3.608329602602795561e-01
3.695994706185142809e-01
1.464545761567399330e-02
-1.715871229530085418e-01
-6.389219965467696216e-02
8.163618124626764727e-01
-9.041701746769889581e-02
-4.392035049636985877e-01
-9.658439865782020295e-02
4.699135662173485328e-01
6.321622146265496456e-01
7.135512388968059949e-02
6.788103188028622448e-01
1.857027328632584462e-01
-1.230628703047066397e-01
1.982617569947618397e-01
1.388797044073911691e-01
-2.963207585142574318e-01
-4.006771709661324787e-01
-5.474489592602896915e-01
-6.585987977817046868e-02
-9.251923280910973046e-02
3.989589039237077112e-02
-5.344971713814771208e-01
6.346096896211980143e-01
2.736651978519234474e-01
3.129979642851857813e-01
-2.882345856591332911e-01
1.893801150702345837e-01
1.057297234663054919e-01
8.814798253144606743e-02
-7.790468465440927165e-03
2.735336085644479720e-02
-2.470174368951187360e-01
9.817607372719198283e-03
3.063155874594336026e-01
4.848784425035785328e-01
2.225771743246848788e-01
-2.434664117283554252e-01
5.090366941756292452e-01
1.008024639486392038e-01
3.344502018651795416e-01
3.304922013041198259e-01
2.960308736626642290e-01
7.506013865768145221e-01
4.806730961376844413e-01
-2.968660614991638358e-01
-3.747584870417732250e-01
8.343413296323655415e-02
-3.277383426020486490e-01
5.813007618858877512e-01
3.278004326889677467e-01
-1.461540316428812658e-01
-1.618101421233666959e-02
1.561644487627941724e-02
-5.518544439310856253e-01
-2.012074562041117620e-01
-9.054003665068622864e-01
-1.510293937136474030e-01
-4.787150004455182351e-01
6.545189313999572045e-02
-6.048429533252769330e-03
