4.728422358282645677e-01
5.825396210096904781e-01
0.000000000000000000e+00
0.000000000000000000e+00
-5.060689674111974456e-01
2.388137620993277810e-01
-4.853034055307119399e-01
-4.433044458052223247e-01
5.121833586881590072e-01
-2.160968336853625882e-01
-3.578424600609483308e-01
3.746940570589941122e-01
-4.713921927975767145e-01
-8.408756705762984174e-01
-6.542169179083343056e-02
1.414555416869680560e-01
-4.452807369672136528e-01
7.507142674142199823e-01
-9.251872492155691075e-02
3.823539354454201233e-01
-6.923148247789016052e-01
4.125057560160767106e-02
-4.847609556981401502e-01
0.000000000000000000e+00
2.610500277838445626e-01
2.858849137822581654e-01
-7.941601609496650171e-01
1.386461087830710426e-01
-4.465088111748548583e-01
5.314107204356058878e-01
-1.924678095007927303e-01
8.493004239950358025e-02
-1.665168249388566668e-01
-1.011692284566751976e-01
-1.496242754532475239e-01
3.135813149370894615e-01
6.385598413814617125e-01
-2.520548339747724631e-02
4.018425759984393664e-01
5.165839248073327283e-01
-7.453268281331064671e-01
-1.985140752824182397e-01
5.725026214443059702e-01
-3.361684222011708800e-01
8.317798871634587421e-01
7.029625223931129652e-02
-2.772205199306009837e-01
-1.150697443278292376e-02
3.274450537494747460e-01
-1.290766160547709152e-01
-8.103091902742257102e-02
-7.844368786313000719e-01
9.391976775552467460e-01
-1.048597915986178575e-01
7.414751538384914409e-02
-2.235619651240646766e-01
-5.441741188205541091e-01
5.594267528737559836e-01
4.489970458891155425e-01
2.193306203188356285e-01
4.335249630901362172e-01
-7.728023685563339962e-02
-2.828506679762149423e-01
3.637636050657441222e-01
2.566298444955987246e-01
5.123167754413175956e-01
-6.957402213052121809e-02
6.531748702381596772e-01
3.531130865008126340e-01
2.511244805459660889e-01
3.932144329325982790e-01
1.444619160039216366e-01
-9.686838473713963449e-01
5.682925751860341546e-01
-4.633245860530338933e-01
-4.602339504460313258e-01
-6.580962411715323146e-01
2.528861458264990980e-01
5.471272823445242350e-01
2.685860931444166155e-01
-7.507826189295658814e-01
-1.006473704023476690e-01
-2.415449647421699098e-01
7.843450257649092761e-02
-2.548253884474570574e-01
4.769872744248764701e-02
5.773280739265520545e-01
3.261531132642442321e-01
5.682017279024982326e-01
9.194004100954377146e-01
8.154700138430138745e-01
-7.186818744303989925e-01
-3.089116951080418949e-01
-8.594657890383139431e-02
-3.129958780377946059e-01
5.360458998610417858e-01
6.903919763962005351e-01
5.770434870667304761e-01
1.340632605345905282e-01
-4.860748514341144966e-01
-3.796178541018797592e-01
-8.156010257486439041e-01
-6.310438986723407861e-01
-9.907752105665416226e-03
-6.656860920891387590e-01
-7.335527483218765576e-01
2.591503888791569787e-01
5.733489983877680940e-01
-7.353964508124655186e-01
-4.151735305478904681e-01
-1.197734700350565340e-01
-1.087432888432576794e-01
6.628901246873721842e-01
4.353369301065149743e-01
7.719450423647836734e-01
-2.494642837847584615e-01
-8.337120860355580199e-01
-2.112284355757336751e-01
2.802276544300118521e-01
4.047911566437194936e-02
-6.215486855560423129e-02
3.916348419029863637e-02
-5.953903425405271399e-02
3.477848646773175068e-01
-5.885483987258642857e-01
-6.761493859185746524e-01
-3.109045614678118130e-01
3.813110983448247393e-01
5.470053087625470489e-01
-4.490018688919759082e-01
4.405548360517501094e-01
-4.927744430348465765e-02
-4.881736435118407269e-01
8.141446165973985627e-01
-7.125775948024729578e-01
-1.295030769598803921e-02
5.616578583882372300e-01
-8.712185422476890206e-01
-8.316991361962543516e-01
2.809134563533681184e-01
1.871701208133916827e-01
-1.592400359224216966e-01
-4.269270702949606311e-01
-1.662701922765580376e-01
-6.706096621086221621e-01
-2.533975670432953020e-02
4.291648126224779924e-02
-6.464886710187207619e-01
7.800482084927742310e-01
-1.228757052166835340e-01
5.732790546331124615e-01
-4.054758098768720953e-02
-4.502033227303874341e-01
6.246855621256466318e-01
3.026707441460402270e-02
-5.070881611426590885e-01
1.656080816823268798e-01
2.415050087611336216e-01
-6.787707310039077235e-01
1.062701157982355593e-01
5.737393336532685684e-01
-2.594731606974167715e-01
-4.650445534133088588e-01
-1.093055176107261273e-01
1.137148890038014587e-01
7.784659935152927757e-01
7.054052636363312978e-02
3.922211190320723517e-01
3.732680451016859302e-02
4.225688536032845000e-01
-5.421745006304687919e-01
-8.659138478415022711e-01
5.034925169288009261e-01
-2.244347448502503339e-01
-3.178091333943762753e-01
-1.835365647494816566e-01
-2.958886756192672940e-01
-8.210051318986767710e-02
-2.658229026929810335e-01
4.664027484896958731e-01
2.346773312195530314e-01
0.000000000000000000e+00
2.720002430945077099e-01
-5.558360900624892409e-01
3.405608710907694348e-01
-4.021753858822071925e-01
-3.505423130389909714e-01
-5.301719350113563989e-01
6.541977577953908551e-02
-7.107764374074636571e-01
-8.835047052933000522e-01
1.932925484903999791e-01
-8.772210662973825013e-01
-4.509660489567300923e-01
3.392395166158788111e-01
-4.760667980074883010e-01
5.720411280187214231e-01
3.298986432856705342e-01
-1.378124817493017185e-01
9.276145511922984088e-01
1.735813021607294782e-01
-3.794767789023890669e-01
3.840414934667955582e-01
-7.612120570265493713e-01
7.758842652694959430e-01
-7.662236799207619575e-03
5.015011536267138803e-02
-1.729357327477181183e-01
8.491928659872333141e-01
-3.673530259847810342e-01
9.067034360533106074e-01
7.358160440205133712e-01
-1.304910094340860638e-01
8.471969539447989916e-01
-1.991815962743566926e-01
8.988933902370010998e-01
-9.648155924235041203e-02
-1.007572724781541584e+00
3.272491006752905052e-01
1.554633245325740820e-01
-6.193049916110795472e-01
-4.147682782436556415e-01
-6.483743624687962059e-01
-8.203780492077605846e-02
-5.184285435345011850e-01
0.000000000000000000e+00
1.300813936267681825e-01
6.844732663524443206e-01
2.396853029983180561e-01
-4.551809854753305351e-01
-2.956110279557549458e-01
1.647498551218045670e-01
1.830987409306006342e-02
2.375778739246918181e-01
-2.145390951736847462e-02
-9.147746150467918058e-01
-7.733990207753760338e-01
0.000000000000000000e+00
3.014198613052874176e-01
1.806454904880560042e-01
2.690916967101265878e-02
-3.198088899493384263e-01
5.862267804235230528e-01
-1.877662612257681440e-01
-1.759820671033554551e-01
4.918633548644628650e-01
2.855595739865366411e-01
8.089768372736996227e-01
4.851330585792656969e-01
-3.945535633537804177e-02
-4.623021283188434305e-01
2.255915689845050254e-01
2.659998488726324495e-01
5.772778964605655982e-01
6.892629063046348259e-01
-2.060022216185816712e-01
-6.307241296064880487e-01
-6.490876221627231435e-02
-2.883247462761094337e-01
4.329797368839300928e-03
-9.045256591616328556e-01
-1.427815859497755246e-01
-4.380968814666473810e-01
0.000000000000000000e+00
-2.803206067606487939e-01
