-3.187727172099540929e-01
-6.958291395515766586e-01
6.138914820910786885e-01
2.573143796773746383e-01
-3.990595636006033509e-01
-3.597735776183576539e-01
-2.706112558182719452e-01
3.105629452111131061e-01
9.830506566208985220e-02
-1.482063309441134791e-01
2.959671860265331578e-01
-2.429982964263762146e-01
-1.164956626249094435e-01
-6.516837194080856710e-01
-1.583459844592424726e-01
1.884187392278568740e-01
5.120312883079050081e-01
4.914906125811503435e-01
2.456536432323395414e-01
9.063379250996919656e-02
-7.507931774083949072e-01
1.238297914884552431e-01
-4.039819104463245880e-01
9.435260856897176307e-02
-6.654788535483313616e-01
2.786180532728970566e-02
-2.469187770666103066e-01
-4.411657184143076282e-01
-2.901052030699216022e-01
4.939131642617312634e-01
-2.934248635084996670e-01
-3.559438546254457547e-01
0.000000000000000000e+00
2.672132279688818057e-01
-2.797676225033318698e-01
-3.483245000215924869e-01
5.852093633936996664e-01
2.710407220185189203e-01
3.578145223697755395e-02
4.476962853471592174e-01
-5.533538982049279742e-01
4.043590187661451063e-01
0.000000000000000000e+00
-2.608215663562933329e-01
3.105215865296161448e-01
1.732130689847787286e-01
-1.557627889708492752e-01
-1.942013184943676141e-01
6.300794027089100524e-01
4.896727899790417338e-01
1.489047792402341530e-01
6.475588269549176212e-02
1.830762882501049404e-01
-4.951354403017658168e-01
1.050950477124538707e-01
3.236385796633715062e-01
-5.626431562215937765e-01
-3.739104571939805277e-01
-1.840503271704420074e-01
4.797373907415252159e-01
-3.139436051200283906e-01
-7.857703574962116022e-02
-8.477061411361378473e-01
-1.863720050377727366e-01
0.000000000000000000e+00
3.738425338122385311e-01
-5.831760421159171148e-01
-1.850044092856896194e-01
-1.988641730711058764e-01
1.390683695251764274e-01
-4.660510044372987437e-01
-5.875649689099246009e-01
2.276947350643820367e-01
5.372703349985089583e-01
-6.357756533362188822e-01
-1.231524866359808706e-01
2.092872245491430860e-01
1.631873985919270464e-01
-6.123792388941843301e-01
9.766856578479116147e-02
-7.737550168063095368e-01
6.830456827069047998e-01
2.401520385098873112e-01
0.000000000000000000e+00
2.218688772331384729e-01
0.000000000000000000e+00
5.803630885906921888e-01
7.873391762210366074e-02
5.020618234501567079e-01
8.955518477664500265e-01
2.837736888695518434e-01
-3.053798519661694577e-01
-3.557737209561777636e-01
-2.472891751715014519e-01
4.883692357843799070e-01
6.345896766804834943e-01
-3.289737287359594253e-01
0.000000000000000000e+00
8.419936949667436998e-01
-1.781338455693297906e-01
7.390208779836909825e-01
1.552426743699541478e-01
-6.480969505546464449e-01
-2.521513318739600218e-03
5.531194289706613532e-01
-7.768115392485021031e-01
-2.451244092071293013e-01
-3.593281071601608367e-01
2.793085383912329300e-01
1.492864821992120894e-01
3.482467909024432040e-01
2.592898340701819265e-02
-1.828039339853430034e-01
0.000000000000000000e+00
6.008937217127390262e-01
-9.603729296711382979e-02
-3.173316825636515182e-01
5.370805983442576981e-01
2.310944327830995182e-01
-2.174084310073153559e-01
-4.086048592974620419e-01
-2.197637279001350974e-01
-4.092638500880430574e-01
-5.655696477323697291e-01
-7.139646061354276707e-01
2.955441219190316215e-02
9.086334181841004831e-02
0.000000000000000000e+00
5.328768917330103383e-01
-4.924844930039478097e-01
1.840280867666248266e-02
-4.157967479585852888e-01
-1.976521571608220729e-01
7.495342115369705294e-01
-1.803536829596404933e-01
-5.954247968084842857e-02
7.581068554340145704e-01
0.000000000000000000e+00
-7.374472412766095442e-01
2.753237504467259678e-01
4.312967281010710585e-01
-1.480689107513533664e-01
-4.178663063873936379e-01
5.700388122702111371e-01
-2.859858603190417181e-01
-2.172667987310718529e-01
-1.012564837227487996e-01
1.054125783414385786e-01
2.529076180534695628e-01
6.483340737726248637e-01
-5.701867416761770280e-02
-3.445568756518617715e-01
-3.597460171511703275e-01
-3.620834022022141330e-01
4.771803229418312697e-01
-3.949376779214104904e-01
-2.654300979628810425e-03
-1.188969375724586997e-01
2.133168760841203659e-01
2.767301949352809487e-01
-5.921609004131883625e-01
-5.929058837397952475e-01
6.549190727981624160e-02
8.418620688133886254e-02
-6.792973849607111259e-01
5.920826071847864469e-01
4.691455254653773554e-01
6.118587970851967206e-02
-3.184360112531018916e-01
3.270817916173048290e-01
-6.337473411303176651e-02
-5.378949264879409053e-01
-9.717696815806971256e-02
-4.204063259997653512e-01
5.963205383646872360e-01
-5.209213124373450743e-01
-3.081826469838945814e-01
-4.933695261953354727e-01
-3.039228359775170696e-01
5.459853251161812526e-01
-2.235962010039307946e-01
2.263532744044783468e-02
3.044366999406660224e-01
5.007890065138792535e-02
-2.571056243806103536e-01
-4.052426153885099191e-01
1.145214916712845865e-02
-1.585060822219687138e-01
2.389340716657245567e-02
-7.713241386447239334e-01
-7.120166939677922135e-01
2.299939533404302960e-01
-1.053374249708347865e-01
5.813191497182735451e-02
-1.361700816883477383e-01
-2.522905352547721303e-01
3.936240899510190516e-01
3.828993637868899347e-01
-2.713433480775559459e-01
5.940928501061248923e-01
0.000000000000000000e+00
-3.456281070148205931e-02
1.768181387676639460e-01
2.775871563537348763e-01
2.060384208659083449e-01
0.000000000000000000e+00
-3.417393547553884137e-01
-3.534282038439779949e-01
-4.386496297973513370e-02
-3.042083125674767130e-01
4.947498670928012765e-01
7.335263997115646362e-01
-6.502766671603193299e-03
3.002816199609187331e-01
0.000000000000000000e+00
3.933583892377697788e-01
-2.568085173268734867e-01
0.000000000000000000e+00
4.180629039431752458e-01
-1.695599303224227528e-01
-1.390947610914853860e-01
2.417183895586542675e-01
-6.290938391123456208e-01
-1.956498534973274972e-01
-3.520588005658430997e-01
1.020367166435871276e-01
-1.187841988286368194e-01
3.001727629564465705e-01
5.318315854831202616e-01
6.913811935657405705e-01
-9.408238814058583754e-02
1.471194251649057816e-01
8.723804157783038304e-03
4.556792462554302148e-01
-4.131318246330894506e-01
6.725249741893618571e-03
9.584256266637984634e-02
-2.533219134011633900e-01
5.552721688652016985e-01
4.001160377185599137e-01
3.663006396692519706e-02
-3.473802837154771339e-01
2.711938727558724227e-01
-3.068201663411036784e-02
3.105989881529045427e-01
2.400644516708786425e-01
3.451743430944719804e-01
-3.423721027497380054e-01
4.270310215516265884e-01
-6.545364585275080804e-01
-2.495765392144993489e-01
-6.544774825716439537e-01
-4.261492205815110568e-01
3.390707008372723097e-01
6.126308548757278816e-01
-1.542235258901505091e-01
-3.468399652749601936e-01
3.579142576735222514e-01
-2.013793154758432014e-01
2.489356630550038085e-01
-9.604407232150395934e-01
-2.995895680692886587e-01
6.211815192898577642e-01
-5.574281073934798103e-01
5.241238056423674907e-01
