-4.654252230769128085e-01
-1.922070575227527722e-01
-1.247454581803087853e-01
-4.192668565953616144e-01
5.581022413397886961e-01
-2.995126104772531384e-01
-2.625217460236670824e-02
-5.488676615240589696e-02
-2.116811665357324346e-01
-4.336742046091263125e-01
9.010444881512036375e-04
-6.633833018490238320e-01
7.055637419153969470e-01
5.057129822019187371e-01
-1.035912268223666693e-01
-1.030714063212210263e-01
-1.196680276361063444e-01
4.384114864501020281e-01
-3.017738988769311792e-01
1.881590684762425303e-01
-8.390126713928738322e-01
2.092909723650607234e-01
3.717547803465541534e-02
5.601822360494832648e-02
-6.382183760690357532e-03
5.653133271915744551e-01
-2.515537066606184924e-01
-6.358230275522981471e-03
7.339570387950078434e-02
-6.981220957471602484e-02
-5.938208887689554460e-01
0.000000000000000000e+00
-2.690189914001165361e-01
1.097210167355845700e-01
-2.117777478809200198e-01
2.309593544087882588e-01
3.654710039198113547e-01
-1.485480917748359664e-01
3.335570894918047924e-01
7.988045743064151050e-02
-4.099134797435002309e-01
2.112077464212771261e-01
5.595763889665128499e-02
-3.113018730775044540e-01
3.525127097992394876e-01
-5.455193107427165344e-01
-6.188781791057363924e-01
-1.331296365613535981e-01
2.457474999415554251e-01
-2.120473794068754858e-01
3.866497775575024609e-01
-1.646022493663157060e-01
1.350894184602373371e-01
-3.671342583900918388e-01
-8.012425627609742751e-02
-1.760201645145280103e-01
3.876110148457996840e-01
3.122113369675171279e-01
4.576592376697710685e-01
4.764611221451005019e-01
1.757715356627836123e-01
0.000000000000000000e+00
-3.534449802009226316e-01
-2.349361900167709072e-01
1.811495650193995499e-01
-1.236034360817417910e-01
1.083329245107585159e-02
5.434446460952835345e-01
2.569610651479328212e-01
1.963236446422943551e-02
3.313080353421383184e-01
1.056826673928055599e-01
-1.990628868890719771e-01
5.658147180713776203e-01
-1.425220475261103070e-01
-2.961994650606230572e-01
2.070136231987950159e-01
-5.646717469929405167e-03
3.783473456733430634e-02
1.357905705487887360e-01
0.000000000000000000e+00
-2.706707286175932814e-01
-9.404579899077639138e-02
2.448011493411431441e-02
0.000000000000000000e+00
1.934141755434704013e-01
5.096166243636633952e-01
-4.391763566340479708e-01
-7.964992393363112821e-02
-1.192069013118920162e-01
1.486001840381411809e-01
0.000000000000000000e+00
-6.086256600114687415e-02
1.837094260559998249e-01
1.115041626512452838e-01
-1.045415908273653466e-01
4.392186093420729631e-01
9.506941671287041928e-02
-9.113395990469641897e-03
-3.394487432180013919e-01
5.321479284281512845e-01
-7.871480674136399625e-01
-2.483981861705766292e-01
4.111060816703204224e-01
-2.962592253361276406e-01
-4.498458462949575520e-01
2.921586488851627417e-01
-5.005979208571909034e-01
4.134377887032212318e-01
-1.419202500376170739e-01
-5.795406652219114996e-03
-1.794146145321567631e-01
1.607289197463525887e-01
4.396592083564154763e-01
2.624064875439603983e-01
-2.707939843397691448e-01
5.336758882289305284e-02
1.640781713531144492e-01
0.000000000000000000e+00
-5.790795295356244293e-02
-3.889300570956205627e-01
5.321559849280738108e-02
-4.497898365592548631e-01
-3.063213271308386221e-02
-4.399148078746324408e-01
-4.076935108745350922e-01
6.203006122874334949e-01
0.000000000000000000e+00
5.616044429932933735e-01
1.873906800270566664e-01
9.651895831633328093e-02
-8.378975036895575101e-02
-2.791118493422807822e-01
7.719579995723054866e-01
-7.484307305501396446e-01
5.418804378925535792e-01
6.156461601851278553e-01
-2.219504956131548579e-01
-6.455021119836629184e-01
1.035661671059537603e-01
3.701971642010635222e-01
-2.428842026274762311e-01
-3.373405405020363235e-01
2.447777561635981064e-02
-4.464244888708767123e-01
1.422327199049370772e-01
7.025364624213863846e-03
4.533366387824496746e-01
4.261292452111946627e-01
3.511435831310036337e-01
-2.959256496565494318e-02
-1.651121660436576377e-01
-1.207961399468643754e-01
-3.632074698340864161e-01
4.445113489048118094e-01
-1.604830162251875969e-01
-7.611070987913215458e-02
3.679188956771825558e-01
-5.238303998755453605e-01
-5.415038418632191902e-02
0.000000000000000000e+00
1.171349500462864207e-01
-5.005680186202012827e-01
4.202635392261285796e-01
-3.933899672825623590e-03
5.810188072131142745e-01
-2.747396379770270514e-01
2.840027925111675289e-02
0.000000000000000000e+00
9.954077144565866286e-02
-2.703492594581468622e-01
-8.076020419207320389e-01
-1.468976082077536327e-01
-2.964953077123996111e-02
4.279449739685577958e-01
-3.640652808043770561e-02
-3.302117245166477644e-01
-1.902092072181359173e-01
6.688077959564311392e-01
6.865244250648585567e-01
-5.911060379559279071e-02
1.458282877435540525e-01
1.662365326971371460e-01
2.373285890164051892e-01
1.264378798051131181e-01
-9.800606982796525313e-02
2.724079696869292078e-01
-3.998563468974107860e-01
2.142175616819939205e-02
-7.073782068186460492e-01
-1.812780490387687626e-01
-1.241627938187534197e-01
-3.986080893011982318e-01
-1.958378471302277546e-01
-9.311344519444669787e-02
-3.943451410583240779e-01
2.089317160841919208e-01
2.802307370424486632e-01
-3.244854683846697396e-01
5.613201611669746960e-01
-4.933744935462524017e-01
5.622558507245342674e-02
1.757395635476729778e-01
4.352201583854779510e-01
5.692561383219750804e-01
0.000000000000000000e+00
-1.508977798659060232e-01
-9.924981035946539576e-02
4.791631512915200952e-01
-8.173287978419724320e-02
-5.887769140026765102e-01
7.655704060463808247e-02
5.974467885677159362e-01
6.385680048405582010e-01
2.977347318590200728e-02
6.049006154993615825e-01
1.426957129100502875e-01
1.283760176520885032e-01
1.544423603556071556e-01
3.192743093110803621e-01
3.915664186042175365e-01
-4.010797606475299815e-01
-3.472741298939199805e-01
-6.459783309662472939e-02
-2.961155071944637784e-01
2.565512464212185151e-01
-4.434750956918678821e-01
-3.396085554601921963e-01
2.575217338153838464e-01
3.397234700385485806e-01
-2.676156542063107824e-01
0.000000000000000000e+00
1.802280363928413232e-01
1.472911144895948654e-01
3.605364375999504101e-01
-4.216731657786618737e-01
-1.889794548145820319e-01
-1.259984278261167545e-01
6.477125377462472633e-02
4.851125657113344314e-01
-1.033736413441074808e-02
-1.792348618028913876e-01
0.000000000000000000e+00
1.237977433870472294e-01
2.689917260487098005e-01
2.325345963613593692e-01
2.482916336206551222e-01
-1.771207651714749864e-02
3.277159014240464407e-01
-1.885297211444653676e-01
-2.596949689770473579e-01
-2.458785943369650728e-01
-2.796560047364529122e-01
4.382489055215970097e-01
1.683314633766641866e-01
-1.197511494001051308e-01
3.220501249017257983e-01
3.139802376586386390e-01
0.000000000000000000e+00
-1.886261262820408680e-01
-9.085562607998972640e-01
-6.668370363352527086e-02
-3.780232311810548529e-01
7.797846135553880564e-02
-3.664000438968382633e-03
