6.992321024129672935e-01
3.796458965290775978e-01
-3.717661516186493431e-01
-4.766521769360304028e-01
-2.118016598969432174e-01
-5.113147303965829282e-01
-8.396296404927333645e-01
0.000000000000000000e+00
-3.221231760030272562e-01
-2.472097054707472763e-01
6.463011558681485136e-01
-2.116636062908671123e-01
-4.327453790234686570e-01
-2.788152000287306143e-01
-6.471427811463635882e-01
2.866076586695834316e-01
-6.063256631352375026e-01
-8.012315994886307635e-01
2.697192161956847301e-01
-5.708667171820872577e-01
-3.854637304383157770e-01
-5.271170767034968341e-01
-3.599597311439486913e-02
5.459066359931440404e-01
5.042871676171967188e-01
-6.917645340184728209e-01
-8.178864964146912442e-01
8.523913205467106846e-02
-2.655146466240980718e-01
1.061078412234952723e-01
-8.589080221390120728e-01
5.334865342659037557e-01
3.736856597263825686e-01
1.505081322286930812e-01
2.661963269870650795e-01
5.237709344137415624e-01
-5.141233693379104741e-01
2.302343569592107675e-01
2.537654914966332997e-01
-4.908681061275480539e-01
-9.356726861092368175e-01
9.826757170473765512e-02
5.520722718109105642e-01
8.374716295398827448e-01
-3.130632686733089698e-01
0.000000000000000000e+00
4.742804621370525497e-01
7.974261577528106715e-01
1.490817488950876013e-01
3.698209329986421601e-01
5.748812968983463279e-01
3.154762084912795528e-01
3.728560421164740513e-01
-6.005408274778560873e-01
9.601835014612842834e-01
-7.910971858664174183e-01
-2.484176816033460133e-01
-4.236147823315932759e-01
-7.677155672039637224e-01
-6.362377305774326031e-01
-5.269328417847694013e-01
8.465520668126933490e-01
1.444572667826265477e-01
-7.387966986774303635e-01
2.566858121951709482e-01
-1.084432228610499038e-02
8.836590873914018651e-02
-3.777623863508440261e-01
3.333855731993084492e-01
-9.054926073310959334e-03
-4.263305368343230373e-01
2.495492262401868833e-01
-8.548187524819246264e-01
7.233397604644938861e-01
-2.685130870496008071e-02
8.190690377731485450e-03
-3.288643687514216096e-01
-8.258327468663774207e-01
5.671784819721666926e-01
3.411717934549635123e-01
2.151359530527275354e-01
-9.521430885420086865e-01
-4.063263541380982558e-01
-7.577013414190447715e-01
3.746066532791424986e-01
5.465294976252853959e-02
-3.587491694825474253e-01
-1.234517534518293214e-01
2.528677745948654243e-01
-1.798562572654149039e-01
4.223619351073794048e-01
7.241721207217726164e-01
1.548201580676768496e-01
-5.826819694979519237e-01
-3.122608267674717997e-01
-5.492831029753514338e-01
-1.846105370704803628e-02
-2.013270039576278425e-01
-5.021269151512444129e-01
-3.795850516007506781e-01
-7.096186520789193874e-01
-6.735981382832703090e-01
1.825558891932019534e-01
-3.546794016109223735e-01
2.455522438219988057e-01
-3.977714917139730799e-01
7.410224387487298614e-01
4.553935950711535674e-01
4.594342916736688931e-01
-3.279476304165273026e-01
2.764704078026619105e-01
-8.337198335567606866e-02
3.435498171225588870e-01
3.218584359045014720e-01
4.202610814679773321e-02
-3.457017643528741968e-01
1.296844442359325611e-01
-1.465289654148054510e-01
1.529574082020902226e-01
-1.011450040905001568e+00
4.023602912200709425e-01
6.499167592562186124e-01
0.000000000000000000e+00
1.340517383190604483e-01
0.000000000000000000e+00
0.000000000000000000e+00
-1.680313038899833022e-01
0.000000000000000000e+00
-1.020668752989650763e-01
-2.772423841507386522e-01
8.394304360467114146e-01
2.350806933026480805e-01
6.109961017897966862e-01
7.773120319243820298e-01
-4.989934696060883967e-02
1.832398168755901835e-01
-2.071953087926406423e-02
-2.082380610070758142e-01
5.838247000527694297e-01
-6.966635492252297723e-01
4.014718874231985868e-02
1.795018106029629412e-01
-2.940017304770953244e-01
-2.974047614189262445e-01
3.889115875108839493e-01
-1.512121105826431389e-01
-4.049349938953751837e-01
-1.855256961810916594e-01
7.637826059990113770e-01
5.377078648302567876e-01
-2.561267904618360070e-01
8.314292309708125606e-01
-4.498058012605331002e-01
-1.843887723743374563e-01
-2.690901084761885276e-01
1.974890536363477778e-01
-6.377305138306930132e-01
-1.709799683138239490e-01
-5.379223984890362242e-01
5.506011533551656845e-01
-3.592355188723995729e-01
6.376480201947718474e-01
8.307226047008126057e-02
7.268652509203681333e-01
4.399583179686005208e-01
-6.247731754769236812e-01
5.978213188775838294e-01
7.288981830678196161e-01
8.920473890244222659e-01
0.000000000000000000e+00
4.451857730368299904e-01
3.137721397471804341e-01
-5.954853372511927923e-01
4.577459221364159614e-01
3.841240852217843726e-01
1.655911911253764024e-01
-2.867519263325346568e-01
4.959892418936961422e-01
-2.548805541235881766e-01
-6.962517362013538325e-01
7.659257191623565220e-01
-4.040489407739829564e-01
4.558237056979639878e-01
-4.832357408241556573e-01
-3.588324539413598746e-01
-7.710707381620660605e-01
-5.061777164444452026e-01
7.131018221486423725e-01
-6.528024324638467268e-01
1.993665707278277355e-01
-4.952504785150092514e-01
-5.408949355202653519e-01
-6.615100382758649644e-01
-6.109355729092653675e-01
3.425527342064834113e-01
4.499840037213779786e-01
3.130705192848362572e-01
2.392871526525570391e-01
-4.925555355794324353e-01
0.000000000000000000e+00
1.974946810724820256e-01
-7.552733450051114517e-01
1.383916478540253014e-01
-4.750972230438934435e-03
5.181966256973608020e-01
-4.901843691427933414e-01
1.987106565423719384e-01
-8.241176436523197646e-01
-3.782280768619935563e-01
-5.246623582739059488e-01
-5.569053624125038793e-01
-1.866248108343533940e-01
7.969463604186844963e-01
-6.368833430831402631e-03
4.000879327918678285e-01
2.443117240110691535e-01
-1.705840563267551346e-01
2.190833550411712682e-01
7.765072225347352530e-01
3.153666330392893569e-01
-8.388732669016011334e-01
9.506170512705790498e-01
-8.706191953668087624e-01
5.826533508884722545e-01
4.854592316388779416e-01
3.975813683925376596e-01
-7.808786057759649069e-01
3.151978097367226228e-01
-7.802297646461457958e-01
6.281693997813533326e-01
-7.515784426549481090e-01
-8.010465969946911624e-01
-5.760079748167202807e-01
6.820867950793671475e-02
-4.639529296687915916e-01
-7.509607926579087156e-01
1.109611255461897261e-01
2.518508917973761863e-01
9.448875325235428502e-01
-2.075446787845817431e-01
-2.314080651333496608e-01
0.000000000000000000e+00
-4.630341661615906546e-01
-1.652538808129681291e-01
-7.362057367106486505e-02
-4.001217914026791722e-02
-5.350475319048182410e-01
7.466887404988982180e-01
6.583383772561935965e-01
5.944278925115886736e-01
4.822291208280791164e-01
1.418416228250450883e-01
5.258406189876516645e-01
-7.109125586997325219e-02
2.763358637632351011e-01
-1.985292163171305524e-01
8.141389822020840550e-02
-3.785595270000150503e-01
-8.487575881095094088e-01
1.548767148764389201e-02
3.775410309804836939e-01
0.000000000000000000e+00
-7.217451538105016384e-01
-2.398231180760596604e-01
0.000000000000000000e+00
