-5.855556622064827382e-02
-1.177529946059273705e-02
-1.573361699485215370e-01
-6.195222694245358097e-01
-1.871601361415939357e-02
-3.539643392588772142e-01
-8.945727581091624803e-01
3.372916243008322046e-01
-3.062305063857184151e-01
3.383740264070887460e-01
8.703714276622078749e-01
-5.114278873301000283e-01
-3.224668661711843631e-01
7.237142329866744217e-02
-4.190733461702685347e-01
8.485275340037763681e-02
-4.797617273513000158e-01
-3.290142460069901964e-01
1.636165494176850532e-01
-3.855312109226236572e-01
-8.448605092871228628e-01
-4.221930622730212246e-01
-3.285501655302542900e-01
-2.314678743874266087e-01
4.562466773899314654e-01
-7.506789835663270072e-01
-6.886428729040531271e-01
-3.812413378883811599e-01
-5.148424566939923119e-01
-3.565814499263348925e-01
3.051222501963775646e-01
6.958309010814579532e-01
-2.630480469703571078e-01
1.792114278274809513e-01
7.955764703788601455e-01
1.786123193242619978e-01
-5.384228256934115997e-01
2.908055437502363727e-01
1.419886825929730367e-01
-6.799308956421908912e-01
-4.280495443282421042e-01
7.439799936387255785e-01
3.028138173203839822e-01
2.042891355734815784e-01
7.674951999706934591e-03
-7.329072204998243745e-02
4.637262192717448994e-01
3.856188440132956030e-01
1.582092303141648948e-01
3.791636745429525224e-01
3.261771736601430938e-01
4.689601190227222771e-01
4.210939901034453925e-01
-2.934236106310922909e-01
-3.764197989031424774e-01
-3.173398137589250045e-01
-1.966863742430175477e-01
-2.850096254921558048e-01
1.990001558612350396e-02
-8.644053426218749614e-01
-1.080458679285925400e-01
5.353413293075043322e-01
2.417578525519021304e-01
-3.614898023384574000e-01
4.236346268846855612e-01
8.657802054296015459e-02
-3.347134200543586680e-01
-1.208175351841236089e-01
5.242073007403089679e-01
-7.165764982653175519e-01
-1.158598520168956370e-01
-4.625855756467749103e-02
-4.582371559481813739e-01
3.705485257388601433e-02
-1.371576817797429126e-02
5.489140821785652991e-01
-2.894152855901187538e-01
-7.508990462060600724e-01
4.630584867994158582e-01
5.813086224818733161e-01
4.569627450342540753e-02
-7.703164850551436071e-01
-8.310120684151416359e-01
9.703089442950216248e-02
7.913708853375893693e-01
7.934046935152974656e-02
-4.131000147824203661e-01
1.014224212019004118e-03
3.745945251917547902e-01
3.867369378352637499e-01
4.187487992454941854e-01
3.706499392686291583e-01
-4.005021259908596587e-01
-4.338135252015808963e-01
-7.546129388039658492e-01
5.151252159148933529e-01
-2.760812183936359743e-01
-1.251214910646988587e-01
-4.056152281138074578e-01
-1.935906540191681680e-01
-8.916095498357731186e-01
4.639183601423404468e-01
1.722192572688022172e-01
7.632034262097645572e-01
-3.592170994507779547e-01
-2.979028040151984746e-01
6.887488400234831332e-01
6.903190335933733213e-01
2.118563529926837663e-01
-5.872221315164147804e-01
4.720520467735045411e-01
-1.813055399494875597e-02
3.698588403353789134e-01
1.025059804782969819e-02
-3.528387716307319205e-02
-4.430120856640790694e-01
1.349473337236584136e-02
-3.768491408195816517e-01
1.140731862281693931e-01
6.367972448486834691e-02
1.001931227977698527e-02
1.011475971874392088e-01
-2.764064451440055303e-01
8.754324780708239162e-01
7.236948834712758627e-01
9.039165920115152519e-02
2.429025125733549062e-01
-1.602124696870053377e-01
7.585554004640233938e-03
-2.132659102260119621e-01
6.887494613415957589e-01
4.313294811603785583e-01
2.613803378581072145e-01
7.311297022991782857e-01
-1.591850842178344494e-01
3.444310012664628107e-01
9.393164601450985918e-02
4.235221456435906973e-01
8.728502924250811645e-01
3.414109143196218388e-01
-9.187179120490850115e-03
-1.806982264429348728e-01
2.293184144631840032e-02
5.922641193791330916e-02
-1.795084016146220596e-01
9.661036827503292901e-02
2.725320188988863447e-03
5.955886108593606842e-02
4.385343480044063824e-01
2.702597486057024545e-01
-1.271421076205410949e-01
2.900740929918476166e-02
-5.799146918209746593e-01
-9.140660203907843839e-02
3.096284752250480499e-01
6.977060218551581761e-01
-2.148232735373626634e-01
2.711231512000308874e-01
-3.619896841067107296e-01
2.031868476053251826e-01
-4.072076634625461100e-01
6.581592898596959340e-02
2.133667750940358432e-01
7.351558424867286057e-01
6.884197527499759106e-01
2.394680494791567305e-01
3.044712878455391736e-01
1.109295819689574414e-01
8.609720687133225470e-01
-4.729506548167165536e-01
8.620871026077993049e-01
-1.819714557622786888e-01
-9.636995432381334492e-01
-5.292852736180154727e-01
1.394305141738930720e-01
5.588430256784983063e-01
-3.070660627684863586e-01
2.550993141027320665e-01
-2.086177893287504415e-01
-4.290863639610578151e-01
5.179525070043814461e-01
-5.061021372646258287e-01
-6.103283013571633164e-01
1.128878344982511273e-01
-2.102308293583005638e-01
-5.238450653043551508e-01
-6.263369388498266632e-01
1.486544265179305935e-01
-1.266143260924649239e-01
3.550538305817462215e-01
1.391660548832971966e-01
2.557406645874678031e-01
-1.035262721173406397e-02
-6.408247987377588828e-01
4.093035418359781130e-01
-2.370101206705687857e-01
5.539744979141711934e-01
2.870138207224005034e-01
-1.625656176223759519e-02
-4.423342225663001726e-01
6.399904334090322777e-01
-2.348909596379331055e-01
1.084613545099506055e-01
5.142572335463133082e-02
7.406475478852415639e-01
-3.802188741627428592e-01
1.875982667939100554e-02
-3.587000071351075237e-01
-3.534211473149079241e-01
-2.423272228341246670e-01
-5.821388476702717973e-01
2.765551860209055635e-01
6.425178855336172168e-01
3.436600502632385368e-01
5.574223385226438898e-01
7.399890051624175014e-02
-2.239970028241643762e-01
3.570053066575867851e-01
7.186277493520675241e-01
1.518157328897443148e-02
-2.976835541286103615e-01
4.559823426944848435e-01
-9.128875823868195516e-01
2.612026060357556245e-01
6.368278367983376542e-02
-6.706221888317356328e-01
-6.481059528978857509e-01
-1.229096874146883289e-01
-5.321375441911215809e-01
4.286777369842761226e-02
6.361714675271101793e-01
-9.586083164043289473e-02
-5.775835426064412914e-01
6.851014165352690144e-01
-3.241128538388921565e-01
-9.403470826710041974e-01
3.403646466549231087e-01
-3.127527652990706730e-02
6.939700550508763888e-01
-3.733462972460476204e-01
-1.010816600516555169e-01
-2.116077011526529272e-01
2.390268971924327523e-01
5.805903320123000366e-01
2.682531009241383990e-01
4.352208887894144784e-02
-1.708942752593433090e-01
5.818354212519082358e-01
4.611651283027153325e-01
4.857353017980169385e-01
-2.363372025417177780e-01
-2.525615416037939598e-01
6.903303991518949800e-01
-1.937758708980335531e-01
1.953893700284582147e-01
4.903066101560958900e-01
-2.043809355390594495e-01
1.491077488015528918e-01
7.044301685355910392e-01
-8.499586430867527020e-02
1.876069436963210268e-01
-8.075999555618161851e-01
3.995158318191766589e-01
-2.575295231029583465e-01
-4.476926505855482463e-01
