7.654096166931793899e-02
-3.747524953126938393e-03
-1.370390855947117015e-01
-5.093559721469264057e-01
-3.573544794324049617e-02
-9.437561588597176421e-02
-8.410366594425702225e-01
3.272235938379353115e-01
-3.047916038555016360e-01
3.416672764690624198e-01
8.508874060433784248e-01
-4.840259188750825059e-01
-2.765655841554282013e-01
1.630287399409186544e-01
-4.211528575631153237e-01
1.080103206121024173e-01
-4.782692896507558800e-01
-5.365279046026710796e-01
1.471502767577223258e-01
-5.123521724573579794e-01
-8.364107598625591944e-01
-5.332168164852048031e-01
-8.362254917416818423e-02
-2.580029417618511234e-01
4.260222336794993736e-01
-7.614287757043038951e-01
-7.108867476195347423e-01
-3.972063402181763569e-01
-4.944353044732630043e-01
-3.450596711155614060e-01
2.048709961070885599e-01
4.672651808937619000e-01
-2.879667138875022792e-01
1.498314044854763827e-01
7.933772360495373599e-01
3.574311619132911622e-01
-5.360997440331021213e-01
2.821968340457310931e-01
1.110746166391321371e-01
-6.049215048249592108e-01
-5.041024411576846553e-01
6.974223015084884958e-01
3.715672500293408786e-01
4.275528877474856770e-01
-9.364437310522967517e-02
-1.146587064766328712e-01
4.099557975132934740e-01
2.889340692436663249e-01
1.906105534939876167e-01
2.104240082850288018e-01
3.830441960211166119e-01
4.736504530594581874e-01
4.444776811411605966e-01
-2.934978520707995364e-01
-3.909697560880290856e-01
-3.666430057245044227e-01
-2.212743689973084571e-01
-2.908650266037035026e-01
-3.483292908115685066e-02
-8.311856338308367675e-01
-1.259344557287404853e-01
5.299805542137071557e-01
1.975004255466866199e-01
-4.543675380649724316e-01
4.158019563736047308e-01
8.049067677938996634e-02
-2.695248667103393725e-01
-1.545682218771428640e-01
7.109747501981779072e-01
-7.466489622518933666e-01
-1.515224125670806832e-01
4.862842393846455915e-04
-7.217818098359655155e-01
2.378272491280290502e-01
-1.635793365225527568e-02
5.417546548740816981e-01
-2.814589774770881458e-01
-7.421047206219761883e-01
4.225637256393693919e-01
5.747065542241609482e-01
1.033191984368677652e-01
-7.698528327320376397e-01
-8.309807732691910642e-01
5.187951521312985509e-03
3.830581827650541560e-01
-4.354225038726568242e-02
-3.931313828757216355e-01
-8.993375989100607648e-02
3.729373156873564410e-01
3.882419877766343785e-01
3.508273354234161534e-01
3.600729708212895286e-01
-3.905034006453885764e-01
-4.381476768854598580e-01
-7.237443894219648399e-01
4.541412618582424954e-01
-4.277159720368116369e-02
-1.669130115685771298e-01
-4.460387180356988890e-01
-1.273210854706348094e-01
-8.529778641137928386e-01
4.611802193772928105e-01
1.001428673530945918e-01
6.378732293057376435e-01
-5.430898959385243446e-02
-2.135840589178310267e-01
6.931836727839726375e-01
7.892896877537457501e-01
2.789748292148387931e-01
-5.896274291962745329e-01
4.654948504044268964e-01
-2.020231683479975504e-02
3.721078020287781341e-01
2.108708434925182090e-02
-1.080280315794272250e-01
-4.472509431840915317e-01
2.455948579857183955e-02
-2.562208699532437794e-01
1.200215104831773016e-01
4.111377919966176242e-02
-2.361472751413440721e-02
1.376711729536742035e-01
-2.249666033333996562e-01
8.749695758018628533e-01
7.191819064101798720e-01
5.218079787451139484e-02
1.836609085138324049e-01
-1.542592500370673636e-01
2.292571688364238858e-01
-2.389012399092108607e-01
3.946028817442551184e-01
5.061384251025633496e-01
2.866949577463778209e-01
7.357601848939133715e-01
-1.502816461752439492e-01
3.492131800138958964e-01
3.780080030502871308e-02
5.084987007730121800e-01
7.649554172466284108e-01
5.314118828482076173e-01
-1.216535755243480961e-02
-1.338990067427504316e-01
-2.436814129586400632e-02
5.313061723704194661e-02
-1.243732311990874695e-01
6.314245999460996184e-02
-7.721817300543812324e-02
6.248786618299857765e-02
2.715556579790812664e-01
2.621112671251312753e-01
-1.519507801646663714e-01
2.257184385291228224e-01
-5.452628947150052197e-01
-1.245636784725743518e-01
2.567192869073549599e-01
7.357568626720388805e-01
-3.318944757625005848e-01
2.750343615253243446e-01
-3.144025736028291940e-01
9.703873122996894973e-02
-4.325503195693715663e-01
7.771190263880559113e-02
2.242102319355713524e-01
6.750122331106904738e-01
6.719345617985512664e-01
2.986237305893958971e-01
2.763942322656426365e-01
1.615422192619334063e-01
7.655468271207579445e-01
-4.333384800742790532e-01
8.478968577425274322e-01
-1.565154182065469635e-01
-9.635732680052780941e-01
-2.508707455424288163e-02
-3.516051379547815436e-01
5.682343821258202254e-01
-3.714892832431463399e-01
1.688494140224648665e-01
-3.060553236306765568e-01
-4.247359534236482270e-01
4.728915731846116133e-01
-4.849315889012719705e-01
-6.619264860650662108e-01
8.202251702230743680e-02
-1.482066669905760248e-01
-5.143487860500793873e-01
-6.309226255086308743e-01
1.569026236195425472e-01
-4.097502668114586521e-01
3.614618270579487147e-01
1.352801624689295990e-01
2.487023276811006489e-01
-1.437932044609215865e-01
-6.638013622562859428e-01
5.334648527265672957e-01
-1.573072649342599771e-01
5.478263703762773495e-01
3.046925006841197381e-01
-1.969036860141703052e-03
-4.543401969221569914e-01
6.227718441303453645e-01
-3.714919065822424038e-01
1.306007213697620850e-01
1.434759939298055620e-01
6.820120698976530615e-01
-3.054933698313547774e-01
2.953588128583044953e-02
-3.639733896169434213e-01
-3.231840795373139841e-01
-2.621440722924701094e-01
-5.764554193820827788e-01
2.307826888696011269e-01
1.546875655454694187e-01
2.739921090922783353e-01
5.551180220231634044e-01
7.848356956190361000e-02
-2.208698901987442009e-01
4.337101542929520243e-03
7.154181951917040205e-01
3.930057757517263495e-02
-3.371768910888737758e-01
4.665484688496514543e-01
-1.129809620655917723e-01
2.626651630919946134e-01
9.282476390864224935e-02
-6.658627226100538588e-01
-6.830828202576544328e-01
-6.404317310435699018e-02
-6.142749512517978738e-01
-9.465522272275498456e-04
6.466546029010762364e-01
-4.004396348393045590e-01
-6.047888148035911460e-01
2.214248894428654801e-01
-3.250340609022136507e-01
-8.805414543746841183e-01
5.024979043376021082e-01
-8.294561383648601377e-03
7.139208146166493574e-01
-3.407071342338355846e-01
-1.050685119138684842e-01
-1.971726468574225566e-01
1.722453128365627195e-01
4.849676338378488549e-01
2.806168153890514771e-01
4.275334228337365067e-02
-2.814878645937128887e-01
6.051591095853722235e-01
3.900246665997161299e-01
3.379182259239863484e-01
-2.137236498698138476e-01
-9.715349306941455099e-02
5.040169019767390575e-03
-2.191649988945232608e-01
2.225152910621840119e-01
4.691658442157816133e-01
-1.973615626341038987e-01
1.321364163203626874e-01
6.310599528332683228e-01
-8.868757616158276513e-02
1.914112397496194329e-01
-8.023262227836086558e-01
4.035580439604317671e-01
-1.514435134783634340e-01
-4.758614300820536158e-01
