3.200283979625798136e-02
-2.357912456064099448e-03
-1.364584953602540618e-01
-5.170883458781225794e-01
-4.119577794337857257e-02
0.000000000000000000e+00
-8.557732085835998426e-01
3.274354061332545585e-01
-3.074122847621105770e-01
3.363554897774372332e-01
8.021373351885050518e-01
-4.774021336443478036e-01
-2.303248644727294570e-01
1.586958512788517739e-01
-4.211531114547082399e-01
1.017848625501829585e-01
-4.784389500110244331e-01
-5.057699249995368795e-01
1.314728966962235568e-01
-3.896588237721161918e-01
-8.378920535470061326e-01
-4.576137206573024363e-01
0.000000000000000000e+00
-2.746491065000262743e-01
4.604424186938663732e-01
-7.506294930699213275e-01
-7.839577291608684773e-01
-3.890592134484802123e-01
-4.186208089770227514e-01
-3.467650997980130101e-01
2.023313191880461437e-01
4.501111783003895472e-01
-2.868609892039246656e-01
2.259767521698302362e-01
7.933851698539557962e-01
3.308945388899433571e-01
-5.356949260651673317e-01
2.767320857748301610e-01
6.195555200594744794e-02
-5.952826732967276824e-01
-6.954367914646197857e-01
6.974208550339080492e-01
3.716201581340611293e-01
4.499956328085480406e-01
-3.991034074757423417e-02
-1.086890911827851081e-01
3.844592112701875619e-01
1.559215264085623831e-01
1.898201579153230012e-01
1.837688475027540180e-01
3.230490733466201969e-01
4.520975337229312663e-01
4.355483180254569597e-01
-3.076471288694603845e-01
-3.885883292249081578e-01
-3.717969800201234021e-01
-2.296683726782154378e-01
-2.909079763443696565e-01
-3.479051609116690091e-02
-8.047040375614104013e-01
-3.982605768650546163e-02
5.303527707216373344e-01
2.036339251660357896e-01
-3.889572606173364866e-01
3.787118582051726134e-01
8.306480029681932720e-02
-1.125677720690997363e-01
-1.396305300350617340e-01
7.084390056980259809e-01
-7.257465229100166226e-01
-1.510725799623872934e-01
0.000000000000000000e+00
-5.161232266746055286e-01
2.286228459743554486e-01
-1.583354013663107462e-02
5.168907141724523591e-01
-2.603165071555022525e-01
-7.420765999834831872e-01
3.986566007880208429e-01
5.636971446732955693e-01
7.184376814825065016e-02
-7.583985566848968629e-01
-7.775205929287776208e-01
1.521260425499798563e-04
6.278894064115538853e-01
-9.075995106518865152e-02
-4.060115820666610476e-01
-4.961571165231488945e-02
3.768380612760267034e-01
3.951761341389828930e-01
4.103815351106916420e-01
3.654191606326591679e-01
-3.982557581629907473e-01
-4.390147503408673990e-01
-7.686046238723749369e-01
4.317932268960872899e-01
0.000000000000000000e+00
-1.305271542404483065e-01
-4.353090839157720549e-01
-1.880777429712295890e-01
-8.782336381279536308e-01
4.593756864131619544e-01
1.030860823190900832e-01
5.419569076020470666e-01
-2.348528739876271643e-01
-2.621978693640102942e-01
6.921310566815768173e-01
7.387552343893043494e-01
3.049769719662767109e-01
-5.677447027302993110e-01
4.633006634004879776e-01
-1.328631678593827047e-02
3.697626407882645405e-01
2.534462612930769160e-02
-8.925755233788511267e-02
-4.464757480574128579e-01
2.216792724345782034e-02
-3.234102607484378722e-01
1.054820526561373734e-01
3.972587968598486480e-02
-1.275510432408435632e-02
1.496265185575763046e-01
-2.335484112650616229e-01
8.236005120162983584e-01
7.200338331787277113e-01
5.392342363044205777e-02
1.835137116493156251e-01
-1.524345750535711086e-01
2.498320430075977316e-01
-2.195854611247955168e-01
1.271874081056799666e-01
4.398580241816602565e-01
3.386929934703476475e-01
7.389546398921312820e-01
-1.031265358788043679e-01
3.314268627970189951e-01
4.063706157612923670e-02
5.087404640031175651e-01
1.260768730034570462e-01
3.787632813566577106e-01
-9.586177061152525297e-03
-1.453580136534576017e-01
-3.639045330928778604e-02
5.771072215260338034e-02
-1.018235190633440118e-01
7.364840622059551367e-02
-9.786052800547483110e-02
6.121188995212056838e-02
1.691958329668434569e-01
2.820161601819838326e-01
-1.303883668709132915e-01
2.258529093855184688e-01
-5.748788561827068433e-01
-1.160141344439356292e-01
2.732832365960792820e-01
7.003712226518097328e-01
-2.331539105570476778e-01
2.727384253214938936e-01
-2.912181175000446154e-01
0.000000000000000000e+00
-4.015918404420787402e-01
8.439486495117602682e-02
2.215796501185841594e-01
7.231131752767507859e-01
6.695022399326365781e-01
2.449605033878024529e-01
2.762441231930943819e-01
5.446413972142539334e-02
6.748943385798095163e-01
-2.452548628040227552e-01
8.414595022441112571e-01
-1.613059833131051668e-01
-9.564496579643870788e-01
-4.921345349046314932e-01
1.609839519436762068e-01
4.975107272278297410e-01
-3.186842848909254844e-01
2.380155849363798648e-01
-2.663000967439512756e-01
-4.253317358200314757e-01
5.170524529654387802e-01
-4.755232594070293861e-01
-5.795928564175001352e-01
7.250094416594614344e-02
-1.833080331171468014e-01
-5.298207447270602000e-01
-6.164163117561261007e-01
1.660430578248345002e-01
-3.882591114308279190e-01
3.672681461251903201e-01
1.350627080821719950e-01
3.023794319765576305e-02
-1.261094134195296090e-01
-6.769408011095850997e-01
5.373511801520949316e-01
-1.501701066023910236e-01
5.273986944760589157e-01
3.173738203792587642e-01
0.000000000000000000e+00
-4.411580992488700614e-01
5.910701532907340905e-01
-2.852332092858772539e-01
1.356412672472397107e-01
7.057033126514106192e-02
6.633606962098482773e-01
-2.950011502084139425e-01
2.712173628303984896e-02
0.000000000000000000e+00
-3.236326598997934512e-01
-2.515419073084751433e-01
-5.708978813232230554e-01
2.434969984587784242e-01
0.000000000000000000e+00
3.152718805788989886e-01
5.458701396572605002e-01
7.946715981603927337e-02
-2.236467783981482549e-01
1.080851000695754599e-02
7.298972629289148806e-01
3.045909722429212749e-02
-3.252970845989699433e-01
4.567675322848370190e-01
0.000000000000000000e+00
2.715520203008146005e-01
8.083365114323591560e-02
-6.700270457886633446e-01
-6.854608481301351919e-01
-4.554559152154415147e-02
-6.118251552850517694e-01
-1.041086109405384152e-03
6.464876606957374872e-01
-3.552246334389961291e-01
-5.430659363743748358e-01
3.407123728976703680e-01
-3.252222374983158582e-01
-8.593397965613751577e-01
4.323004378474876175e-01
2.458452441141515538e-02
7.022786341495740325e-01
-3.367571296251284929e-01
-1.051035047230459984e-01
-1.970887936657756967e-01
1.604143743730819249e-01
5.407686175042941690e-01
3.323184657015588739e-01
4.291756464675884619e-02
-2.823956029351279984e-01
5.992432224787114237e-01
4.179021176261155102e-01
2.860267768514824782e-01
-2.166162433704258150e-01
-1.293799536952460472e-01
0.000000000000000000e+00
-1.997794183523018685e-01
2.272784887381385510e-01
3.194517490139371363e-01
-1.880462132901292993e-01
1.015649319693270880e-01
6.306113537797243263e-01
-4.712714298511726241e-02
1.889486194452224543e-01
-8.041910883758229822e-01
4.024468159137564172e-01
-1.362731790298661316e-01
-4.685030558346858776e-01
