-1.366016939956876397e-01
-3.544011136540091422e-02
-1.607918377821101197e-01
-6.126641984958871578e-01
2.373575265691068303e-01
-3.206977452015197794e-01
-9.696085814993009588e-01
4.501938920744718020e-01
-1.866303623756289665e-01
5.009168448397567364e-01
8.620477025938042548e-01
6.202135484222822681e-01
2.480617883722121830e-01
-2.305022420338963610e-02
-2.671222644924041711e-01
-8.793773884508138128e-03
-7.541516085589462515e-01
3.599237188410624455e-01
2.485146577052197991e-01
-9.127966810381323848e-01
-7.752512678380755196e-01
2.754111493864090307e-03
-1.697261590715814228e-01
7.821739653122879998e-01
4.949445105976875148e-01
-8.612049210345864569e-01
-7.974320922002022805e-01
-6.437954300862774870e-01
-3.126966516333464785e-01
-3.232287537826740720e-01
-1.691513269391200780e-01
8.744554543309102090e-01
-1.393416826041290468e-01
6.737172378619557533e-02
6.012618160041000026e-01
2.543055259564322990e-01
-3.462951387477342657e-01
2.806818698757593267e-01
6.392583096352340011e-01
-6.751372411431278975e-01
-2.000319860323573895e-02
7.760023204530788199e-01
4.587050692187601419e-01
-4.034552968172072651e-01
2.504656346924986898e-02
-4.433217219671162224e-01
8.180950461930499573e-01
8.381918936851086022e-01
3.610281760789220140e-01
3.811997790941508701e-01
-2.518863961614510316e-01
9.480876802949107507e-01
4.309994307823347692e-01
-3.140678818055289145e-01
-4.100192459655027655e-01
-1.648725562240104525e-01
-2.110145404065428554e-01
-4.514508802487784411e-01
3.123201072894790653e-01
-8.626104515736001677e-01
-8.068913133355566369e-01
9.652091380009442112e-01
4.855153637868444561e-01
-5.733346084520743458e-02
4.782217928935125206e-01
3.489245877240829130e-02
-3.615776706537307539e-01
-1.191650105115879821e-01
4.830250857015780941e-01
-7.455515790991762426e-01
-9.045887565431937061e-02
-2.526496422458840430e-01
-4.203645936743669043e-01
1.183981875595636890e-02
-1.217957044408387035e-01
5.733452433439250040e-01
-1.982807008785276437e-01
-7.246411151302440956e-01
4.178712781511281782e-01
6.066973242771739327e-01
2.849295381667676375e-01
-9.278267334941678879e-01
-6.230599407022729963e-01
9.034901592631899847e-02
9.024764202791129009e-01
2.615827851149555849e-01
-4.406769972683871606e-01
-1.929044726143419597e-01
3.738664574639380955e-01
3.889092705843990028e-01
-2.055958392037024463e-02
3.826938171050334736e-01
-1.484896224050331337e-01
4.006700982453177406e-01
-8.347432474547403780e-01
4.830586016802145277e-01
-3.301192147039461178e-01
-7.884641259608143882e-02
4.908577114084672344e-01
-3.049750656707013174e-01
-2.290932911173310105e-02
4.848039558904689850e-01
-6.725782950063177723e-02
-7.978732784427563507e-01
-5.279660602830140714e-01
-2.144442943777612465e-01
6.905995165704443828e-01
5.670835437951693425e-01
-5.147510921150705299e-03
-4.391245463646062386e-01
4.689280682409323608e-01
4.520152554409692103e-01
-1.576742212558421841e-01
-1.352955993445925653e-01
-1.611466819605833489e-02
-4.705489503132369022e-01
-8.471805458549676038e-01
-4.544086720518305533e-01
1.708008758031274721e-01
-4.841210754339522748e-02
-9.060456298562225008e-03
1.267530513220980204e-01
-2.827889458081500607e-01
8.642915702124663868e-01
7.454207826135859083e-01
4.851467788248282620e-01
2.428668215823608090e-01
-5.973385425537725002e-01
6.175893541616694904e-01
-6.320660395896753325e-01
8.280620819698346624e-01
5.146227944367604001e-01
2.560459739171381810e-01
5.894714355241703618e-01
-1.981429437552249540e-01
3.663098876140430948e-01
1.021813712989281669e-01
1.524619933907705727e-01
8.718029431308702559e-01
2.011899668069087599e-01
-6.892985780122928841e-02
-1.192921817996493161e-01
3.555239680180564965e-02
3.555255605320373768e-01
-1.916828958098933944e-01
1.500594871975308442e-01
7.210459833975682575e-03
6.207124839115431975e-02
3.510213713224630827e-01
-2.700749640887178948e-01
2.044301122164990381e-02
2.674050596776712113e-03
-8.005002492313663121e-01
-3.667375622005915048e-01
2.924069451210449255e-01
6.256212750472613937e-01
-1.843630011504127364e-01
3.175464761784173029e-01
-4.502503396108780143e-01
6.676370491257915818e-02
-3.753811494871693299e-01
1.831081840062706578e-02
-1.321342396655087459e-01
2.156886133214314105e-01
7.398877498774314443e-01
1.460881422086504622e-01
4.558916023698794673e-01
-3.063424909596120793e-01
7.926247720900686522e-01
-6.286428692926753214e-01
4.870861605900735913e-01
6.512587240681854128e-01
-9.505864052156209887e-01
-7.109288638450709241e-01
3.867938283706419123e-01
4.612763729729166262e-01
2.468099281976178505e-01
4.188476690659566071e-01
-2.021493081092813338e-01
1.942624685142829710e-01
5.327107294764940049e-01
-3.739111890735926647e-01
-1.285242785572141000e-01
-5.585339965562603759e-02
-4.454698620925226504e-01
-6.486991603062806089e-01
-7.260445304102012276e-01
9.615219994726873498e-01
-1.734937816995851811e-03
1.049619799537185316e-01
5.093427310171172451e-02
2.769533764849777535e-01
1.283684012865179414e-01
-6.536135112234541245e-01
1.822269084173627485e-01
-2.412903761207325914e-01
5.898596270983884615e-01
4.172377978879778793e-01
-2.699954390322691911e-01
-3.795115680938745961e-01
5.631349277950984389e-01
-7.781420048657534672e-01
1.416671254804552915e-01
1.833053864806565014e-02
7.517808974644266673e-01
-2.872093175175509661e-01
-1.885073669415191638e-02
-3.025434156091742488e-01
-3.723897648039151687e-01
-2.456434744755210953e-01
-5.812208948742408898e-01
2.244888086988129916e-01
7.036952168032524213e-01
3.889425645181119884e-01
5.564609022643910441e-01
8.500541737551008115e-02
3.575430250110075980e-02
5.749767623888392132e-01
6.253643947218789911e-01
9.289024290343589341e-03
-1.853439570299572625e-01
6.617928843985576570e-01
-7.610427784061738476e-01
2.871255925024231437e-01
-8.291223474361275603e-02
-6.684808420729100309e-01
-2.887098383930590817e-01
-2.007851114249160629e-01
-6.988013771702652477e-01
-1.523625316378902361e-01
5.218422867182073155e-01
3.230049467168016886e-02
-7.321284163597890915e-01
9.452454156411771446e-01
4.818841843437746131e-02
-7.442325435274049772e-01
-4.909501231735519111e-02
-8.300732617882872200e-02
5.873019781081680879e-01
-3.939592223049412367e-01
-1.015748605117658965e-01
1.686798250244254394e-01
-1.738309666450257029e-01
6.701880630570604680e-01
2.695503651435703363e-01
4.859353412927671506e-02
-4.983821887336695733e-01
2.830673745671380970e-01
4.968252577967305350e-01
4.890576781993371536e-01
-3.600007317373325466e-01
-4.286930713356027489e-01
6.776872813436334020e-02
-1.320407047116251009e-01
2.099601980176807603e-01
5.435495615562501159e-01
-2.216295702044004112e-01
7.620499178297286680e-02
7.285546450582507383e-01
4.492343384471145923e-02
1.398300454874709109e-01
-6.905015095076149079e-01
4.136805210715019943e-01
-3.132287074351636225e-01
-5.532172699602164734e-01
