-2.130554767602321764e-01
9.852142009907145503e-01
7.530064873467128272e-01
-7.456528819807823893e-01
-4.458007586120091847e-01
-6.052129853484711219e-01
7.433214959260872057e-01
3.564400022387790301e-01
5.928245135742231664e-01
-8.530674351289313506e-01
9.148222973270356828e-01
-6.850296206768706764e-01
-4.286439249262601336e-01
-7.913762532170744990e-01
5.212823947959324133e-01
-3.880088348654284758e-01
2.673195561916619223e-01
1.308398465260462995e-01
9.560425894351847198e-01
-8.730583765738455515e-01
0.000000000000000000e+00
0.000000000000000000e+00
5.584721992257069001e-01
-9.742084500745149533e-01
4.030003135597521879e-01
4.563732668265185755e-01
-8.056386555097476698e-01
5.827312977645853209e-01
-1.909751055802533237e-01
-3.019654302401242330e-01
0.000000000000000000e+00
-7.612448329840912908e-01
2.456858772035841465e-01
-9.315155171455991034e-01
6.410138277405672547e-01
-5.219754443150095291e-01
-6.215006094205874909e-01
4.791098661264658887e-02
1.946954771288855746e-01
3.775785534311011382e-01
-8.329916677508388823e-01
5.346701642675464328e-01
1.093867124008318648e-01
9.759382152632001262e-01
7.198016410607599447e-02
2.309467053759823862e-01
5.705150961284055633e-02
0.000000000000000000e+00
2.836317458734429753e-01
-2.079560540059588458e-01
-2.563823295021920856e-01
-8.577232469528177639e-01
8.578057089925961165e-01
4.452250018515391261e-02
-3.845767137441882255e-01
2.946052917699915064e-02
2.163898269948214548e-01
-1.034887860105702106e-01
-9.627005665535446344e-01
-7.836012893472772411e-01
-1.963018182940574619e-01
-4.071106385288187912e-01
-2.043629106285307362e-01
8.721337818369134798e-01
5.532413095421924165e-01
2.473214090137423327e-01
-2.223519862671554659e-01
-3.865347652321950989e-01
2.144849188699409215e-01
-2.504070479802962268e-01
-7.152590310312760824e-01
-4.775762772008238510e-01
2.420460120348439936e-01
3.854666180905210737e-01
-4.206209187865892485e-01
0.000000000000000000e+00
-8.143120231236766760e-01
8.449727699948974546e-01
-3.717137210014993531e-01
3.467479044334909055e-02
-5.161191627835863827e-01
-3.476747613108215340e-01
-1.431242214785455324e-01
-8.231850740273254363e-01
-6.276649412112023096e-01
9.062505879073770032e-01
4.230459397721428871e-01
2.366041879698754791e-01
0.000000000000000000e+00
5.705730336013346005e-01
-3.031745764263971132e-01
-3.057589976961687661e-01
-7.974433464346533107e-01
3.879537176035217083e-01
7.742760434053925778e-01
3.740801470336705403e-01
-6.003032526616185471e-01
-3.829000257154349107e-01
-5.184659406212621668e-01
-8.302581005066866915e-01
-8.556066945895552944e-01
-2.567359825153328057e-01
-3.884873594448379208e-01
8.709042790252277122e-01
6.418705807262405916e-01
-8.153901715407991801e-01
-4.123456715198750011e-01
-5.221576026634582313e-01
0.000000000000000000e+00
0.000000000000000000e+00
4.096641872659227968e-01
7.775538809367854576e-02
-2.538551218310680646e-02
-1.284764348740963236e-02
7.956625124182883368e-01
6.697190259842584759e-01
8.476530378764095541e-01
8.543674837440120573e-01
0.000000000000000000e+00
3.885098001527806932e-01
-3.478358452966168191e-01
4.114238671181991158e-02
-3.293775684576205620e-01
-2.680040627693267563e-01
3.211952922116270148e-01
5.923081179207718705e-01
9.044312462511194806e-01
-2.313660165179107775e-01
3.541004814300023895e-01
-5.339532807212361565e-01
-3.468346635555417112e-01
-7.318773207709095008e-01
-3.969238559898831120e-01
4.063972628333851755e-01
6.193971682317216398e-01
6.934288325368564987e-01
-8.878095810421311462e-01
3.062020652479096050e-01
-2.029516890524647454e-01
-6.111454908431057653e-01
-4.049538048905374499e-01
-1.578362524452672222e-01
-7.996708605274593928e-02
-2.859364615470918469e-01
5.132007419033703943e-01
-1.647066442554074861e-01
-9.566072835681151965e-01
-9.560061731508266991e-01
0.000000000000000000e+00
9.453469694961635916e-01
6.685552868385080671e-01
-3.910895728408949612e-01
4.547260819853062852e-01
8.959058475142933631e-02
-3.682235165852896230e-01
7.449615843014210093e-01
2.966248124936872177e-01
7.448096437214872800e-01
3.696946336517104026e-01
9.089001606217794738e-02
-2.192569104447372741e-01
-4.287859364459343237e-01
7.231611904517605272e-01
1.017384059261123852e-01
0.000000000000000000e+00
-3.274366774246786349e-01
4.756889966620694299e-01
-4.553760407164972879e-01
7.547932256377885007e-01
8.899827082639182319e-01
1.641919701142764421e-01
1.225012403962995045e-01
5.264524608049494514e-01
8.225423912155491735e-01
-5.315499826144454154e-02
1.630849866227332967e-01
-8.262540757714205153e-01
8.289129737723983649e-01
3.177216442338450797e-01
1.311286070666437542e-01
0.000000000000000000e+00
1.803481377938411789e-01
-9.355460534561892416e-01
-6.441014425920270625e-01
7.938414161665150459e-01
-9.150324635669506712e-01
-9.098540323582899880e-01
8.136450688113565644e-01
-7.202222852388029395e-03
5.656085030026802851e-01
7.567831097644373006e-01
4.389109520786054208e-01
4.800681531120400969e-01
5.316142578606077862e-01
-3.417095542579693390e-01
-8.834827301336842797e-01
7.182971404491982348e-01
7.222808067184729452e-01
-9.046215052394506184e-01
6.865690049401427242e-01
-4.202433921279538076e-01
5.319864705887120682e-01
5.473636869202365141e-01
-4.120412701414639667e-01
-8.599643303760535762e-01
-4.367801357841554211e-01
1.755707639110284379e-01
7.368779208615761078e-01
8.293480371290353759e-01
6.534556773422561804e-02
-5.491812154656616762e-02
-4.647865602553780118e-01
3.147590119289509492e-01
5.015301685366420070e-01
2.651084378691046517e-01
7.711469902880292437e-01
-8.566110500541086470e-01
2.359375415006903509e-01
-7.618526768914191116e-02
0.000000000000000000e+00
-3.801967807398423105e-01
-7.577309572873753840e-01
6.912267726061731565e-01
-1.145400143439891938e-01
-9.978243928773722349e-01
6.016136229235731214e-01
8.252935604316093965e-01
7.788512149502442306e-01
-1.515389217196279059e-01
1.594619392341487529e-01
-5.990885418425413445e-01
-2.611773565273045605e-01
-5.535423565973560667e-01
-1.024335295598364226e-01
9.199579255972427649e-01
-7.306267241039945404e-01
2.266731559737900081e-01
9.635916331201073159e-01
9.742951711922636093e-01
6.825854697198405763e-01
0.000000000000000000e+00
4.095802486767663453e-04
-3.668402916724771146e-01
-8.584041376081261721e-01
5.349935128897511660e-01
-8.684940966809531204e-01
-3.296186052921283860e-01
-4.778916368100791789e-01
2.726779965521548554e-01
7.754709593758282171e-01
-5.785295682417928020e-01
1.544895242424990656e-01
5.244979295226381844e-02
-4.335057863195437289e-01
6.774325330884667373e-02
-3.262663667941787526e-01
-7.018111803107986990e-01
6.799108541975082964e-01
-4.269426128931079756e-01
5.062132512492580894e-01
-2.563968056832355291e-01
3.908811161040033344e-01
-7.105554945326335581e-01
5.701572588609120640e-01
-7.718266098888384441e-01
