-1.794346382094964554e-01
-2.598749191915291634e-01
0.000000000000000000e+00
4.862598894168890795e-01
0.000000000000000000e+00
0.000000000000000000e+00
-7.407189650031691386e-01
3.501376274234765384e-01
2.163964089258926249e-01
-2.573151838506558819e-01
-1.531757534280341893e-01
-2.822520828627741452e-01
-5.964989081291958151e-01
-2.317413296196993433e-01
3.754570892560069595e-01
2.221181899548430316e-01
1.582800331049440123e-01
0.000000000000000000e+00
2.660988091353789775e-01
0.000000000000000000e+00
-1.729346822940974748e-01
5.872725186738667613e-01
3.503369612895064211e-01
-2.379791078491306361e-02
-5.165223226538009221e-02
5.109188611575475880e-01
3.963446326266082953e-01
3.729739950788387159e-01
5.635923214385178959e-01
0.000000000000000000e+00
5.404408791836560200e-01
6.213970785467303193e-01
-3.394283934261916880e-01
-2.722041858993475283e-01
-4.402415157408366420e-01
3.000384281162797595e-02
-5.075568942242613124e-01
-7.193647670562186569e-01
5.759957032307536640e-01
3.867199933502860620e-01
2.855403495683954129e-01
4.742325951688851626e-01
-2.705542399113822771e-01
-5.295932232304612075e-01
5.846790668864297880e-01
5.388408806089145520e-02
4.041928151896309052e-01
-8.048174855350546941e-02
1.085311525946243416e-03
4.291082391640580473e-01
4.574407713414430088e-02
1.685528434451208646e-01
4.134594512882916462e-01
2.706204327531808729e-01
4.246979786160587356e-01
2.218404408095124569e-01
3.245841678821688170e-01
-4.019437384928123969e-01
-4.661546791766152387e-01
-6.273021108790036715e-01
1.617716268519636680e-02
-9.134742324191837959e-01
3.796118344559223368e-01
-4.168138189073522515e-03
6.523563974547189614e-01
5.132142023593890823e-01
8.785331891274285321e-02
-1.693346846665468586e-01
-5.619059680374239862e-01
-3.482789166776921741e-01
-8.635113356999308820e-01
-1.862527104347866391e-01
-8.990322872619459504e-01
-3.355361150022374006e-01
3.589392244956276512e-01
-1.115195460345680123e-01
-9.322601931304851097e-02
6.395882189112822060e-03
-8.606335345432973849e-01
-4.366006341773768229e-01
-7.626356497220241337e-01
-3.042988027693466213e-02
-3.783989820613042898e-01
3.399952139234681536e-01
9.629699622115854840e-01
3.328055224955447366e-01
2.464856793966353488e-01
5.458877227785937647e-01
5.335160650536545646e-01
-2.622179001977734125e-01
-3.706420627891687247e-01
3.275904132338475216e-01
1.733658319078345417e-02
2.208808041275290845e-01
4.827893641734540831e-01
1.392657124140133651e-01
-1.760817011974040169e-01
-7.885442728529920009e-01
4.628341383586395685e-01
-5.576899077901209534e-03
2.126704989957887149e-01
4.403321644558480519e-02
4.069311801928161554e-01
-6.190884600765743651e-01
0.000000000000000000e+00
2.798338816580671073e-01
3.117747793663032674e-01
-1.037267983375958907e-01
-1.403907852754515684e-03
3.735230452308022642e-01
4.493026936249734649e-02
-9.194699026726431690e-01
5.651319132942829171e-01
-4.787481508272978803e-01
-5.756955587437604382e-01
8.546215068911686696e-01
1.266956678208043877e-02
-4.655896213112923482e-02
1.802842887380713410e-01
-2.223000194235514315e-01
-5.860717435256511676e-01
-2.540892991161020076e-01
-3.835641731597179138e-01
-3.313988996406194154e-01
-1.553082425417382784e-01
1.003511232296356304e-01
5.813469629560996665e-01
-2.105303300746893050e-02
-6.457880857009705433e-03
-4.285910417366591840e-01
-2.290555019197923481e-01
-1.383362927565956468e-01
-1.607286167258623610e-01
6.271653222189382815e-01
-3.527660946736784764e-01
-4.799554147251913760e-01
3.859029400525327835e-01
8.164925818878723263e-01
-1.284894600708908763e-01
1.231956085073060980e-01
-8.178646015339290365e-01
2.292946950882838175e-01
5.005508101433939760e-01
-1.172356259361725800e-01
1.288982106105029113e-01
5.201409117702588958e-01
4.362717410040704014e-01
-9.525140019857148976e-01
1.504634474448736658e-01
-9.095534079497252788e-02
-4.153313783617969268e-02
4.858970907122780458e-01
-4.253756435486997778e-01
-4.552414110908061806e-01
-4.198945285762848978e-01
-2.827009022344009748e-02
-4.803798634014810887e-01
1.846993951391240341e-01
-9.399377057245876799e-01
2.517949365300155562e-01
7.969959241673127970e-01
-2.908640836731098966e-01
9.284676706643243960e-02
2.754818058155393823e-01
2.564666200892187775e-01
-5.886201690246195550e-01
-8.641918801467278755e-01
1.587390993279313434e-01
-3.176187967475676555e-01
6.661500898431640394e-01
6.515624294632094138e-01
1.327582537098498106e-01
-5.134194750126905848e-01
-2.324428442323457911e-01
-4.177491207596321088e-01
-8.385279131265127583e-01
-3.323088243418149956e-02
3.095241222893972965e-01
2.582930512889526908e-01
-4.600795575263068038e-01
8.602193910217922901e-02
-3.553662341907424249e-01
7.227823266876522990e-01
-4.219769675176152091e-02
3.717608374696186324e-01
1.826150762541393080e-01
-3.927516554217891920e-01
-3.815380036492194149e-01
2.896231731547308508e-01
-2.800546165807593635e-01
5.700968575047566933e-01
2.458761006312004394e-01
-1.430489840922178346e-01
0.000000000000000000e+00
4.067043386962618245e-01
-7.024292834680756492e-01
1.006300974075919619e-01
4.732024501807506334e-01
4.169891344436754688e-01
-6.585492226041138597e-01
-2.749281263952452203e-01
-5.815076997268966430e-01
5.436259379724801555e-01
6.549607554114205143e-01
8.231540007419839433e-02
-2.272247147918212140e-01
-3.590702357783410736e-01
1.828064709028498491e-02
9.949462454794143484e-01
-2.954729509749141059e-01
8.649177420938722327e-02
3.849135111176400391e-04
2.020807325940476851e-02
-1.603797760515966730e-01
1.912484742691062389e-01
1.789270805869281888e-01
-2.151276943050891843e-01
-6.381339889464551773e-02
-4.969514775951931473e-01
1.300853442466448628e-01
-6.334828134559979951e-01
5.845048729263047083e-01
-5.036664060754969530e-01
-8.828202284433032121e-01
5.638582087354817585e-01
-6.845935926743191846e-01
-7.197818590543993977e-01
-7.163315936838932085e-01
9.667363064053864363e-01
6.815266639488820610e-02
-6.523379791791711346e-03
4.452247554264466833e-01
0.000000000000000000e+00
4.069802482905449104e-01
-2.576991731007252096e-01
6.953525987105537709e-01
5.800706885052209216e-01
3.327742838411656412e-01
-5.223978417212456204e-02
-3.695515962295158330e-01
-3.147008901734552611e-01
6.763065242788157683e-01
3.654465746019620598e-01
6.448670543557279977e-01
6.603507224353033500e-01
-3.442139831205243139e-01
-8.632454328451854009e-01
-2.558169997077291424e-01
0.000000000000000000e+00
-2.110666255713481987e-01
-1.303529358570208463e-01
-6.345442812604374927e-01
-8.011756879111447960e-02
-1.122091726814740398e-01
8.259473422013502431e-02
2.433634231764788547e-01
-1.449623087339607097e-01
6.965593096982800603e-01
4.275135891910725183e-01
4.950874553614899032e-01
1.873025453432809462e-01
-7.742177755110907222e-03
5.932165474656205806e-01
-2.436093916137307969e-02
-4.131595816975193736e-01
