-8.232401259085913026e-01
3.148816426237897037e-01
6.188992596125539869e-01
9.190574120117611656e-02
-9.833058977156032832e-01
-7.785471687886926784e-01
-5.656689129695413598e-01
9.524175890063610872e-01
-5.386849818828740588e-01
5.490213507295276241e-01
-2.124862007633601113e-01
2.944770387733373074e-01
-1.214639166173927531e-01
4.107777877523766108e-01
3.848070300536399202e-02
7.726782549969906100e-01
-5.784217986762112407e-01
-3.395042312042098054e-01
-3.623387763443908227e-01
1.706977249747052561e-01
1.718832463517714348e-01
4.765056800888001209e-01
-4.401693308823464434e-01
3.241887398346616767e-01
7.114438266189506699e-01
-3.439601716940596798e-01
-5.283848961752419804e-01
0.000000000000000000e+00
2.437424400583700912e-01
-3.085470134375436491e-01
4.218952895496452804e-02
7.413059962628369970e-01
-2.033312820658930153e-01
7.803319003315070113e-01
6.035538355671590249e-01
-6.128860404069917944e-01
-7.778497713688765636e-01
8.162774092433418005e-01
-8.454840123137856711e-01
7.568473922224836503e-01
6.421386535978919063e-01
-1.752162174744660295e-01
9.728091409190806615e-01
-6.869714876027648298e-01
4.624589204530704656e-01
-7.715280674109723513e-01
8.553170118503026220e-01
-7.868529129339973949e-01
0.000000000000000000e+00
-5.925569226305915649e-01
6.641879043043275033e-02
-3.019619920137996960e-01
8.269420445291322253e-01
-9.926991553481647745e-01
2.326106157072107550e-01
-8.652417498565398990e-01
-4.473819927028561683e-01
6.731185863437145755e-01
-2.963577623815902840e-01
-3.381878053571467646e-01
9.853073453461658193e-01
-2.577810307652810273e-01
-4.792990712553459876e-01
-5.244595860720846492e-01
-9.362191172198681688e-01
-3.060054753759737789e-01
9.817479814897454027e-01
1.894603107263597153e-01
2.215877561444634658e-01
1.530354175989530052e-01
-8.727711619823810274e-01
1.676400965715831859e-01
4.325408607412166706e-01
7.522290359466159426e-01
3.705357123476720194e-01
-1.417776099856820071e-01
3.099903496140430370e-01
-8.631245168589749550e-01
-7.475674701236911801e-01
-1.739634741429196829e-02
-8.641446907242948949e-01
3.792789268804441782e-01
0.000000000000000000e+00
-4.728327657609838752e-01
8.250765550921317359e-01
5.022725474432334636e-01
-7.216996977977319094e-01
8.851239419394005825e-01
-2.430989286386247006e-01
9.507837926116096128e-01
-8.788261915326422979e-02
0.000000000000000000e+00
-1.982376146820308271e-01
-8.837582779643504693e-02
6.288717310695253193e-01
0.000000000000000000e+00
-6.757060564869556973e-01
3.256049835947243398e-01
7.302793266695706276e-01
7.817238363859639882e-01
7.409295604852461636e-01
-5.143676742064602347e-01
-5.784990385486530329e-01
0.000000000000000000e+00
-3.701629716561596339e-01
0.000000000000000000e+00
-7.263582363462877112e-01
-9.446071646726967863e-01
-6.262730713988284847e-02
1.798278341124648350e-01
-6.936109382712469795e-01
6.911636480622886936e-01
-7.763415673685609697e-01
6.652301695188291841e-01
6.836189657283373577e-01
7.063758657522660744e-01
-4.761430391012699825e-01
8.840762719035428763e-01
5.061159534461963094e-01
1.291485650480266312e-01
-4.520787328161710583e-01
-6.071829064255118702e-01
-2.729035782957129896e-01
1.034685131819825799e-01
1.896812415867465962e-01
-7.957335282752429073e-01
2.584903724967997363e-01
8.158621403362735780e-01
-1.521139735035819118e-01
-4.948395272220940111e-01
-6.004444421076071681e-01
7.903388480010675732e-01
0.000000000000000000e+00
-7.271336884964314518e-01
-4.024241995250317228e-01
4.226240794787772259e-02
-9.349435686265890055e-01
-6.049483803737958354e-01
0.000000000000000000e+00
4.644986348768898043e-01
6.941241983723633879e-02
6.230183727873139787e-02
8.313622105886133706e-01
-3.029698504107245505e-01
-1.173580370943905216e-01
-4.049059296845181066e-02
-7.279748001727208706e-01
-5.885846808158532451e-01
2.257615252411586670e-01
1.439003138551637750e-01
6.694493959130531913e-01
-1.461334387887069930e-01
0.000000000000000000e+00
-9.710762724480228592e-01
-7.869414051682233069e-01
-4.396448635682015382e-01
0.000000000000000000e+00
2.889163902818125962e-02
1.658858750308893626e-01
3.870597279895324760e-01
7.322459075964520281e-01
-2.461768528367391795e-02
4.535962001435844826e-02
9.366956941450199636e-01
-8.632332398853386213e-01
8.757346451249363728e-01
-8.347373905466444199e-01
-6.303925738908093823e-01
0.000000000000000000e+00
9.597119271992289313e-01
-1.733706368818552779e-01
-4.114111977010346255e-01
-6.180155496323027631e-01
4.806371912916369560e-01
-3.879969412795483130e-01
0.000000000000000000e+00
-2.587762526669503682e-01
8.317104532874386447e-01
-3.722329198740019773e-01
-9.092414933585126757e-01
1.763036160418285370e-02
-2.909168421780949920e-01
-8.537205569437555930e-01
-4.992346268540119869e-01
3.189183493922429502e-01
0.000000000000000000e+00
6.313769874997714471e-01
-9.961351381639360625e-01
4.397485169205097577e-01
0.000000000000000000e+00
4.437288247012165510e-01
8.196655877414553704e-01
8.642434522329323077e-01
-5.690552397791979189e-01
0.000000000000000000e+00
2.108210810127977286e-01
-5.507465080744871067e-01
7.402151812164974309e-01
9.552620323097156252e-01
1.430521420932575616e-01
-3.274514899842206894e-01
8.963988946162460003e-02
-7.057467519045612647e-02
-6.436063750924687632e-01
-2.451430113531618549e-01
-8.573204273882768511e-01
4.280368507984897430e-01
2.886943607656771160e-01
6.223730476350830543e-01
7.972170095461827977e-01
-9.136391820589291335e-01
7.698287303222575151e-01
-4.139867107667021262e-01
0.000000000000000000e+00
1.108214476144384619e-01
-8.435474735690244863e-01
0.000000000000000000e+00
-6.709487000539748891e-02
6.847277275721670442e-01
-4.724724552824628443e-01
7.894354160329750680e-01
-5.925443368026732660e-01
-4.565283720542092638e-01
-8.696801411922212566e-01
-9.369333615092676482e-01
-5.846033742174228109e-02
2.969790472130440229e-01
6.818653783990165085e-01
8.683035582024494214e-01
-6.574777349936624660e-01
4.286863224365371483e-01
9.872632064436364097e-01
-3.176424506062425213e-01
0.000000000000000000e+00
1.952142896328861177e-01
6.413258256201015417e-01
-7.031784805193768140e-01
2.510258224212433831e-01
6.584484546573230457e-01
0.000000000000000000e+00
-7.369671820655259165e-01
2.283757487888047333e-01
5.661341042006624580e-01
2.054219800712764332e-01
-1.735964436308790049e-02
0.000000000000000000e+00
-9.285071619177638347e-01
2.785788621001124010e-01
-2.378639926496666224e-01
-9.141906093621261498e-01
8.135543857703904091e-01
7.305184589922097960e-01
-9.899064624699740467e-01
1.317941286935984113e-01
2.429445658401694352e-01
-7.181250072881910640e-01
-5.773849516302489437e-01
3.175671940628270740e-01
9.898723672413518582e-01
1.000000000000000000e+00
-4.959163179287329193e-01
2.544001488992728710e-01
-5.784598203688171569e-01
8.651381008648622029e-01
-1.646586638688212201e-01
