3.364098873146654789e-01
6.229132195560656005e-01
-7.189228466454116173e-01
-3.627653310243958984e-01
-5.509878037336697343e-01
1.557822952479652745e-01
-3.521125773063840114e-01
-3.013656143632204021e-01
-5.472427316090084926e-01
9.471275322817818143e-02
7.864913233950563409e-01
5.786512659332958552e-01
9.225491912571857078e-01
8.895747120036869848e-01
-4.882775911190373463e-01
-8.785450726875394523e-01
9.493296371349975171e-01
3.924348011534593006e-01
5.814203259886490116e-01
-3.161966799727218280e-01
9.585083419068562982e-01
1.414972340082121249e-01
-5.956079071730027152e-01
3.085121202946088381e-01
8.006516632459965699e-01
-1.538197380535799574e-02
-1.391058065066650418e-01
8.543552043693738440e-01
-6.519109941335266001e-02
1.578539496178454904e-02
2.631414067494748377e-01
5.390865523703836093e-01
8.369921192237634866e-01
-1.520738265879635343e-01
4.005586104232787825e-01
4.901805800434537730e-01
3.589826014347297090e-01
6.133457181600074914e-01
1.355773437319893748e-01
-4.531396088863104410e-02
-5.046310029060947500e-01
-9.468781163484569774e-01
2.150964994528272722e-01
5.681027798443325505e-01
3.068479621734074847e-01
-3.317853028222284006e-01
-2.170262270635758828e-01
9.401133170743372069e-01
-6.630153688862561179e-01
-7.883770210139506851e-02
-5.226744856788403393e-01
-5.113308173280131097e-01
-1.625210548239468533e-01
-9.756927410921945043e-01
9.471928658209840535e-01
-8.418773571499085229e-01
-4.957997505524005533e-01
5.468899135823110935e-01
5.551410671403502750e-01
3.777212437166952430e-01
-2.349045676863998899e-01
7.000198841720930432e-01
-4.588532880121711788e-01
8.112563959652503431e-01
9.594739650335830650e-01
-2.312418485585796546e-01
-5.182166741709792745e-03
-8.372201149983662383e-01
-6.114816802777451876e-01
4.709666151245803789e-01
4.410581606544916600e-01
-4.307098698315809937e-01
1.379897765689925837e-01
-3.678579833512356512e-01
8.851199747950362351e-01
-8.071343969309081601e-01
1.337021980744979022e-01
-5.819834689539040706e-01
-3.245149499725006326e-01
2.367891883070236680e-01
-4.280492459934968075e-01
6.183328459558481427e-01
-8.060835011531817251e-01
1.074096793403085393e-01
-3.412779382302912889e-01
1.661108549548784286e-01
1.324411406655030543e-01
6.538000696876600237e-01
3.131606561408324385e-01
4.532788878983449177e-01
4.091121689532437600e-01
8.362036445401639373e-01
-3.713046285223908782e-01
-3.798178372507632350e-01
5.728642971991599886e-01
6.053057796082330633e-01
-5.441953971573045834e-01
-6.568538957578080595e-01
2.347141334679530011e-01
7.780287270658772236e-01
8.224316784105945022e-01
-2.728958098775298158e-01
3.954384275676514626e-02
-2.023173885381548409e-01
-8.227683237789145121e-01
-7.125107261253726953e-02
3.649875047206754264e-01
-5.848442257796120369e-01
9.747525106810652762e-01
1.488132655014906547e-02
7.330880637580468040e-01
-9.506454409660449745e-01
8.318084232127216371e-01
-1.675324655217920178e-01
-5.688637019106939086e-01
-1.193852156030228429e-02
9.912460174488197939e-01
-8.522551662710364795e-01
9.848274716149698627e-01
-9.505795328040267389e-01
-4.089716398859657431e-01
-8.184654508990241162e-01
-7.580473967828880166e-01
9.490211019204664034e-02
-9.688180141339672868e-01
-9.493810962842483825e-01
-2.703605283510430723e-01
-3.985902749878531548e-01
-2.754304532743392375e-01
-1.041861351826005588e-01
-5.099293827581055094e-01
-9.674339570478038830e-01
-8.752127377161598165e-01
-7.578500063236024431e-01
2.549811776312385092e-01
-3.169644696311899601e-01
7.278565278901258928e-01
-5.368855721689449467e-01
4.835947090915928559e-01
6.291744851016349838e-01
3.398669595207954863e-01
8.592683039122972488e-02
-5.011167476738647153e-01
3.477007068131829914e-01
-8.979562743374520650e-01
5.430466854696081036e-02
2.734240903198987827e-01
-7.815389578768083823e-01
6.445369509909446570e-01
4.981277132780586037e-01
-1.289080075169479755e-01
-3.789857862125476373e-01
-8.988578370961957109e-01
-1.788352165502069546e-01
6.391005506967892824e-01
3.566056915085324963e-01
3.164153661155602038e-01
9.506427888656279190e-01
-2.590796206171823712e-01
9.843076252260372083e-01
9.996875781699590124e-01
-3.131299286445885510e-01
7.427086037952237429e-01
1.954214120186772430e-01
-6.536316403937689756e-01
7.084162767327486510e-01
-1.833809682421525533e-01
9.749770646999993406e-01
-5.589619785590755896e-01
9.598831547736357273e-01
-9.243766299107336604e-01
3.124377463053162884e-02
4.576150588572727163e-01
-4.256394599263400025e-01
-7.292230730487192503e-02
8.711094893078004109e-01
2.486783123484104241e-01
-8.034802560155813733e-01
-3.371397368397914818e-01
6.688853538764638618e-01
7.332278501280169447e-01
-2.075653022437267126e-01
3.281964703301363251e-01
1.428800058445867105e-01
-1.779769904812522618e-02
8.791387823295890858e-01
-9.426727610054734807e-01
5.057987202357585588e-01
3.373736392712944898e-01
5.080415767974457708e-01
-4.628658590582344079e-01
9.609641790307736908e-01
8.736359969821505533e-01
2.608913667091214972e-01
6.302254721176008267e-01
5.212528887185476911e-01
-4.793916488772085316e-01
-1.586814934259419552e-01
-2.126540487799146728e-01
9.290897496935961453e-01
3.019274090273413869e-01
-4.577303018134437629e-02
1.704173813009586258e-01
-2.812571457028603117e-01
1.747368037056340473e-01
5.950253895443124996e-01
4.702512689140352364e-01
5.095336434070019127e-01
-2.164159177522366750e-01
-8.438781510966275601e-01
-7.854810043480764392e-01
-5.442563310517933850e-01
1.653942610978997863e-01
-5.973140776075465119e-01
-3.671057256934484592e-02
-5.918264600326532676e-01
-1.459726556244014262e-01
-5.129688952166804317e-01
9.663759392260655723e-01
8.055286205782219433e-01
-8.118113135312488016e-01
6.665320152114644348e-01
-3.357923956517923081e-01
-3.646295394423053615e-01
-4.849652918128537493e-01
5.681018661907748513e-01
-1.247260016442188757e-01
-3.887670554782238774e-01
1.649013033647312998e-01
8.770146809278678290e-02
-3.081282833823673073e-01
3.484755284288252319e-01
6.223587603702438464e-01
-7.243234134537488433e-01
-2.097914853224982501e-01
-7.196685871334029816e-01
7.642449897213754451e-01
-7.352782622080373809e-01
4.776845577391732878e-01
1.470263577637642705e-01
-7.640856838196210532e-01
-5.463561945071186976e-01
2.703144748935160102e-02
-4.005105347240729419e-01
-7.358294497610442519e-01
7.964379263167287171e-02
1.647540973756389526e-02
-8.889084630124779451e-01
-1.339124264000552955e-01
8.859263439117091021e-01
-3.703956817999030093e-01
2.602927181721219618e-01
-1.993700697322431381e-01
8.301199701468486847e-01
-3.287711666256385445e-01
-8.524121386027871949e-01
-1.511466982752145416e-01
2.197946093835512205e-01
-3.968029764648777213e-01
2.158319695882298106e-01
4.880585219977362499e-02
3.537195624678302064e-01
-6.217211814190548580e-01
8.146510143989458275e-01
7.330463438386813912e-02
