3.960234953348394926e-01
8.102136312895802384e-05
4.682044158126017486e-01
-7.888810357691518060e-01
-3.330409086922556661e-01
3.225897486440808537e-01
4.008402621898767837e-01
1.617531602421856396e-01
9.462477092685762647e-01
3.964027347172186660e-02
9.517425775902798035e-01
8.975826162891336057e-01
-4.425293606677761504e-01
4.266033475703197297e-02
6.788956098699536756e-01
-4.865771413246038901e-01
2.835000268216140151e-01
6.440897094032476122e-01
-1.906761744603862122e-02
4.293425299588697341e-01
3.548239921853610923e-01
-2.960858090690487998e-02
4.655239686080611672e-02
-7.617007807956606147e-01
-4.278546635778905476e-03
5.172925946783043516e-01
-1.631673161052196452e-01
1.605277578028907123e-02
1.349886923972756433e-02
3.558557565408332346e-01
1.156464352836871351e-01
-3.059895183382096429e-01
1.808846202158274075e-01
-1.173760726583886194e-02
4.621851270779058218e-01
-4.046779474323473069e-01
-3.168672319869125786e-01
-1.078410342673640776e-01
6.554158808793756341e-01
9.389643930423442475e-01
2.589800292799755987e-01
5.085002501263509167e-01
4.107535063284263321e-01
1.542859859785810639e-01
4.295158441772985863e-02
9.010160295736104885e-01
1.654339763049914314e-01
5.735763426830233769e-01
5.241507499917922308e-01
6.318159262450114833e-01
-8.278933059341423428e-01
-6.206337369843084595e-02
-3.390673944336084489e-01
-2.620227719771164310e-01
2.314250011363625653e-02
2.919531173355426751e-02
8.927817836102919236e-02
-5.434478380019741595e-01
-5.062778960089547864e-01
-8.620051431402198094e-01
-1.705645153460655372e-02
-3.062529874522083029e-01
2.680974394797177585e-01
4.906806776155525629e-01
-2.682236138945319759e-01
4.478586000064255779e-01
-5.361761572197197845e-01
2.756621625533689501e-02
1.346554032118549016e-01
5.580661952933938519e-01
-6.369249305079232037e-01
-1.659884569363256346e-01
-2.123472727350841360e-01
8.123519611608505109e-01
7.968087175733898908e-01
-1.361180185703000645e-01
5.591729104064210865e-02
6.755533074044530739e-01
1.798465435614559071e-01
-2.589970651015599534e-01
8.507872727779677291e-01
-1.222151808433845355e-01
8.444935820410814920e-02
-6.944383391583009990e-01
-8.732536692554064561e-02
5.767181639643810254e-01
6.065444897063254626e-02
8.195364953129501417e-01
7.297373512103365600e-01
-2.127314449524779771e-01
-3.725545205221919010e-01
1.551702265628618904e-01
-3.022164462582945244e-01
4.060814998634373341e-01
-3.060472064714955462e-02
4.516415871981715457e-01
-3.847257215800023999e-01
-1.672545737839493118e-01
-2.649757985056503951e-01
-7.364025178091717638e-01
3.591034386628099706e-01
-5.002313363314651040e-01
1.301931652059720723e-01
-9.356332071473440204e-02
-2.843823084835480630e-01
6.992281979968513195e-01
2.283793552358650836e-01
-6.316581371058296313e-01
6.141246075710077301e-01
1.308119194726897472e-01
-8.394326588988353377e-01
7.697700997527505695e-01
-3.138887369560842688e-01
-4.259082350289716268e-01
-8.545929176261983784e-01
1.860628698341743048e-01
-4.787650833590071930e-01
2.785033045506780658e-01
7.292438151839497618e-01
7.135033014376289673e-01
-5.078211903332799926e-01
9.131995738307083776e-01
-1.265115206382311508e-01
-3.711690518090982605e-01
-3.107794902727774033e-01
7.666802947383859201e-02
1.759172828807508970e-01
3.034144066092687164e-01
-1.956818476993817946e-01
6.767037500782862036e-01
6.824587471080012513e-01
2.143885817593138288e-01
-5.140481925153771448e-01
3.557974872603472116e-01
3.129913891890043209e-01
-1.578974038512651751e-02
-4.647314229660335916e-01
-4.833466110314882380e-01
2.523392785816352402e-01
7.633247837465725327e-01
4.158957111417529440e-01
2.238763983170249938e-01
5.629575631872794084e-01
-6.091470565134020632e-01
1.387494455718207287e-01
2.859742525138967428e-01
-5.263309002441820539e-01
1.694045670829636696e-01
-5.836291059257185942e-01
1.153374590725233101e-01
1.542475415783587656e-01
5.397044270843645020e-01
-1.797552706880304607e-01
-1.084962050408242729e-01
-5.517387979272070364e-01
-5.485751296933504273e-01
8.431991539032264449e-02
-1.565441149447604485e-01
3.240390038022099573e-01
4.775928484943152696e-01
-1.700805481075131909e-01
4.620517658693423790e-02
-2.372695283071815375e-01
4.686700516719372045e-01
-5.714673923825242842e-03
-4.052392506113419723e-02
4.484709416371435720e-01
1.712347210571384115e-02
-8.248107447240884404e-01
-5.711587758945535498e-03
2.216818266390320133e-02
-3.852385959300126395e-01
2.855918248804669712e-01
9.459165382423309065e-01
-7.480844830679173052e-02
-4.743964786276314571e-01
-5.348877835806311598e-01
-3.786207799916866956e-01
1.502285135994086557e-02
1.772681754563069367e-01
5.906130409930266945e-01
3.220066625261705506e-01
5.655457220637465365e-01
-3.491124442089032359e-02
-2.641835015953284960e-01
-3.339493997642252188e-01
-8.807208394816850028e-01
-2.963889381488559738e-01
-3.624407777954558041e-02
6.940552925687211161e-01
-3.077684364721917087e-01
3.216236849866133674e-01
-3.069685938910599043e-01
-4.928618984936660175e-01
2.389153959082033762e-01
-2.668007862848144063e-01
8.501375835125044578e-01
1.533367579310875861e-01
-5.670864713638876786e-01
4.661814254921691214e-01
-3.363671145340115659e-02
4.049957543007195460e-01
-3.481523123160450983e-01
3.909185729940528597e-01
-6.663032539815019195e-01
-1.624948292207817890e-01
9.300593389042011161e-02
7.477299490994908648e-01
-6.860743377303963886e-01
6.439637057315507063e-01
-6.632023945672670395e-01
2.804380779690806014e-01
-2.430918416737309906e-01
3.366010031039021189e-02
-3.538409776141023810e-01
7.382356918597445805e-01
-6.842268543299807881e-02
4.536623375380961082e-02
-3.459324126742494565e-01
2.418094636620819193e-01
-6.133218719667002938e-01
-4.933922950374299531e-03
7.295522070709581364e-01
-1.137134364018757837e-01
7.396530417980430316e-01
-6.193083073759083623e-01
2.458237150543238769e-01
-1.699353242450790391e-01
2.000998323305481774e-01
-8.712606738228040326e-01
-1.523342084753483705e-01
-2.772827424284232678e-01
-6.622145415753630804e-01
-9.507601138240490135e-02
7.822449777954831873e-02
2.572794141347358732e-01
4.631736983435108534e-01
-1.575345244805315403e-01
1.825238731738310638e-01
-3.281876941220803756e-01
-1.845765798891281506e-01
5.573923376448806088e-01
1.387611187854304318e-01
6.524200642781958770e-01
-6.933851919002407271e-01
-8.798014589012486120e-01
-2.388085842542158332e-01
2.627197248476801361e-01
1.380383489721918877e-01
2.840175885172645520e-01
3.133738552791247578e-01
8.636105314588797821e-01
3.742416227327023670e-03
5.861852780012689890e-02
9.484246624438774642e-01
4.709827549358527876e-02
-6.995494610424096704e-01
-3.686182108324067563e-01
1.124204466545527387e-01
7.696609768124480500e-01
-4.128135716945563471e-02
-8.775284941751027024e-01
5.147753260588099344e-01
6.062502211394215079e-01
2.268142092225237105e-01
