2.879508955488783162e-01
-3.703498775415559052e-02
4.153707844813553929e-01
-5.097136913913125067e-01
-4.165930495509763687e-01
-1.851406338151279918e-01
1.539218672334537186e-01
4.764388585773945972e-02
9.060486196771406764e-01
-6.440471939251620759e-01
6.091852211107141590e-01
7.948587602178760481e-01
-4.961325903963685890e-01
-2.662371653891659751e-01
2.194608397794806098e-02
-4.579183298019863513e-02
0.000000000000000000e+00
2.360047886050263000e-01
4.547549358126074664e-02
4.416893034384822281e-01
3.096868104163348900e-01
-1.528382690700775008e-03
-6.982913497856134688e-01
-7.998265461327800363e-01
-1.649786350858196970e-01
1.654340281521637090e-01
-1.104069021616480156e-01
-9.495752303669705019e-02
2.167644431813320616e-01
2.318833782342285266e-01
4.982441939368685568e-02
-1.092271444264106411e-01
1.040169396805263879e-01
-1.549777889137616549e-01
5.222029350976803430e-01
-1.985976359932354607e-01
7.923721536556559419e-01
-1.805557022034350867e-01
5.849450208062589862e-01
-1.609152758233056701e-01
-3.499036345742889687e-01
2.318753950922685381e-01
-4.082301711869753547e-01
1.630186437203515748e-01
-3.054172273844287661e-02
6.350932720306321499e-01
2.019625830896101537e-01
4.947263975908893774e-01
0.000000000000000000e+00
5.549263793393968136e-01
2.056246700298653418e-01
7.439710985160602474e-02
-4.847507987005942320e-01
-5.563068797912933822e-02
-2.253628174264879769e-01
3.090852946064234774e-02
-3.132362057322362614e-01
-6.617888261512495651e-01
0.000000000000000000e+00
-2.461936921225411357e-01
-9.954184403124652358e-02
4.309563887901554091e-01
-1.164088743119915878e-02
-1.542106457624662641e-01
-1.937743315276386491e-01
4.932922800792738927e-01
-2.965350930031617760e-01
0.000000000000000000e+00
2.600589103540629568e-02
1.389932933830087536e-01
-5.164350199600477032e-01
1.187758709729903328e-01
-3.689985296854797481e-01
5.032165779962467500e-01
4.460135135083478919e-01
1.498641885619118319e-01
4.454032262656890118e-02
6.598889872139259705e-01
-5.899730382470436824e-02
-7.304882296167021227e-01
0.000000000000000000e+00
2.960762124610553103e-01
-1.560056532790593184e-02
1.388431212718156844e-02
-2.330824579302731847e-01
6.858308742578438366e-01
-1.070647775572825949e-01
-7.355923271624575932e-01
3.595573308691963899e-01
8.078319564051089641e-02
-1.938264878209701725e-01
-6.776850890362978719e-02
2.547400084790410468e-01
3.950115971011364246e-01
-6.877342626125082514e-02
3.349288270958732383e-01
-3.502929021820658795e-01
1.364904421542417409e-02
-9.648246724372602778e-02
-4.712597456318959321e-01
4.345336565910755400e-02
-3.059248373066755233e-01
5.834459118568025709e-02
-3.313575783624749804e-01
-4.836684404188759667e-02
1.831213860738171995e-01
4.810162229413608714e-01
-4.000419468662014255e-01
5.091293796909276415e-01
2.418878923880850018e-01
-8.333431095236021324e-01
7.872803685872071799e-01
-4.597206979123046877e-01
-1.869651704188207142e-01
-5.170160249019774001e-01
3.277628179485888027e-01
-1.679499163715714172e-01
3.060733356041518971e-01
3.012615973394827118e-01
6.877701967134134398e-01
-4.775737850203460866e-01
4.876592334293997633e-01
-8.930614963184672905e-02
-2.922981137400042506e-01
2.727705281991833486e-01
4.950719633663985819e-01
1.826057760845954114e-01
0.000000000000000000e+00
9.672952319718366443e-01
6.773195524632684705e-01
7.167017385013580988e-01
-3.112176492121859761e-01
-5.453793751591575756e-01
3.228388538022438636e-01
-1.201329160739247476e-01
-1.985550836835016653e-01
-2.779819520084376716e-01
0.000000000000000000e+00
3.365982409652249190e-03
7.899932311811344032e-01
1.077698248243962459e-01
2.315814676469430400e-01
5.782560569106371950e-01
-3.595567747058867614e-01
7.403848890709423536e-01
3.241170718437588749e-01
-3.946032551745771166e-01
-4.321134194435256176e-02
-1.564837459292569566e-01
7.207179096802474039e-01
5.460818133125287799e-02
1.670395256805595752e-01
-3.558854425300311125e-02
1.184958441733026738e-02
-3.529175311372290125e-01
-2.776910712835703454e-01
3.311313086067738110e-01
-1.238599952027856083e-01
7.622523351532033420e-01
2.088276267302836137e-02
-1.089742146241664267e-01
4.013182641977287163e-02
0.000000000000000000e+00
-2.243879733169635302e-04
-4.825511095196061140e-02
1.038801836983630411e-03
4.048657172612883937e-01
1.202728368747266532e-02
0.000000000000000000e+00
-2.348783207299637299e-02
-8.473238298219973319e-02
3.709067419463621396e-02
4.698498919467636314e-01
1.697215555693227518e-01
-3.133088644549385515e-01
-1.886577614137623371e-01
6.269452800101894541e-01
3.555038947755826406e-01
-7.435634288357027832e-02
6.249701401189920128e-04
1.155548666634979155e-01
2.899359503567532359e-01
4.503319854352002549e-01
6.163265849456220913e-01
0.000000000000000000e+00
-6.720058644586519581e-01
-8.111792829424109286e-01
-2.966150265705064792e-01
5.926908098117038559e-01
6.077854240346356463e-01
8.160763937240797516e-02
3.968756044924171555e-01
-1.554021617750340756e-01
-2.908840746524708476e-01
1.271987390847589133e-02
-1.599224728983864585e-01
8.464852702012860552e-01
-3.673745662325419298e-05
-3.745377057014678268e-01
6.331666901329352504e-02
-1.939996173284978115e-02
4.171109154357531268e-01
-1.816482146697114552e-01
6.127109348953614365e-01
-7.758187756160751514e-01
-1.153086755107648425e-05
1.363774014487992847e-01
4.591594817341211887e-01
-2.530245390648458992e-01
4.703352360912942121e-02
4.395141375895562919e-02
1.711983580263609639e-01
2.018776162582117117e-01
1.693509212837448780e-03
-2.558544364253956260e-01
5.490516406725233223e-01
2.404319491290766719e-01
1.896405883820090343e-03
-2.066206805992298612e-01
3.698869497705620235e-01
4.140742676679770584e-03
1.468226040968962642e-01
6.456277406166467392e-01
9.341386730351289303e-02
7.664958382362808686e-01
-6.757390164767045349e-01
-7.854303797289093059e-02
-5.988928327165683047e-02
2.136385091119689938e-02
0.000000000000000000e+00
-3.811449975629729314e-01
5.791258409662221052e-01
-7.491590480509673355e-01
-6.929589149054590606e-03
-2.870770743235986355e-01
8.134877957381780877e-02
1.369324803884310049e-01
-4.527129375752395046e-01
9.213629543844308045e-02
0.000000000000000000e+00
-1.212522109709723295e-01
5.692954993306670319e-01
2.399482593993051624e-02
3.844508013689557080e-01
-1.223292448721690837e-03
-9.031228637038291041e-01
4.488256361697154917e-01
-1.422878007944450574e-01
3.099329719258668292e-01
-1.201361753069057764e-01
3.618581374318153854e-01
3.053238851544853305e-01
6.299768883061458435e-01
0.000000000000000000e+00
5.355285902511699447e-01
2.433082064550733670e-01
-3.496730304583850479e-01
-6.031251632926486472e-01
1.103624869371664929e-01
2.763210927530933003e-01
-1.415115923101638827e-02
-5.517922280380738176e-01
3.616477339778012001e-01
5.822492290928896752e-01
-7.216508518164012342e-02
