-1.493571215636621818e-01
-2.801428107414410951e-01
8.299179833228442771e-02
4.646491627071206443e-01
5.966929732899680650e-01
9.818368866196464095e-02
-1.835233499288284054e-01
-3.877022153058848897e-01
-2.609792048925494434e-01
-7.370131097541975373e-01
4.099297319908286608e-01
0.000000000000000000e+00
-2.531802954802605532e-01
-9.162085684013219211e-01
-3.976671560823975826e-02
6.221567798503097046e-02
-5.201917005490828139e-01
-2.871149812245173960e-01
-1.802590773687009484e-01
-2.079340509924321179e-02
6.702113235211648590e-02
-7.883476227894573585e-01
-5.804629875164527553e-01
0.000000000000000000e+00
4.906849477546926797e-01
-1.707581066510910350e-02
-1.990940200946144933e-01
-3.352752456519925706e-01
4.124162524108061501e-01
8.974402219629870059e-01
-3.379088045064723156e-01
2.464046866001101677e-01
4.313202508729693796e-01
-4.981768576733107134e-01
-7.662657392305818327e-01
3.417874635533665328e-01
5.098717191014679601e-02
6.866607976922517453e-02
3.689980572302805628e-01
1.540722858099985437e-01
-6.807523157493564625e-01
4.874823051175747324e-01
-2.162442117273084552e-01
9.281294279645028178e-01
4.608273544261928256e-01
3.395962725168175100e-01
0.000000000000000000e+00
6.294080764272979023e-01
-1.023304929603410796e-01
-7.865609009275087438e-01
-2.148129746064916246e-01
8.374547307262175666e-01
9.042338216614985713e-01
-6.206779731995210048e-01
-2.668078968965571507e-01
1.506990046859746080e-01
-6.891559664153477094e-01
0.000000000000000000e+00
3.803602431561764474e-01
-1.708877978673923881e-01
4.782241577269540911e-01
8.437171277743923392e-01
-4.505162842212663832e-01
3.382194029372689870e-01
-8.353188461461846792e-01
-2.318237185032212544e-03
6.898731236629982444e-01
6.227731761986401438e-01
0.000000000000000000e+00
2.143325497177038241e-01
2.884402770825182372e-01
3.262035834762127551e-01
-7.235210877851729894e-01
1.828938683566868340e-01
-5.764206666034191739e-01
9.648721604726545609e-02
-1.824556236826905264e-01
-8.265583607338239380e-02
-8.343904063986401498e-02
1.197685942788133950e-01
5.711629602191754529e-01
3.110905352409639724e-01
-1.099297056082006036e-01
-5.258396847282662545e-01
-2.565377364089582168e-01
6.573568376539671299e-01
5.044932595367679351e-01
0.000000000000000000e+00
1.057990811168609269e-01
-5.309494661149529726e-01
-1.378480144645777006e-01
-3.200717924379252177e-01
1.042290479359404692e-01
-2.107745666700550635e-01
5.405908298350285968e-01
0.000000000000000000e+00
7.016605616364297582e-01
5.039808351246796159e-01
7.930088189660696729e-01
2.575382091324140976e-02
0.000000000000000000e+00
4.332423779642574635e-04
3.223625007577657353e-01
5.945150188733863139e-01
-1.668960192140506171e-02
-2.742374710712039976e-01
-3.271237334888460468e-02
0.000000000000000000e+00
0.000000000000000000e+00
-7.507051561339711521e-04
-6.017898917080458793e-02
-1.053266679403215278e-01
-3.915201836285845949e-01
-4.544580763835132653e-01
3.089613494887082368e-01
2.752817802018889815e-01
1.879025524935432900e-01
4.764473891796432437e-01
6.069016834794593862e-01
-6.453799109054318972e-01
-9.563224593872085566e-02
4.713205263238523512e-01
0.000000000000000000e+00
-2.238994597026264521e-01
2.803160653915772182e-01
4.666134232266473392e-01
4.172563895346530494e-01
-2.137729858129314986e-01
3.572071895907016348e-01
-4.610898220382059765e-01
2.220610572382338832e-01
8.419763155997045390e-02
-3.356436632388368757e-01
3.355644866224179457e-01
-8.671138355871451653e-01
0.000000000000000000e+00
3.725413647434597797e-01
2.826192361293943800e-01
-2.468625549088444837e-01
-5.531122783447210700e-02
-7.370592756697027514e-01
3.359796763479985238e-01
-1.662529008777554884e-01
0.000000000000000000e+00
5.637513907012204895e-01
-2.056658509935413437e-01
-4.695087312084068598e-01
4.217510200563661521e-02
4.796026271371959387e-02
9.223708315945390590e-02
7.662976106253839292e-01
2.081146775326294107e-01
4.476059436597160657e-01
4.899610005454980988e-02
-1.339129493375429691e-01
6.940201747907162044e-01
3.754099295891356602e-01
-7.648692738597526186e-02
4.727505301184529163e-01
-2.718101497853342430e-03
-4.134268865135556359e-01
0.000000000000000000e+00
9.576469217625634134e-02
4.554398588467462594e-01
3.695071717222546126e-01
3.741237044810595824e-01
-1.877711438846813019e-02
6.213660782862234777e-01
5.750656768912946193e-01
-3.219908103368712138e-01
-2.434682690354312007e-01
7.775716571399660104e-02
5.530816416800231616e-01
1.015218153614256824e+00
-6.612418826311203812e-01
1.566611912061809803e-02
5.792080051250929618e-01
-6.215707173361212368e-01
-8.220271236507471491e-01
-2.453482993116457012e-01
-1.500784509762194407e-01
1.191709904844986678e-01
6.265370042369905468e-01
0.000000000000000000e+00
-1.011332035480361491e-01
-9.360883781618251076e-01
6.835019906353489993e-03
-2.917928625291320577e-01
0.000000000000000000e+00
-3.918296090342334725e-01
-7.872616742520927025e-01
5.674423728771260667e-01
-8.451865584051775349e-01
2.496237978071189911e-01
4.322913971070756478e-01
6.648972584326711122e-01
7.232532068230057565e-01
2.551027671238604855e-01
-5.100280762798877765e-01
8.722573811229963336e-01
5.265929202823893540e-01
3.950005783418725214e-01
-2.121542388721123773e-01
5.968469205022583490e-02
3.189229778031745788e-01
4.396481397425391346e-01
-1.546412111593009620e-02
2.049556273177409182e-01
0.000000000000000000e+00
-8.862490068941650811e-01
1.451169098740337782e-01
-4.571945457211195607e-01
-2.940939457612653518e-01
4.402878175709230568e-01
9.762222734483723408e-02
-3.620630263859292430e-02
0.000000000000000000e+00
-8.987688820414578839e-01
-2.042989246857072061e-01
6.179130829201507913e-01
-8.595126669357788796e-01
6.823878935014680014e-01
3.502438871543028798e-02
0.000000000000000000e+00
-5.304936443577458194e-01
2.572086629871753738e-01
-3.009953757398992069e-01
2.848298936613715693e-01
4.252878131984859644e-01
2.023370493078192334e-01
-9.307468087857011518e-01
5.769603410172873259e-01
-9.314641763958415588e-01
-2.308085721466039686e-01
2.273905820303984138e-01
7.358552858281662556e-02
4.211933563046108553e-01
-2.965255882516764641e-01
1.032253460694434466e-01
5.391177960587656415e-01
-6.190953795334206422e-01
3.820655110361755868e-01
8.659931981349208718e-02
-2.907348692732643070e-01
-1.940337205334485005e-01
-7.524630016640657115e-02
-4.280743902778529897e-01
-8.430742571930512907e-01
8.841410422421962512e-01
3.317990109789190623e-01
5.907458135547518641e-01
-8.336419454051664513e-01
4.557310884818851493e-01
0.000000000000000000e+00
-9.943221948929564791e-01
3.209183187871555987e-03
1.598560240777258806e-02
9.516680372829413592e-01
-4.791920755065929294e-01
5.958146300251416783e-01
4.065461119611313845e-01
-5.026174580428509620e-01
-1.441085100345673720e-02
-4.189749444083676333e-01
-8.777485312588513278e-01
