2.310418694861965383e-01
0.000000000000000000e+00
0.000000000000000000e+00
0.000000000000000000e+00
-4.328222402913310951e-01
-5.229486576095316863e-01
1.440601188882802697e-01
-5.971665374696566442e-03
8.980339168111846071e-01
0.000000000000000000e+00
2.326240047175706649e-01
7.627101817089395608e-01
-5.030666922420494735e-01
-2.647362711208144370e-01
0.000000000000000000e+00
-2.634348845175939896e-02
3.180847983661240219e-01
1.663213417531245186e-01
4.560530752930875426e-02
7.070405509531164645e-01
3.018967852616011305e-01
1.000000000000000000e+00
0.000000000000000000e+00
-8.365561143395570110e-01
-4.619436837255304629e-01
1.663095830152162280e-01
-8.213579203756203595e-02
-1.029888932308201943e-01
2.149884896982776072e-01
4.489248471790414641e-01
4.122031472870490293e-02
-8.002748875962822916e-02
1.000000000000000000e+00
-1.779929343102426842e-01
5.311921987562596703e-01
-3.210983298778755657e-01
7.970638710481090516e-01
-1.906208487727474865e-01
7.278007801862744763e-01
-2.156038346908165371e-01
-4.223179564398642505e-01
-5.163456365433027884e-03
-5.536644597611906082e-01
1.637322978738090240e-01
-3.941140320078173609e-02
0.000000000000000000e+00
2.042427601623749700e-01
4.928832420072118414e-01
2.070298340134704707e-01
0.000000000000000000e+00
2.738109525366362318e-01
4.144548993612862109e-02
-5.827929387260653016e-01
0.000000000000000000e+00
-3.595891494237628550e-01
3.582248867267122383e-02
-5.935486597660570851e-01
-1.015785716772663605e+00
0.000000000000000000e+00
0.000000000000000000e+00
-9.634750554979998327e-02
6.629111980959740968e-01
0.000000000000000000e+00
0.000000000000000000e+00
-1.732830968921437731e-01
0.000000000000000000e+00
0.000000000000000000e+00
5.120225442989445597e-01
-3.004182446576304788e-03
1.371829104427601254e-01
-5.116980468970742102e-01
1.311364865966257731e-01
-3.691141441639533838e-01
4.811229123789931839e-01
1.441926900809501477e-01
0.000000000000000000e+00
0.000000000000000000e+00
6.554765648286831059e-01
-5.834898627192132425e-02
-9.233466701262595944e-01
0.000000000000000000e+00
3.067699832422888795e-01
-6.297067124146905892e-02
0.000000000000000000e+00
-2.324940388068446051e-01
7.574349489549010439e-01
-1.028582425670953038e-01
-7.441740761159576500e-01
3.396759425675218713e-01
8.414628524364917150e-02
-1.142833580569591612e-01
-7.326388106174089310e-02
2.927635783074132858e-01
4.292702354825914668e-01
-7.205191604799435212e-02
2.403606145379802994e-01
-4.103601480885547548e-01
1.575768478722738841e-02
-7.936462616279468807e-02
-4.143714391329846869e-01
5.016212420218846280e-02
-2.695950333683024835e-01
3.129922772892818061e-02
5.886912519218523432e-03
0.000000000000000000e+00
1.461444236962550491e-01
0.000000000000000000e+00
-4.280568748186264760e-01
4.686043903886299988e-01
2.422225942240910646e-01
-8.045973531435275383e-01
8.898714258855153769e-01
-4.587440768326866980e-01
-1.781670526806949928e-01
-5.159179698449900542e-01
3.718604039991095789e-01
-1.349884508828778362e-01
3.310477935828179952e-01
2.885640198870792483e-01
5.553015671960802591e-01
-6.884734012982065554e-01
4.849725293922182434e-01
-1.371290265861160318e-01
-2.891802764223018185e-01
2.509264996455942698e-01
5.998631874835358424e-01
2.556382076638175072e-01
2.018489615275318727e-01
9.677922095099997790e-01
6.755961548600901700e-01
7.281235183036447456e-01
-3.374142710995226557e-01
-5.534159787677442877e-01
3.384544161867530931e-01
-1.276756782028364567e-01
-2.281239306203194095e-01
-4.365365385571479129e-01
-1.927656745026343765e-01
0.000000000000000000e+00
8.062744443093572411e-01
-1.582837078334519143e-01
2.336820222807925451e-01
7.416090875678118532e-01
-4.164667143281541861e-01
9.188302831811268057e-01
3.874265638317552218e-01
-2.717316429676700507e-01
-7.069427600016400803e-02
-4.684305125114863327e-02
7.220215560921079412e-01
0.000000000000000000e+00
0.000000000000000000e+00
0.000000000000000000e+00
1.612323929890975560e-02
-3.391459880176539432e-01
-3.845160289475978432e-01
0.000000000000000000e+00
-1.169336061769336160e-01
7.670767743947932704e-01
0.000000000000000000e+00
-1.086429270772748534e-01
0.000000000000000000e+00
1.000000000000000000e+00
0.000000000000000000e+00
-4.821203050005961471e-02
0.000000000000000000e+00
0.000000000000000000e+00
3.007255865740330117e-02
-1.967251019329063211e-01
0.000000000000000000e+00
-8.350421360514773128e-02
3.135194892123467358e-01
4.692944032525755982e-01
3.786320095769385441e-01
-3.047687836597670064e-01
-1.820662973400540285e-01
6.431627506291270890e-01
3.744793094691538093e-01
0.000000000000000000e+00
0.000000000000000000e+00
0.000000000000000000e+00
0.000000000000000000e+00
3.662634331024334777e-01
6.247979801724454774e-01
1.094082811094203300e-02
-6.710068254460801462e-01
0.000000000000000000e+00
0.000000000000000000e+00
6.617262565092050242e-01
3.199028663962919516e-01
8.606411712426130511e-02
3.812659233401596293e-01
-1.406983110320707830e-01
-4.993245010507633141e-01
0.000000000000000000e+00
1.000000000000000000e+00
8.703192054668036359e-01
-8.353182676438320950e-03
-2.707635468274697810e-01
1.000000000000000000e+00
4.196189431079297427e-02
2.692238083848318975e-01
-1.809043800055163687e-01
6.570374939846232998e-01
-8.119394536961842546e-01
0.000000000000000000e+00
0.000000000000000000e+00
0.000000000000000000e+00
0.000000000000000000e+00
4.762774157999979940e-02
1.458625524522632610e-01
1.974808593395673273e-01
2.741251058289148057e-01
3.450905524939519575e-03
-2.642730703637011791e-01
2.897617662039557729e-01
2.800978295919367422e-01
0.000000000000000000e+00
-3.996151584505388543e-01
4.012788306232361046e-01
5.061914513262577575e-02
2.099758515563144579e-01
5.773268018703792137e-01
9.959925971550635804e-02
7.484775630821751680e-01
-6.892648926787239283e-01
-2.549944532346716253e-01
1.032146806947036588e-01
0.000000000000000000e+00
-4.302551256248551281e-01
-3.907680535824522572e-01
6.309831639787335522e-01
-7.616446681219921633e-01
0.000000000000000000e+00
-3.644327902190027113e-01
1.088946048862360072e-01
0.000000000000000000e+00
-5.231013254375646016e-01
0.000000000000000000e+00
-3.912430012475278662e-01
-5.999124820986272144e-02
5.633522683303624490e-01
2.657241665818524737e-02
4.011414578080982341e-01
1.000000000000000000e+00
-9.031156100286816812e-01
0.000000000000000000e+00
-4.139702729630616584e-01
3.222355965920423726e-01
-2.629933416003905622e-01
4.629053414072842321e-01
2.692721498150769666e-01
6.820905381579471793e-01
0.000000000000000000e+00
7.886701720296251938e-01
3.030724728352117148e-01
-7.627807281900735870e-01
-6.745154466767480095e-01
9.119946279728341487e-02
2.217035690671737558e-01
-1.111565942846083664e-03
-4.487813186910472041e-01
8.916929818734912194e-01
7.680078618291269477e-01
-7.887786369281248045e-02
