-1.609966861540401695e-02
4.026411286007212098e-01
5.850526519869454489e-01
1.547506485377381225e-03
6.161898620796180115e-01
-4.714568567633836693e-01
5.690191306925256320e-01
-8.131208196424899448e-01
-2.943944830580185190e-01
2.731204234385575802e-02
-8.597837643888752712e-01
2.100957467886896968e-01
1.512509462643794045e-01
-4.185883874178730757e-01
3.189490696784376134e-01
-7.795816774839248176e-02
-2.682000587620663179e-01
-8.812798366357816882e-01
0.000000000000000000e+00
-9.716349478302264142e-01
-2.636558245190967487e-01
4.436085906476405771e-01
4.341397356311427203e-02
2.333118615703808629e-01
-1.415025329468762028e-01
-4.475169186974468083e-01
-8.338294066862852461e-01
6.728053075701636576e-01
-3.926360882130222052e-01
9.919894843979468746e-01
-6.716076353924902431e-01
-7.189475152681861214e-01
-5.195074857598007689e-01
7.010525817076402877e-01
-7.272044482397519438e-01
8.376552128352696691e-01
-4.211232770115269641e-01
0.000000000000000000e+00
4.809784167973054636e-01
-2.309580619648401445e-01
-6.947613575416866638e-01
2.132302810653192715e-01
-3.334230872733696671e-01
9.974709667544969793e-01
0.000000000000000000e+00
-4.299090172248272168e-01
-2.446979477714006368e-01
7.435725042141312358e-01
-1.759367722780742493e-01
5.524686072283189198e-01
-3.930550165554440589e-01
-9.199482033851527074e-01
-9.116824198767945475e-01
8.182348985874383640e-01
-1.611706768861438377e-01
-9.948985224853552634e-01
9.119406108570722314e-01
-8.275108438653926424e-01
-6.911877261844761033e-01
7.858645314771524060e-01
9.464870996775529566e-01
9.155963056341798190e-01
5.298471260141219830e-01
2.631056210602176204e-01
2.395664263504617697e-01
-2.698019213817466344e-01
9.932485766046788012e-01
-3.333104873185466221e-01
-7.430525644836722954e-01
3.495191508357804455e-01
-9.727804322272322057e-01
3.768663883634715273e-01
3.129905960561796263e-01
4.457510750020579060e-01
-9.932847790245569186e-01
-8.580108276501174913e-01
-7.336967302744190622e-01
-1.031613943342042372e-01
3.575103147350973121e-01
-6.420831305621577112e-01
1.776835510485470504e-01
-5.678605230483908528e-01
-8.319870057987004408e-01
-6.812409156662311283e-01
-3.326753287863730701e-01
-8.243279708628010738e-01
3.378840534233076287e-01
-8.620091073258264736e-01
-3.854519942104117636e-01
-9.500449317803059124e-01
-4.719390475899958304e-01
-9.404608338770321652e-01
5.952738223889437741e-01
9.103483918345893766e-01
7.577707304106569008e-01
-3.207445957854224705e-01
9.813330443439411965e-01
-3.315775034645724872e-01
-4.765496376471358708e-01
2.581343008829002361e-01
8.591309890021303630e-01
-9.549220606757116148e-01
6.324865718306864615e-01
3.571344079481195699e-01
-5.900378896332307832e-01
1.285717557918464315e-01
6.213815930254584785e-02
-4.414993242361124892e-01
1.867615460437035413e-01
4.671450911210313084e-01
-9.702604202319209392e-02
-2.971355764200611649e-01
5.475448264921298769e-01
6.858061013200176248e-01
-9.917663285172149124e-01
-4.954717932962382498e-02
9.026658252527668402e-01
-2.251071805288029637e-01
5.002118324111970438e-02
-2.137619530588186212e-01
-3.472041139559238765e-01
3.114078010399388141e-01
-7.209185993964677408e-01
4.326190820747135568e-01
1.476146686046786449e-01
1.521321080806941062e-01
7.270960182925558790e-01
7.828012180947152565e-01
-9.077107807241995285e-01
-5.836116619304250186e-01
-7.354632187841727564e-01
-2.429710511499225678e-01
-9.431898931689681742e-01
6.911656497606633032e-01
-1.125112727920687394e-01
4.632021658205667247e-01
-6.175318591009417712e-01
6.657292072973541863e-02
-2.998910494661788384e-01
5.666430481986486356e-01
-5.611749412232065470e-01
5.352689418305620617e-01
6.776460118896994178e-01
-5.813186196766724212e-01
5.739428786788118853e-01
6.294449013088951883e-01
7.841757965631912519e-01
-3.961339163157506782e-02
3.548428146910911352e-01
-7.249027749821403965e-01
-6.920643927738772128e-01
3.424372232101708935e-01
6.587132366418291252e-01
-2.778494161819158315e-01
8.078062927394624726e-01
6.595397081911382742e-01
2.130155962543867076e-01
-5.082100249352821120e-01
-8.051783318318272986e-01
6.558428185877738237e-01
-8.448567279636700622e-01
5.730068740571088171e-01
-8.098719139949586143e-01
2.494327856535163424e-01
-5.603828743122167833e-01
-1.589402249910139009e-01
1.351479560830948223e-02
-7.125883894376972005e-01
-3.760920818878914496e-01
3.042982517155401467e-01
-1.946251009056283454e-01
-4.085975006797848419e-01
8.582381322185343997e-01
9.164472543641795088e-01
-5.589632368990951061e-01
-3.300545064920994420e-01
7.620696043541383968e-01
-1.233988353114479075e-02
6.523925285397025320e-02
6.563016898285580769e-01
6.483001661268659177e-01
-6.130577928450908765e-02
-5.745116668463148279e-01
6.982167104949528191e-01
-6.165178704734963766e-02
1.736138720863256157e-01
5.528232247192810256e-02
8.739654801788112604e-01
-7.943505274993105658e-01
-7.820723477026252368e-01
8.751037017024667630e-01
-7.428477927685157578e-01
6.272145696631530321e-01
-6.832890201649246542e-01
-2.382975657264108094e-01
-1.818048879122531325e-01
-4.014484092707211182e-01
-6.475020315157509199e-01
9.700524989305310264e-01
-2.503627900001248463e-03
-6.648124836128115334e-01
9.180058823819539082e-01
4.989486550414135024e-01
8.336416158317605518e-01
5.320322118548888035e-01
1.191212813438329299e-01
7.963954114280646923e-01
-5.898573022940862831e-01
9.199695888818604228e-01
-4.844657335451458824e-01
7.861071191358575128e-01
-5.997739608317629312e-01
8.315559050490188842e-01
-1.720373778050967584e-01
-3.371341459275647434e-01
3.924421511132716311e-01
-7.519768282668546355e-01
2.070099920567924912e-02
-7.312982438286923514e-01
2.474009958716021362e-01
-1.389041988415440354e-01
-1.315568365832653352e-01
0.000000000000000000e+00
-3.029857665192126071e-02
-6.513856953430408048e-02
-8.149907503070132897e-01
2.576435094922704394e-01
-1.731405297155148570e-01
6.343020639766427937e-01
1.376683084959391401e-01
-7.619995971501167809e-01
-4.303273600709094371e-01
1.629366385395298877e-01
9.862480540652467376e-01
6.234895180799522318e-01
-9.532209889582010653e-01
8.296318034742995451e-01
1.716854339782845074e-01
-4.264446157407595361e-01
2.832545728372839466e-01
5.026374654769274475e-01
5.589039790168375266e-01
7.654474620938036544e-01
5.066358776575354828e-01
-5.483216856515888971e-01
4.697000500188612815e-01
9.276222539916965104e-01
-8.983437752668932408e-01
1.533556626274190648e-03
4.399995609999283186e-01
-3.179711308165025230e-01
-6.980434241518596039e-01
-6.819412714002304199e-01
9.043077400112120579e-02
0.000000000000000000e+00
-6.606239530758779566e-01
-8.063475957750392276e-01
-1.216872661766408292e-01
7.751208496882364685e-01
-2.487488785051279461e-01
0.000000000000000000e+00
-5.075303969676772109e-01
2.573509768028157119e-01
8.322681286565807302e-01
5.060734341747055165e-01
