-1.609966861540401695e-02
4.026411286007212098e-01
5.850526519869454489e-01
1.547506485377381225e-03
6.161898620796180115e-01
-4.714568567633836693e-01
5.690191306925256320e-01
-8.131208196424899448e-01
-2.943944830580185190e-01
2.731204234385575802e-02
-8.597837643888752712e-01
2.100957467886896968e-01
1.512509462643794045e-01
-4.185883874178730757e-01
3.189490696784376134e-01
-7.795816774839248176e-02
-2.682000587620663179e-01
-8.812798366357816882e-01
0.000000000000000000e+00
-9.716349478302264142e-01
-2.636558245190967487e-01
4.436085906476405771e-01
4.341397356311427203e-02
2.333118615703808629e-01
-1.415025329468762028e-01
-4.475169186974468083e-01
-8.338294066862852461e-01
6.728053075701636576e-01
-3.926360882130222052e-01
-5.659158593448989638e-01
8.104431860622232087e-01
9.884499685129717328e-01
-4.370628932976541314e-01
-3.637702968194709285e-01
7.884320739288459556e-01
8.278910462794715208e-01
-8.124194813135690030e-01
7.478378591176437773e-01
-6.550313288048965621e-01
-9.882391324086796658e-01
-5.775590530925933663e-01
-1.598206175014891262e-01
0.000000000000000000e+00
5.168561910841962259e-02
3.028262035157571752e-01
7.115025284462457300e-01
0.000000000000000000e+00
-9.114541771846509377e-01
4.058008658981806516e-01
0.000000000000000000e+00
6.350248983072248610e-01
0.000000000000000000e+00
-5.365853997283052124e-01
0.000000000000000000e+00
-5.706709078892384657e-01
-1.470895000574883316e-01
6.546502583193243296e-01
-7.591450250985618542e-01
-3.216608695565392750e-02
8.385425373965185170e-01
2.068840089007402128e-01
4.036288641689713685e-01
-9.601602231306820556e-01
9.007491850708155834e-01
2.606793446140676096e-02
2.986890817079193017e-01
5.216557856606340859e-01
-6.012370316891613165e-01
6.717061568234514723e-01
-7.539386428136021223e-01
0.000000000000000000e+00
-3.533006210741460595e-01
7.526394216019034467e-01
0.000000000000000000e+00
2.631251774685585687e-01
-9.264926599463210177e-01
-3.178431599735742630e-01
-9.612653153609329593e-01
-6.689844712557566631e-01
1.174608987696679208e-01
8.822426254556070546e-02
7.222187493894405286e-01
-5.919321417687155584e-01
0.000000000000000000e+00
-8.867806098859309927e-02
5.307879659109104864e-02
4.969898466147759653e-01
0.000000000000000000e+00
1.336991851727618030e-01
-9.584603992902060998e-01
9.966577127681226500e-01
0.000000000000000000e+00
0.000000000000000000e+00
4.643049199337045962e-01
9.485345121959019021e-01
4.736700201516970132e-01
-6.794308486142321968e-01
0.000000000000000000e+00
-3.455163429657659435e-01
-5.207246977838544399e-01
7.931498403040779799e-01
7.782615328119277809e-01
-1.099051256597163295e-01
6.648721498050480516e-01
-1.038483322189474034e-01
4.557949990066625379e-01
2.704940066401786414e-01
9.589260085894921737e-01
-7.179886837670856892e-02
-6.148217656325334346e-01
5.380544058197878066e-02
-8.456614672487587914e-01
2.690496286243118096e-01
0.000000000000000000e+00
2.326685722431416359e-01
-1.412208267815540097e-02
6.929330579315020611e-01
1.258885595735965701e-01
1.946602388701179631e-01
2.908092030342976919e-01
0.000000000000000000e+00
-5.403735465765178159e-01
9.481647020489507582e-01
-9.802607402190557373e-01
-5.331006520529451009e-01
-5.804179276165215562e-01
-4.286242690531936184e-01
4.841936282933145819e-02
1.611647940474414398e-02
1.276448504004656925e-01
9.612194284298603009e-03
1.151640149825317039e-02
-2.328139605888821517e-01
-7.303976612146634295e-01
9.602954838127475412e-01
-9.431946637172461401e-02
3.913649368841398690e-01
-5.399168646024827822e-01
-2.581048685969338230e-01
-9.806535960416253861e-01
-9.928269064515296005e-01
2.827288405232408763e-01
9.828807017023284409e-01
0.000000000000000000e+00
2.979814492573613638e-01
7.455967250716548644e-01
-8.488098046160132970e-01
7.841138416725670357e-01
4.831772282621855652e-01
-2.204238030917828883e-01
-7.785941795835074064e-01
-3.995224603835672017e-01
1.160647250496686933e-01
4.872827553412921731e-01
1.012778288079867473e-01
1.512572995710932400e-01
4.054172279795542622e-02
5.597630532743336218e-02
-6.861470010549806098e-01
6.558428185877738237e-01
-8.448567279636700622e-01
5.730068740571088171e-01
-8.098719139949586143e-01
2.494327856535163424e-01
-5.603828743122167833e-01
-1.589402249910139009e-01
1.351479560830948223e-02
-7.125883894376972005e-01
-3.760920818878914496e-01
3.042982517155401467e-01
-1.946251009056283454e-01
-4.085975006797848419e-01
8.582381322185343997e-01
9.164472543641795088e-01
-5.589632368990951061e-01
-3.300545064920994420e-01
7.620696043541383968e-01
-1.233988353114479075e-02
6.523925285397025320e-02
6.563016898285580769e-01
6.483001661268659177e-01
-6.130577928450908765e-02
-5.745116668463148279e-01
6.982167104949528191e-01
-6.165178704734963766e-02
1.736138720863256157e-01
5.528232247192810256e-02
8.739654801788112604e-01
-7.943505274993105658e-01
-7.820723477026252368e-01
8.751037017024667630e-01
-7.428477927685157578e-01
6.272145696631530321e-01
-6.832890201649246542e-01
-2.382975657264108094e-01
-1.818048879122531325e-01
-4.014484092707211182e-01
-6.475020315157509199e-01
9.700524989305310264e-01
-2.503627900001248463e-03
-6.648124836128115334e-01
9.180058823819539082e-01
4.989486550414135024e-01
8.336416158317605518e-01
5.320322118548888035e-01
1.191212813438329299e-01
7.963954114280646923e-01
-5.898573022940862831e-01
9.199695888818604228e-01
-4.844657335451458824e-01
7.861071191358575128e-01
-5.997739608317629312e-01
8.315559050490188842e-01
-1.720373778050967584e-01
-3.371341459275647434e-01
3.924421511132716311e-01
-7.519768282668546355e-01
2.070099920567924912e-02
-7.312982438286923514e-01
2.474009958716021362e-01
-1.389041988415440354e-01
-1.315568365832653352e-01
0.000000000000000000e+00
-3.029857665192126071e-02
-6.513856953430408048e-02
-8.149907503070132897e-01
2.576435094922704394e-01
-1.731405297155148570e-01
6.343020639766427937e-01
1.376683084959391401e-01
-7.619995971501167809e-01
-4.303273600709094371e-01
1.629366385395298877e-01
9.862480540652467376e-01
6.234895180799522318e-01
-9.532209889582010653e-01
8.296318034742995451e-01
1.716854339782845074e-01
-4.264446157407595361e-01
2.832545728372839466e-01
5.026374654769274475e-01
5.589039790168375266e-01
7.654474620938036544e-01
5.066358776575354828e-01
-5.483216856515888971e-01
4.697000500188612815e-01
9.276222539916965104e-01
-8.983437752668932408e-01
1.533556626274190648e-03
4.399995609999283186e-01
-3.179711308165025230e-01
-6.980434241518596039e-01
-6.819412714002304199e-01
9.043077400112120579e-02
0.000000000000000000e+00
-6.606239530758779566e-01
-8.063475957750392276e-01
-1.216872661766408292e-01
7.751208496882364685e-01
-2.487488785051279461e-01
0.000000000000000000e+00
-5.075303969676772109e-01
2.573509768028157119e-01
8.322681286565807302e-01
5.060734341747055165e-01
