-1.714953800846517051e-01
-5.198456887708209351e-01
9.372651737946302575e-02
9.179671409814975647e-01
-2.902479622055484931e-01
8.447286746324209616e-01
7.451853124984413324e-01
-7.787549726401989947e-01
4.377339272184923580e-01
-3.282617818958222244e-03
-9.319474790121409224e-01
-3.004925733654719711e-01
6.757163018840199875e-01
-6.100507244412176622e-01
-1.317439920106187046e-01
1.126809229205103513e-01
9.373065918697149890e-01
8.292439966915465810e-02
1.062253400537143122e-01
3.806091925660650688e-01
-9.758286487866518755e-02
-7.671387169834975595e-02
1.901256112021727507e-01
3.451505048626914984e-01
-8.345056252344364989e-01
8.642377291047198540e-02
-9.894107895227808314e-01
9.272086866884770018e-01
1.187843765045701883e-01
2.347049037465080978e-01
-9.747105161378355476e-01
4.388627463676235685e-01
2.209284675050300351e-01
-8.063819548762676259e-01
-7.778016293356504463e-02
1.934671912189069864e-01
2.197482597795263892e-01
-8.049596840967585543e-01
-3.564481257156613125e-01
-1.697873720200386849e-01
-7.647173263755213668e-01
-7.576952795862967882e-01
1.201938197528276131e-01
2.946833091281273465e-01
8.345183813227312619e-01
-3.691910324515201847e-01
-4.251868608990627685e-01
4.768098559892222088e-01
2.642415476707205002e-02
8.336780090471502813e-01
9.306624758472625825e-01
-3.420764916685010704e-01
-4.526187800028336206e-01
5.254299807271307632e-01
-7.000611062400503570e-01
-4.257118617494233259e-01
-7.679302711159219363e-02
7.998878918116945069e-01
5.580998777517569565e-01
2.502654438131453052e-01
-7.808067549019070963e-01
7.380585866287074914e-01
7.396573135513873076e-02
2.294548266121843039e-01
6.183873241481117056e-01
-7.739848423583404191e-01
-1.340827140883540380e-01
-6.056488606084000637e-01
-9.740422599205411647e-01
-8.598497523829053968e-01
3.334702746509454752e-01
-6.090002428947345336e-01
1.058006131715218956e-01
6.656720355237195630e-01
4.593604500659953516e-02
6.413051249779675445e-01
9.084976985097814595e-01
4.167101550722263070e-02
8.892696113559490634e-01
8.689020922124379709e-02
1.641245187070701217e-01
-9.127854052694444054e-01
-5.175015229049639842e-02
-3.413545922057166226e-01
-9.160156748671022253e-01
-9.594267221965231407e-01
-8.855603863191574554e-01
5.574578944257344570e-01
9.771067171528655670e-01
-1.847723599952073581e-01
-3.004781050430780365e-01
-7.406204030872414190e-01
7.881381184855049682e-01
-9.672130674958228091e-01
-3.449541836190217481e-02
6.544110899700863460e-01
6.801227447798130488e-01
-4.802158131950589048e-01
3.866796412215902645e-01
8.693986232417549864e-01
-2.626475957536908989e-01
-7.704491140545179917e-01
1.939982462548988096e-01
3.200783719219644219e-01
-8.211436779647085515e-02
3.162611324508033395e-01
6.409020870639585699e-01
-4.457279505066036318e-01
3.551324022717325946e-01
7.542078273500791852e-01
9.535468529935591242e-01
-5.534742368470564333e-01
8.593086519952142233e-01
-9.659642918427457925e-01
1.017666872007343404e-01
2.877414143113021794e-01
3.271938804609273443e-01
-1.060635860821057541e-02
-1.321011738304691541e-01
-2.591400870483917540e-01
-1.135611117789296909e-01
-2.090634011365246625e-01
9.794487986035711469e-01
7.112608207014803341e-01
3.761313439988542839e-01
2.341413155256952816e-01
-2.335155642877551063e-01
-7.215872072773308332e-01
4.120900480829159385e-01
-6.233305638738051435e-01
5.521170678771707419e-01
3.713166244818981720e-01
4.669034026871139442e-01
7.040755425128821798e-01
-6.707372870227823469e-02
-3.229906894583762789e-01
-4.587550864232416981e-01
6.581610390672187894e-01
2.618636775714437981e-01
2.664616514931508195e-01
3.325108742715299215e-03
5.621346766284824881e-01
-1.661496350645241815e-01
-8.902562059965779540e-01
-9.135357360986671171e-01
-8.345735670533138695e-01
8.151751881838404934e-01
1.884523005018190478e-01
-8.899368322515299745e-01
-4.808141695844365682e-01
-7.852658200147635270e-01
8.610149181895621062e-01
1.287931066659866453e-01
2.593868530943708173e-01
7.525645716609858926e-01
-3.251992807920451867e-01
-5.014098110691951327e-01
9.470816419697556388e-01
-8.110662216780806233e-02
-8.398265348190403490e-01
1.901786805809861924e-01
-7.285068531127114611e-02
-8.634027184693386925e-01
8.125331371568591532e-01
-6.754136771460086397e-01
3.182308134928035770e-02
4.433028527251157147e-01
-9.033351571289791604e-01
5.826181512347909930e-01
-2.077679399881642297e-01
-5.767917982692993828e-01
6.878049298840973602e-01
-4.195871098508703323e-01
6.268260667067586667e-01
7.611485092754821657e-01
5.891813074883092138e-01
-5.481056114920253020e-01
-8.964821629893879873e-01
-9.791074405956956550e-01
-8.136441478386324810e-02
-8.440075876193178228e-01
-5.183621586917628310e-01
1.987561705620963792e-01
9.372560783698498099e-01
4.391017849940395124e-01
5.570359905057413741e-01
5.052703164461016527e-01
-8.025208741101585996e-01
-1.376393440771517263e-02
8.443288921670790703e-01
-8.004632925964361156e-01
-4.283623551231510174e-01
-7.377912885195661019e-01
1.680166732113996808e-01
2.976818428264331740e-01
-9.867127620976692270e-01
-5.074566685260819554e-01
6.503404256560734176e-01
1.918354117337124354e-01
8.570902997200264828e-01
-3.792555291756549707e-01
-9.540843130324951904e-01
5.737783661121416134e-01
-7.463773383136473871e-01
3.206669695389745556e-01
-7.183268719541571201e-01
4.663565856684954714e-01
-7.730464325376833479e-01
1.195020624041780444e-01
2.115643384725887088e-01
-8.512336821651771412e-01
8.273836369768063914e-01
-8.729723344039974631e-01
3.641634216273545999e-01
9.426079042401966923e-01
-3.835228715751417550e-01
-6.177207268823485808e-01
7.612573148894163921e-02
-6.633128014556735064e-01
-4.231475338554964161e-01
2.466156286388290209e-01
-1.518804268502993438e-01
8.164709225660107261e-01
7.384668565253282857e-01
1.110164981593699807e-01
-8.013417014433570351e-01
1.907958419591213595e-01
1.435384632156289086e-02
5.588997970073734667e-01
-8.121224750273157156e-01
-6.650943643105222680e-01
1.424380418397890313e-01
6.146819708676161120e-01
7.811889254889992085e-01
8.890134144197328059e-01
6.451996313819821083e-01
-6.598808173151837764e-01
7.200346349070760876e-01
8.284569564151618160e-01
-3.283812627250637384e-02
-5.521254516045990268e-01
6.083664636833168160e-01
9.757185090209326006e-01
4.269400884720835343e-01
-2.040569483786187632e-01
8.496257297953719867e-01
-8.696263647761250937e-01
-8.766869697014916252e-01
6.145489733707338864e-01
-8.222262410428482493e-01
-8.392266609856282589e-01
3.034468982008176052e-01
9.652808843044811127e-01
-1.480632369926191405e-01
-2.801652356225230456e-01
8.207592543184254463e-01
-3.498591423801766798e-01
5.747820049347778237e-01
4.173949939414134391e-01
2.320669239917694249e-01
1.210539558037504460e-01
2.159735809487883795e-01
9.593657092961676014e-01
-2.737611837208484555e-01
-1.390542769893030606e-01
