-6.110451567463888178e-01
2.151694668399461996e-02
-1.583483481929819359e-01
-2.081700483521613521e-01
-3.342348338669298702e-01
-1.069422471261496366e-01
7.775960787812801200e-01
7.293103411745067710e-01
2.066196191816500605e-01
-3.225594017071535813e-01
0.000000000000000000e+00
-8.196248427431314099e-01
9.047624637546611837e-01
5.008582485834658371e-01
8.499535285886272717e-02
-3.178127295984483069e-01
-7.938939808010687660e-01
7.809071606913959851e-01
-7.215651492943366829e-01
-3.225686674807406451e-01
-7.822847466153453055e-01
0.000000000000000000e+00
8.309207249149257457e-01
0.000000000000000000e+00
1.000000000000000000e+00
5.814495051316994623e-01
-8.890271926247474976e-01
2.272156335598622956e-01
-4.853110549612307256e-01
8.922059765086853833e-01
0.000000000000000000e+00
-8.361109923555321011e-02
9.538770974046177908e-01
1.000000000000000000e+00
-7.778016293356504463e-02
1.934671912189069864e-01
2.197482597795263892e-01
-8.049596840967585543e-01
-3.564481257156613125e-01
-1.697873720200386849e-01
-7.647173263755213668e-01
0.000000000000000000e+00
1.201938197528276131e-01
2.946833091281273465e-01
8.345183813227312619e-01
-3.691910324515201847e-01
-4.251868608990627685e-01
4.768098559892222088e-01
2.642415476707205002e-02
0.000000000000000000e+00
9.306624758472625825e-01
0.000000000000000000e+00
-4.526187800028336206e-01
5.254299807271307632e-01
-7.000611062400503570e-01
-4.257118617494233259e-01
-7.679302711159219363e-02
7.998878918116945069e-01
5.580998777517569565e-01
2.502654438131453052e-01
-7.808067549019070963e-01
-5.857246697617781717e-01
-2.109038064089334696e-01
7.189685345547587314e-01
-9.711998790312150742e-01
-6.634221671686770794e-01
2.903579020222142315e-01
-9.421669923857665108e-01
0.000000000000000000e+00
-7.798530533888541338e-01
-9.668720788177787018e-01
7.118589467022240491e-01
6.535891692883097903e-01
-4.388797251049747494e-02
-8.687029123308969147e-01
0.000000000000000000e+00
-2.219734973893368046e-01
3.827693200340003266e-01
0.000000000000000000e+00
0.000000000000000000e+00
4.686313929591778837e-01
-8.820108408035001180e-01
0.000000000000000000e+00
-6.373198411577405409e-01
2.985245730661283403e-01
6.752789943411214857e-01
-6.390912611265080479e-01
8.820275882874151208e-01
-3.797282376315538333e-01
-6.733574823201986526e-01
4.060859772076221841e-01
1.677855006032142882e-01
6.567642980241927830e-02
1.012881910422176457e-01
3.817883948763198809e-01
1.771308822409976003e-01
-2.135012584652005163e-01
-3.058755995518527282e-01
-7.029287993603057227e-01
-7.971701871858196675e-01
-3.363277997407674302e-01
-8.170392584840004968e-01
6.165821963894404512e-01
-9.003786836688130180e-01
2.273142565152415084e-01
2.202953674606944467e-02
6.989668818614609425e-01
3.369415014433709832e-01
-1.395381633811390021e-01
-5.737916381789096576e-01
2.396043189949066399e-01
-7.627306819253916181e-01
-5.345604551998515142e-01
7.587933700979063723e-01
7.015206610704873835e-01
8.856773407457554370e-01
8.511390712539015357e-01
1.064589893596199488e-01
-8.146466298081440627e-01
4.364506154585607867e-01
7.406021652250909248e-01
-8.329443058567398417e-01
-1.453204992454872890e-01
0.000000000000000000e+00
-5.409565492910690665e-01
-4.225907018145507177e-01
-4.432426500315265194e-01
7.508490848833180298e-01
0.000000000000000000e+00
-7.003712134167372483e-01
-3.881654007985431143e-01
-7.478271907322286971e-02
1.336136403273258111e-02
8.934906160953210996e-01
-9.180408827615804679e-01
-3.961241104385790912e-01
3.872536120055047881e-02
-8.649791660187804432e-01
-4.446346700218579695e-01
9.455564990621261323e-01
9.585753185759233741e-01
1.357726545189923417e-01
9.263409655802570253e-01
-4.838957694880816618e-01
6.143435004942860989e-01
5.094790666318438355e-01
8.929821601080303317e-01
-5.913921231159999792e-01
1.399972683963164322e-01
9.023706778350055746e-01
0.000000000000000000e+00
0.000000000000000000e+00
-1.167666206744111257e-01
7.706447296905307720e-01
7.469647718952487914e-01
-6.669719329464760538e-01
6.672582067447336840e-01
-3.716885292471205915e-01
6.296096943729354578e-01
-5.026012766366219076e-01
2.056391594664654932e-01
9.273250485173372137e-01
-6.545712087766371035e-01
6.471458899522364305e-02
-6.609660073411345316e-01
-8.241899748167775819e-01
-9.888563335215985184e-01
-4.194951861267510740e-01
-6.195351206713433090e-01
5.648917091238991883e-01
-7.921857770037032953e-01
-1.846746289512000150e-01
-9.468526998607529332e-01
-9.135235171432798396e-01
3.358813468258639023e-01
5.197123137291799200e-01
2.268584486509288567e-01
1.872006703070436817e-01
-9.979147752064179144e-01
0.000000000000000000e+00
-5.367896339389550686e-01
0.000000000000000000e+00
3.867848107629021648e-01
-1.759348290599307418e-01
-2.255300125183115068e-01
-9.549429789173109473e-01
-7.613197657772552418e-02
-9.255790994731640797e-01
-7.680936149121830869e-01
1.000000000000000000e+00
-9.003353161918268288e-01
4.380279489237226542e-01
2.494593198935155520e-01
-1.421573912173583754e-01
1.093791978456610803e-01
-7.572256412650957280e-02
-9.085669891405483423e-01
-4.540815480724136322e-01
3.784088636574531872e-01
-2.347153980010756591e-01
0.000000000000000000e+00
5.274846648392910176e-01
-4.209929180576554852e-01
-5.965695129965857824e-01
6.116373281409426266e-01
4.742405902665618456e-01
-8.729276687441578364e-01
-4.558617128873587721e-01
5.758332546820437159e-01
-6.594135229416575594e-01
-7.969217822986296440e-02
0.000000000000000000e+00
-4.023310289142654206e-01
1.914460608905315109e-01
0.000000000000000000e+00
7.257284777872903270e-01
-8.578373990660361770e-01
5.343062022196345406e-01
2.888687971301111546e-01
8.776537913274777836e-01
-1.765500996589324245e-01
5.001317522477382038e-01
-4.794443780917245768e-02
8.994237114609380246e-01
-7.906641961956886178e-01
-3.783572799503283068e-01
0.000000000000000000e+00
7.509181447158801426e-01
-6.696084706018923249e-02
6.331561711011415294e-01
5.580812575915892193e-01
9.013404170954728567e-01
-1.754558289373808755e-02
6.423228032152827893e-01
5.455584089965372918e-01
-8.856537276750096055e-01
0.000000000000000000e+00
2.388145024604213518e-01
7.907049355304236471e-01
1.858540192618560738e-01
7.587760780038190767e-01
-4.232142904518969573e-01
2.500831763880317915e-02
4.640953973393930898e-01
4.732595696498453908e-01
-3.589489583200247136e-01
9.077588820749593612e-01
5.250430505450769392e-01
4.205928810368817494e-01
1.831823940552268493e-01
2.356874827493842250e-01
-8.294522034672573430e-01
-2.169306404069761829e-01
1.618289136115398374e-01
3.212775377686312162e-01
-6.512445240534776580e-01
3.573236547667648644e-01
0.000000000000000000e+00
0.000000000000000000e+00
6.168374271632439676e-01
-4.569088155071368007e-01
9.965523013532187058e-01
2.351498008785017912e-01
3.629863291278474513e-01
-9.913018870974799057e-01
