4.789078539405184909e-01
-7.744170796531628653e-01
5.234387585366673257e-01
8.043244018623754155e-01
4.335777804717886319e-01
6.447236417234913919e-01
-8.804465125340150689e-01
-1.911771567206563827e-01
-4.256162616285603661e-01
-6.928731306856574790e-01
9.193845645273952538e-01
-8.647834116195973753e-01
-8.689257401223937638e-01
1.605210325502559598e-01
5.294155494793546524e-01
-7.636135890033761697e-01
9.974808508386354688e-01
8.067514264563355741e-01
3.635590933847092643e-01
-5.504640295235028180e-01
-2.218999980224620749e-01
8.298811280205466989e-01
0.000000000000000000e+00
-5.797876463322109153e-01
-2.939063747028658469e-02
0.000000000000000000e+00
-3.582443122884551023e-01
-6.639999913856529101e-01
-9.799562987194887498e-01
-5.938265551617014637e-01
0.000000000000000000e+00
0.000000000000000000e+00
0.000000000000000000e+00
-6.625108231099807732e-02
9.776489969366788380e-01
0.000000000000000000e+00
9.300692498836764521e-01
-1.190607046766627430e-01
6.078952565624318183e-01
0.000000000000000000e+00
-2.759136205163372768e-01
1.116844308539353126e-01
-4.336689176659376255e-01
0.000000000000000000e+00
-6.981500032820426860e-01
1.665209699402827592e-01
7.557140737885381654e-02
-5.593382066314254164e-01
-6.664791719201004216e-01
4.926286338414249677e-01
0.000000000000000000e+00
8.458700999805188747e-01
-5.264926798078044534e-01
1.692230086769244135e-01
-7.019335788669356369e-01
-7.942073991670086652e-01
9.700671633994739640e-01
-2.001761663371675048e-01
0.000000000000000000e+00
8.641310136736142233e-01
1.829587461339698962e-02
4.039670006928908208e-01
0.000000000000000000e+00
-2.376482586690698007e-01
-9.082262620225809435e-01
0.000000000000000000e+00
5.531577734572963312e-01
-1.169355239783180789e-01
-2.646933903699344448e-02
-5.207765197983993399e-01
-5.085981037103859403e-01
-8.305319645602318168e-01
0.000000000000000000e+00
-6.471326282006368835e-01
9.743515025312659006e-01
-1.692589130165946809e-01
4.468921208509635257e-02
-7.490144907889906278e-02
-1.256975669539215357e-01
0.000000000000000000e+00
9.563737943168748590e-01
0.000000000000000000e+00
-6.717230625832004698e-02
5.335354244882606345e-01
-4.787432208448172410e-02
0.000000000000000000e+00
7.733882771753610719e-01
0.000000000000000000e+00
8.359190125917392855e-01
-8.656238311317303591e-01
-5.500398523369691706e-01
2.490188370520765027e-01
0.000000000000000000e+00
-2.826722497327072148e-02
-8.595866638470273102e-02
1.964049675901324843e-01
0.000000000000000000e+00
8.042216582129022573e-01
-7.191260394509835230e-01
-7.467191616013331146e-01
1.497136241433505432e-01
0.000000000000000000e+00
6.689455213922783638e-01
-2.703868259711759148e-01
6.370769420017763363e-01
-2.961176949700561334e-01
0.000000000000000000e+00
5.428191579462711136e-01
-2.653099198557482552e-01
7.896547466575074559e-01
3.170678399484716525e-01
-6.453662969853475317e-01
-2.166845310352485399e-01
9.117306660225819037e-01
-3.322746982878022060e-02
7.247245212631312494e-01
9.841781458775147318e-01
2.955412816875881976e-01
-5.307309817548300224e-02
-5.500613866214765224e-01
-6.919911047293059170e-03
7.926051650069230181e-01
2.509716728908968353e-01
2.190045756899425822e-01
-8.438166853206512386e-01
-7.144136591196996733e-01
4.976709751157137873e-01
-2.541075127267629075e-01
7.826718351639327942e-02
1.150441633846539524e-01
3.464223323574846525e-01
8.614230855569089407e-01
-4.329364948006317881e-01
-5.684276709298059505e-01
-5.953565360698309661e-02
8.335861502007486656e-01
-7.649326823854729618e-02
5.883082478265651005e-01
1.939874761430258054e-01
-3.218409157527464259e-01
0.000000000000000000e+00
-7.692456730261882925e-01
7.211287488892206277e-01
-3.339776625110979502e-01
2.585667608322459454e-01
-6.548112173905871192e-01
8.291275020707327137e-01
8.702357263380846586e-01
-3.792850407490819808e-01
-3.577512013066797003e-02
-1.987777220911661757e-01
-5.899691859037163866e-01
-6.814030460700839509e-01
-1.635624771536059452e-01
-2.970652527243045071e-03
8.527906774835711801e-01
-9.040347215882518217e-01
9.838712684027084432e-01
0.000000000000000000e+00
-8.796079863671075749e-01
3.150024389584265005e-01
-7.347317272652877929e-01
4.219106460423931448e-01
-7.859431654096082909e-01
7.380071344498111419e-01
-6.323778447017975868e-01
8.589619897052935826e-01
9.144386167314724201e-01
-4.244928187797358810e-02
0.000000000000000000e+00
-9.560804238531988020e-01
6.632240917377105749e-01
-6.049857498553712354e-01
-8.426361338504249066e-01
-5.714355575216667482e-01
-1.772380937885069674e-01
3.903981593124543625e-01
0.000000000000000000e+00
4.966903652454137674e-01
9.019632524624607850e-01
9.784792794858703235e-01
-1.810975062650352907e-01
9.345500501472241428e-01
-1.617054168361664601e-02
4.524831418971160257e-01
-8.995093671102094568e-01
4.195606869511590009e-01
2.751354573678992388e-01
-3.999406249536030522e-01
-9.189622520030322761e-01
-2.170730892701204784e-01
-3.037444813000713673e-01
-9.221497157363069963e-01
-1.561513785447485869e-01
7.418651568797627327e-01
-3.865355359159183823e-01
-2.266799377005546123e-01
8.869248167826022655e-01
4.520808027960814268e-01
0.000000000000000000e+00
5.880392433729697554e-01
-6.944510349860544274e-02
-7.797539935933894828e-01
-9.462946702534364984e-01
2.271946855834214851e-01
-9.142585569955798963e-01
-9.424366623131337217e-01
-7.211647228231303774e-01
-4.656095607070016573e-01
0.000000000000000000e+00
4.668713875165988458e-01
-8.656940400075643360e-01
6.252233447317723236e-01
6.788235109382974031e-01
4.619079999056614483e-01
-9.463060407711239019e-01
5.149786887953828884e-01
-8.035868490872033476e-02
2.994512500217805240e-01
0.000000000000000000e+00
6.465496981188125769e-01
3.014690150853012174e-01
-4.932293364743123298e-02
2.921752654540488159e-01
-2.380216907489947076e-01
-7.632509445789550373e-01
-5.962322170823419754e-01
6.399756093152682013e-01
-6.278461851707386465e-01
0.000000000000000000e+00
-5.792758483737554531e-01
-1.343644341027268041e-01
-1.393218739565214026e-01
-2.040580130740128340e-01
4.695728312273552696e-01
-8.284427146144957010e-01
3.729606984717594997e-01
8.196528177515969293e-01
-4.072284068790736900e-01
3.766495299839882627e-01
-8.815236051464028222e-01
-7.573509163693907809e-01
-9.190629115379214120e-01
9.691512962130401920e-01
5.203695276414781468e-01
2.922354674705427424e-01
0.000000000000000000e+00
-7.394412127877769692e-01
0.000000000000000000e+00
-9.628786695238145121e-02
-2.707550262396012375e-01
8.043869077458272177e-01
-6.216264143542096221e-01
8.909469604088857686e-01
1.506118796846160901e-01
-6.885606065570037959e-01
-5.364060917399218198e-01
0.000000000000000000e+00
4.031895661495139560e-01
3.304344445315978707e-01
5.404701056475493814e-01
4.461955746639667542e-01
9.193915100869933799e-01
8.526870502865846468e-02
-5.007706129896003500e-01
