4.789078539405184909e-01
-7.744170796531628653e-01
5.234387585366673257e-01
8.043244018623754155e-01
4.335777804717886319e-01
6.447236417234913919e-01
-8.804465125340150689e-01
-1.911771567206563827e-01
-4.256162616285603661e-01
-6.928731306856574790e-01
9.193845645273952538e-01
-8.647834116195973753e-01
-8.689257401223937638e-01
1.605210325502559598e-01
5.294155494793546524e-01
-7.636135890033761697e-01
9.974808508386354688e-01
-4.143601388603108671e-01
6.299740569472398466e-01
-7.826346515802189430e-01
2.292192321885211381e-01
-7.009947613885760820e-01
-7.506976175204784774e-01
-9.364737364929480723e-01
4.264070987125452294e-01
-6.600937246341607167e-01
-7.781781843037816060e-02
-5.068306723207973707e-01
7.340016200950754133e-01
6.004434964117433271e-01
-6.158598598782354383e-01
5.308889780039971473e-01
-8.567010931486067626e-01
-6.368796432130785501e-01
-8.283426605759109940e-01
3.987713324646484647e-01
6.872956352167038929e-01
-6.130724252638399818e-01
-1.383470700627091876e-01
6.481588302813645619e-01
-7.495760536631035365e-01
9.581261603893218570e-01
-7.884027943473124189e-01
-5.627283953389590199e-01
-2.591539883201541272e-01
1.992333348133388249e-01
7.557140737885381654e-02
-5.593382066314254164e-01
-6.664791719201004216e-01
4.926286338414249677e-01
-6.584269221931760008e-02
-1.931446253641901922e-01
-7.525330728898151911e-01
-4.336413202614242124e-02
4.737585687809575674e-01
-3.973925364095636237e-01
1.923252134889410492e-01
-1.869747217661132943e-01
-4.523100401136586068e-01
2.643093971127004060e-01
-2.180700001753523853e-01
-1.790809426907582491e-01
2.874515207367482894e-01
2.824853561071059005e-01
2.770148283288873525e-01
-3.248198687793379946e-02
4.242823012272660677e-01
8.704344435504607347e-02
2.561362864892389180e-01
-5.075683450590529056e-02
4.673907954054743463e-01
4.641626587862954789e-01
1.624743494595846105e-01
9.659486908667420657e-01
2.173696756897662841e-01
9.407546346779875890e-01
-9.762974265110528904e-01
6.879868842637606452e-01
1.379546891728744562e-01
-9.241867648415624803e-01
-5.791900311276700908e-01
6.633082173009638982e-01
-5.128267421235783718e-01
2.897999086495552934e-01
5.790034534121719645e-01
3.104587263342049042e-01
-8.405964003622952152e-01
-6.372368294621959528e-01
7.465752928315061432e-01
-1.543832906441688912e-02
9.199264937580302615e-01
-7.888639978589868651e-01
6.872079788575617965e-01
5.115602639727188095e-01
-7.700215041316849085e-01
4.835467573877336722e-01
8.507445868470715489e-01
8.042216582129022573e-01
-7.191260394509835230e-01
0.000000000000000000e+00
1.497136241433505432e-01
0.000000000000000000e+00
6.689455213922783638e-01
-2.703868259711759148e-01
6.370769420017763363e-01
-2.961176949700561334e-01
0.000000000000000000e+00
5.428191579462711136e-01
-2.653099198557482552e-01
7.896547466575074559e-01
3.170678399484716525e-01
-6.453662969853475317e-01
-2.166845310352485399e-01
9.117306660225819037e-01
-3.322746982878022060e-02
-3.716355958492589817e-01
3.758290610884926775e-01
-3.757434778458024205e-02
-2.963891912682805607e-01
8.744250637453887531e-01
4.882274229562260093e-01
-5.843040712668405856e-01
0.000000000000000000e+00
5.109019508994638858e-01
-1.928063254824574635e-02
-7.296370067504081014e-01
4.548822545971560327e-01
-6.374793749306457702e-01
-9.184850657437992894e-02
-1.786764306498058730e-01
-4.175004659546921459e-01
7.559183130891609093e-01
2.083532520599378213e-01
-9.247599134512056729e-01
0.000000000000000000e+00
-9.831643279050550355e-02
-7.609219174168351252e-01
-3.568638046834460287e-01
1.416956017841606297e-01
-9.652054028996308599e-01
8.432526088442404699e-01
-9.464304514681485259e-01
-6.137147321087843554e-01
6.663205761511417080e-01
-7.628602091148124487e-01
-5.933564649697766757e-01
-6.761953093659358593e-01
7.727830776251385370e-01
-1.374618929701860726e-01
4.473680050612869330e-01
7.996029292324680071e-02
-5.631894339047156528e-01
-6.814030460700839509e-01
-1.635624771536059452e-01
-2.970652527243045071e-03
8.527906774835711801e-01
-9.040347215882518217e-01
9.838712684027084432e-01
7.825964559192060133e-01
-8.796079863671075749e-01
3.150024389584265005e-01
-7.347317272652877929e-01
4.219106460423931448e-01
-7.859431654096082909e-01
7.380071344498111419e-01
-6.323778447017975868e-01
8.589619897052935826e-01
9.144386167314724201e-01
-4.244928187797358810e-02
0.000000000000000000e+00
-9.560804238531988020e-01
6.632240917377105749e-01
-6.049857498553712354e-01
-8.426361338504249066e-01
-5.714355575216667482e-01
-1.772380937885069674e-01
3.903981593124543625e-01
0.000000000000000000e+00
4.966903652454137674e-01
9.019632524624607850e-01
9.784792794858703235e-01
-1.810975062650352907e-01
9.345500501472241428e-01
-1.617054168361664601e-02
-2.888838736088632508e-01
0.000000000000000000e+00
-6.887221048845804106e-02
-9.890136547547245804e-02
1.054742677090865222e-01
0.000000000000000000e+00
0.000000000000000000e+00
-3.037444813000713673e-01
-9.221497157363069963e-01
-1.561513785447485869e-01
7.418651568797627327e-01
-3.865355359159183823e-01
-2.266799377005546123e-01
8.869248167826022655e-01
4.520808027960814268e-01
3.678763553172286205e-01
5.880392433729697554e-01
-6.944510349860544274e-02
-7.797539935933894828e-01
-9.462946702534364984e-01
2.271946855834214851e-01
-9.142585569955798963e-01
-9.424366623131337217e-01
-7.211647228231303774e-01
-4.656095607070016573e-01
2.778938803593908879e-01
4.668713875165988458e-01
-8.656940400075643360e-01
6.252233447317723236e-01
6.788235109382974031e-01
4.619079999056614483e-01
-9.463060407711239019e-01
5.149786887953828884e-01
-8.035868490872033476e-02
2.994512500217805240e-01
3.736895029999516282e-01
6.465496981188125769e-01
3.014690150853012174e-01
-4.932293364743123298e-02
2.921752654540488159e-01
-2.380216907489947076e-01
-7.632509445789550373e-01
-5.962322170823419754e-01
6.399756093152682013e-01
-6.278461851707386465e-01
0.000000000000000000e+00
-5.792758483737554531e-01
-1.343644341027268041e-01
-1.393218739565214026e-01
-2.040580130740128340e-01
4.695728312273552696e-01
-8.284427146144957010e-01
3.729606984717594997e-01
8.196528177515969293e-01
-4.072284068790736900e-01
3.766495299839882627e-01
-8.815236051464028222e-01
-7.573509163693907809e-01
-9.190629115379214120e-01
9.691512962130401920e-01
5.203695276414781468e-01
2.922354674705427424e-01
1.157940715496907913e-03
-7.394412127877769692e-01
7.671974001592800629e-01
-9.628786695238145121e-02
-2.707550262396012375e-01
8.043869077458272177e-01
-6.216264143542096221e-01
8.909469604088857686e-01
1.506118796846160901e-01
-6.885606065570037959e-01
-5.364060917399218198e-01
9.651420717031495844e-01
4.031895661495139560e-01
3.304344445315978707e-01
5.404701056475493814e-01
4.461955746639667542e-01
9.193915100869933799e-01
8.526870502865846468e-02
-5.007706129896003500e-01
