4.789078539405184909e-01
-7.744170796531628653e-01
5.234387585366673257e-01
8.043244018623754155e-01
4.335777804717886319e-01
6.447236417234913919e-01
0.000000000000000000e+00
-1.911771567206563827e-01
-4.256162616285603661e-01
-6.928731306856574790e-01
9.193845645273952538e-01
-8.647834116195973753e-01
-9.256888402046969944e-03
-3.459763735479493008e-02
5.080885455971499987e-01
0.000000000000000000e+00
-6.844195636890568757e-01
8.067514264563355741e-01
3.635590933847092643e-01
0.000000000000000000e+00
-2.218999980224620749e-01
8.298811280205466989e-01
0.000000000000000000e+00
0.000000000000000000e+00
-2.939063747028658469e-02
0.000000000000000000e+00
-3.582443122884551023e-01
-6.639999913856529101e-01
-9.799562987194887498e-01
-5.938265551617014637e-01
3.806606551110969239e-01
8.466080586976556521e-01
0.000000000000000000e+00
-6.625108231099807732e-02
9.776489969366788380e-01
0.000000000000000000e+00
9.300692498836764521e-01
-1.190607046766627430e-01
6.078952565624318183e-01
-1.619357590693877302e-01
-2.759136205163372768e-01
1.116844308539353126e-01
-4.336689176659376255e-01
0.000000000000000000e+00
-6.981500032820426860e-01
1.665209699402827592e-01
1.263360588168318532e-01
2.130374486644326382e-01
4.102527926156218641e-01
0.000000000000000000e+00
-6.110409983935052303e-01
8.458700999805188747e-01
-5.264926798078044534e-01
1.692230086769244135e-01
-7.019335788669356369e-01
-7.942073991670086652e-01
9.700671633994739640e-01
-2.001761663371675048e-01
-1.642459733890768714e-01
8.641310136736142233e-01
1.829587461339698962e-02
4.039670006928908208e-01
0.000000000000000000e+00
-2.376482586690698007e-01
-9.082262620225809435e-01
0.000000000000000000e+00
5.531577734572963312e-01
-1.169355239783180789e-01
-2.646933903699344448e-02
-5.207765197983993399e-01
-5.085981037103859403e-01
-8.305319645602318168e-01
0.000000000000000000e+00
-6.471326282006368835e-01
9.743515025312659006e-01
-1.692589130165946809e-01
4.468921208509635257e-02
-7.490144907889906278e-02
-1.256975669539215357e-01
0.000000000000000000e+00
9.563737943168748590e-01
0.000000000000000000e+00
-6.717230625832004698e-02
5.335354244882606345e-01
-4.787432208448172410e-02
0.000000000000000000e+00
7.733882771753610719e-01
0.000000000000000000e+00
8.359190125917392855e-01
-8.656238311317303591e-01
-5.500398523369691706e-01
2.490188370520765027e-01
0.000000000000000000e+00
-2.826722497327072148e-02
-8.595866638470273102e-02
1.964049675901324843e-01
0.000000000000000000e+00
8.042216582129022573e-01
-7.191260394509835230e-01
0.000000000000000000e+00
1.497136241433505432e-01
0.000000000000000000e+00
6.689455213922783638e-01
-2.703868259711759148e-01
6.370769420017763363e-01
-2.961176949700561334e-01
0.000000000000000000e+00
5.428191579462711136e-01
-2.653099198557482552e-01
7.896547466575074559e-01
3.170678399484716525e-01
-6.453662969853475317e-01
-2.166845310352485399e-01
9.117306660225819037e-01
-3.322746982878022060e-02
-3.716355958492589817e-01
3.758290610884926775e-01
-3.757434778458024205e-02
-2.963891912682805607e-01
8.744250637453887531e-01
4.882274229562260093e-01
-5.843040712668405856e-01
0.000000000000000000e+00
5.109019508994638858e-01
-1.928063254824574635e-02
-7.296370067504081014e-01
4.548822545971560327e-01
-6.374793749306457702e-01
-9.184850657437992894e-02
-1.786764306498058730e-01
-4.175004659546921459e-01
7.559183130891609093e-01
2.083532520599378213e-01
-9.247599134512056729e-01
0.000000000000000000e+00
-9.831643279050550355e-02
-7.609219174168351252e-01
-3.568638046834460287e-01
1.416956017841606297e-01
-9.652054028996308599e-01
8.432526088442404699e-01
-9.464304514681485259e-01
-6.137147321087843554e-01
6.663205761511417080e-01
-7.628602091148124487e-01
-5.933564649697766757e-01
-6.761953093659358593e-01
7.727830776251385370e-01
-1.374618929701860726e-01
4.473680050612869330e-01
7.996029292324680071e-02
-5.631894339047156528e-01
-6.814030460700839509e-01
-1.635624771536059452e-01
-2.970652527243045071e-03
8.527906774835711801e-01
-9.040347215882518217e-01
9.838712684027084432e-01
7.825964559192060133e-01
-8.796079863671075749e-01
3.150024389584265005e-01
-7.347317272652877929e-01
4.219106460423931448e-01
-7.859431654096082909e-01
7.380071344498111419e-01
-6.323778447017975868e-01
8.589619897052935826e-01
9.144386167314724201e-01
-4.244928187797358810e-02
0.000000000000000000e+00
-9.560804238531988020e-01
6.632240917377105749e-01
-6.049857498553712354e-01
-8.426361338504249066e-01
-5.714355575216667482e-01
-1.772380937885069674e-01
3.903981593124543625e-01
0.000000000000000000e+00
4.966903652454137674e-01
9.019632524624607850e-01
9.784792794858703235e-01
-1.810975062650352907e-01
9.345500501472241428e-01
-1.617054168361664601e-02
-2.888838736088632508e-01
0.000000000000000000e+00
-6.887221048845804106e-02
-9.890136547547245804e-02
1.054742677090865222e-01
0.000000000000000000e+00
0.000000000000000000e+00
-3.037444813000713673e-01
-9.221497157363069963e-01
-1.561513785447485869e-01
7.418651568797627327e-01
-3.865355359159183823e-01
-2.266799377005546123e-01
8.869248167826022655e-01
4.520808027960814268e-01
3.678763553172286205e-01
0.000000000000000000e+00
-6.944510349860544274e-02
-7.797539935933894828e-01
-9.462946702534364984e-01
2.271946855834214851e-01
-9.142585569955798963e-01
-9.424366623131337217e-01
-7.211647228231303774e-01
0.000000000000000000e+00
2.778938803593908879e-01
4.668713875165988458e-01
-8.656940400075643360e-01
6.252233447317723236e-01
6.788235109382974031e-01
4.619079999056614483e-01
-9.463060407711239019e-01
5.149786887953828884e-01
-8.035868490872033476e-02
2.994512500217805240e-01
3.736895029999516282e-01
6.465496981188125769e-01
3.014690150853012174e-01
-4.932293364743123298e-02
2.921752654540488159e-01
0.000000000000000000e+00
-7.632509445789550373e-01
-5.962322170823419754e-01
6.399756093152682013e-01
-6.278461851707386465e-01
0.000000000000000000e+00
-5.792758483737554531e-01
-6.069250897270952461e-01
0.000000000000000000e+00
9.261631847099234260e-01
9.651292791051389042e-01
0.000000000000000000e+00
8.077217038405428706e-01
-6.572580149803861627e-01
-5.198344265009811060e-01
3.766495299839882627e-01
-8.815236051464028222e-01
-7.573509163693907809e-01
-9.190629115379214120e-01
9.691512962130401920e-01
5.203695276414781468e-01
2.922354674705427424e-01
0.000000000000000000e+00
-7.394412127877769692e-01
0.000000000000000000e+00
-9.628786695238145121e-02
-2.707550262396012375e-01
8.043869077458272177e-01
-6.216264143542096221e-01
8.909469604088857686e-01
1.506118796846160901e-01
-6.885606065570037959e-01
-5.364060917399218198e-01
1.000000000000000000e+00
4.031895661495139560e-01
3.304344445315978707e-01
5.404701056475493814e-01
4.461955746639667542e-01
9.193915100869933799e-01
0.000000000000000000e+00
-5.007706129896003500e-01
