4.789078539405184909e-01
-7.744170796531628653e-01
5.234387585366673257e-01
8.043244018623754155e-01
4.335777804717886319e-01
6.447236417234913919e-01
-8.804465125340150689e-01
-1.911771567206563827e-01
-4.256162616285603661e-01
-6.928731306856574790e-01
9.193845645273952538e-01
-8.647834116195973753e-01
-8.689257401223937638e-01
1.605210325502559598e-01
5.294155494793546524e-01
-7.636135890033761697e-01
9.974808508386354688e-01
-4.143601388603108671e-01
6.299740569472398466e-01
-7.826346515802189430e-01
2.292192321885211381e-01
-7.009947613885760820e-01
-7.506976175204784774e-01
-9.364737364929480723e-01
4.264070987125452294e-01
-6.600937246341607167e-01
-7.781781843037816060e-02
-5.068306723207973707e-01
7.340016200950754133e-01
6.004434964117433271e-01
-6.158598598782354383e-01
5.308889780039971473e-01
-8.567010931486067626e-01
-6.368796432130785501e-01
-8.283426605759109940e-01
3.987713324646484647e-01
6.872956352167038929e-01
-6.130724252638399818e-01
-1.383470700627091876e-01
6.481588302813645619e-01
-7.495760536631035365e-01
9.581261603893218570e-01
-7.884027943473124189e-01
-5.627283953389590199e-01
-2.591539883201541272e-01
1.992333348133388249e-01
7.557140737885381654e-02
-5.593382066314254164e-01
-6.664791719201004216e-01
4.926286338414249677e-01
-6.584269221931760008e-02
-1.931446253641901922e-01
-7.525330728898151911e-01
-4.336413202614242124e-02
4.737585687809575674e-01
-3.973925364095636237e-01
1.923252134889410492e-01
-1.869747217661132943e-01
-4.523100401136586068e-01
2.643093971127004060e-01
-2.180700001753523853e-01
-1.790809426907582491e-01
2.874515207367482894e-01
2.824853561071059005e-01
2.770148283288873525e-01
-3.248198687793379946e-02
4.242823012272660677e-01
8.704344435504607347e-02
2.561362864892389180e-01
-5.075683450590529056e-02
4.673907954054743463e-01
4.641626587862954789e-01
1.624743494595846105e-01
9.659486908667420657e-01
2.173696756897662841e-01
9.407546346779875890e-01
-9.762974265110528904e-01
6.879868842637606452e-01
1.379546891728744562e-01
-9.241867648415624803e-01
-5.791900311276700908e-01
6.633082173009638982e-01
-5.128267421235783718e-01
2.897999086495552934e-01
5.790034534121719645e-01
3.104587263342049042e-01
-8.405964003622952152e-01
-6.372368294621959528e-01
7.465752928315061432e-01
-1.543832906441688912e-02
9.199264937580302615e-01
-7.888639978589868651e-01
6.872079788575617965e-01
5.115602639727188095e-01
-7.700215041316849085e-01
4.835467573877336722e-01
8.507445868470715489e-01
0.000000000000000000e+00
-9.746859171209281136e-01
1.803085251257992017e-01
0.000000000000000000e+00
3.651770804578056140e-01
4.618356327849622023e-01
6.724402428970499557e-02
0.000000000000000000e+00
-8.390082247309014196e-01
-7.200513740257286077e-01
8.961964349088757942e-02
9.446862378839782082e-01
4.628413971041220876e-01
-1.910530401539944911e-02
-4.321297061361180081e-01
5.246616883603965054e-01
-9.225620868865769264e-01
-3.673096044002694960e-01
7.830198296202233177e-01
2.311138685146583160e-01
2.217192938472709596e-01
-6.849742296570417999e-01
-1.344019371372744409e-01
-6.638395472908058537e-01
6.513541728357987726e-01
0.000000000000000000e+00
2.190045756899425822e-01
-8.438166853206512386e-01
-7.144136591196996733e-01
4.976709751157137873e-01
-2.541075127267629075e-01
7.826718351639327942e-02
1.150441633846539524e-01
3.464223323574846525e-01
8.614230855569089407e-01
-4.329364948006317881e-01
-5.684276709298059505e-01
-5.953565360698309661e-02
8.335861502007486656e-01
-7.649326823854729618e-02
5.883082478265651005e-01
1.939874761430258054e-01
-3.218409157527464259e-01
0.000000000000000000e+00
-7.692456730261882925e-01
7.211287488892206277e-01
-3.339776625110979502e-01
2.585667608322459454e-01
-6.548112173905871192e-01
8.291275020707327137e-01
8.702357263380846586e-01
-3.792850407490819808e-01
-3.577512013066797003e-02
-1.987777220911661757e-01
-5.899691859037163866e-01
-5.276362324262597880e-01
7.071426076655273896e-01
-7.958485533721266769e-01
-6.967886989756553184e-01
2.266601246506396716e-01
1.384295107664783586e-01
6.559558758812038537e-01
0.000000000000000000e+00
6.560367496946593047e-01
6.867837118851423117e-01
5.580851156698700688e-01
-2.772700595784709510e-01
-4.714195764678101863e-01
8.397957755460876417e-01
2.817134171289499278e-01
7.051571092699784327e-01
-5.931549848771573430e-01
5.838929915212658361e-01
1.521993153210372540e-01
-9.304809026261655625e-01
6.103952022026464252e-01
3.368360115823818557e-01
9.862966700536870412e-01
-9.495859697948398903e-01
-4.962949967366641069e-01
0.000000000000000000e+00
-3.629511478556286530e-01
-9.422928158133423437e-01
4.541877595911691934e-01
9.916266517246956624e-01
3.433669759993511761e-01
8.489995636777221133e-01
-2.888838736088632508e-01
3.771156326497715483e-02
-6.887221048845804106e-02
-9.890136547547245804e-02
1.054742677090865222e-01
5.647397051149261049e-01
-2.170730892701204784e-01
-3.037444813000713673e-01
-9.221497157363069963e-01
-1.561513785447485869e-01
7.418651568797627327e-01
-3.865355359159183823e-01
-2.266799377005546123e-01
8.869248167826022655e-01
4.520808027960814268e-01
3.678763553172286205e-01
5.880392433729697554e-01
-6.944510349860544274e-02
-7.797539935933894828e-01
-9.462946702534364984e-01
2.271946855834214851e-01
-9.142585569955798963e-01
-9.424366623131337217e-01
-7.211647228231303774e-01
-4.656095607070016573e-01
2.778938803593908879e-01
4.668713875165988458e-01
-8.656940400075643360e-01
6.252233447317723236e-01
6.788235109382974031e-01
4.619079999056614483e-01
-9.463060407711239019e-01
5.149786887953828884e-01
-8.035868490872033476e-02
2.994512500217805240e-01
3.736895029999516282e-01
6.465496981188125769e-01
3.014690150853012174e-01
-4.932293364743123298e-02
2.921752654540488159e-01
-2.380216907489947076e-01
-7.632509445789550373e-01
-5.962322170823419754e-01
6.399756093152682013e-01
-6.278461851707386465e-01
0.000000000000000000e+00
-5.792758483737554531e-01
-1.343644341027268041e-01
-1.393218739565214026e-01
-2.040580130740128340e-01
4.695728312273552696e-01
-8.284427146144957010e-01
3.729606984717594997e-01
8.196528177515969293e-01
-4.072284068790736900e-01
3.766495299839882627e-01
-8.815236051464028222e-01
-7.573509163693907809e-01
-9.190629115379214120e-01
9.691512962130401920e-01
5.203695276414781468e-01
2.922354674705427424e-01
1.157940715496907913e-03
-7.394412127877769692e-01
7.671974001592800629e-01
-9.628786695238145121e-02
-2.707550262396012375e-01
8.043869077458272177e-01
-6.216264143542096221e-01
8.909469604088857686e-01
1.506118796846160901e-01
-6.885606065570037959e-01
-5.364060917399218198e-01
9.651420717031495844e-01
4.031895661495139560e-01
3.304344445315978707e-01
5.404701056475493814e-01
4.461955746639667542e-01
9.193915100869933799e-01
8.526870502865846468e-02
-5.007706129896003500e-01
