-9.849649319576911366e-02
3.516346734196895141e-01
0.000000000000000000e+00
1.728305327844301964e-01
-5.598838015503466714e-01
-5.235216231227475536e-03
-6.217635300710557811e-01
-3.496146661513269693e-01
0.000000000000000000e+00
-8.633656033984123956e-01
-1.112154655374212736e-01
3.229206660584326150e-01
-2.690434624107495426e-02
-5.150124391777636257e-01
-1.327079779759929301e-01
2.105394450572523335e-01
-4.072904564625885460e-01
-5.153552027842993322e-02
2.370135494790234221e-01
2.850098409418833079e-01
2.803576778717474793e-01
-4.071412751582581535e-01
3.477284334454919246e-02
6.081938184743002074e-02
6.173050662707373348e-01
-3.598691146873830293e-01
1.509756447284238412e-02
4.047350048913989085e-02
5.217297642379634670e-01
7.602687173342140836e-01
1.515527737294328769e-01
-3.801050809327539137e-01
3.556658253757459809e-01
-3.511872796181424450e-01
4.278478203790154755e-01
4.262011902101843219e-01
4.951370013215448673e-01
-7.844505327074337009e-01
4.554886915315202733e-01
-9.156611597739550135e-01
-2.770197805379657763e-01
6.327091849019055303e-01
5.208676576799315949e-01
-5.437484897594124789e-01
-8.411485263795634992e-01
-7.949389237307986633e-01
-4.323236835533291605e-02
7.162632352130704483e-01
-6.731474921372051501e-01
4.411478380306073643e-01
7.805111499062019620e-01
-3.560707878399124171e-01
-4.415038917352597236e-01
6.794415394473604652e-02
8.193742219674510219e-02
-8.041624156106568222e-01
1.572291230583306720e-01
7.136091866363591940e-01
5.335545444770539714e-01
2.981332453634665258e-01
2.135165215534743643e-01
4.295489272449666829e-01
6.621714258026258904e-01
2.566960426174475507e-01
4.411607743465499887e-01
-8.276935469779585913e-03
-3.357100429601285185e-01
9.584414461660416273e-02
3.999748071639678826e-01
-2.663738001710845293e-01
6.913384244239147991e-01
0.000000000000000000e+00
9.734432160754090679e-01
7.516389323815771961e-01
6.565262206205542128e-01
5.497231160556864671e-02
9.262030644965917048e-02
-1.419148300599590296e-01
-2.064993324726164814e-01
-1.950721519054592346e-01
2.206775028540619854e-01
4.920646558796353820e-01
-4.911614704632596973e-01
2.579009568127117458e-01
-4.695585398205783245e-01
3.937592121695937530e-01
0.000000000000000000e+00
2.926749458953227245e-01
-5.197488952353794822e-01
7.540579228628376818e-01
-7.874560053529762182e-01
3.200667320632071822e-01
2.284909447331353594e-01
7.388507715132569542e-01
-1.786251024300720969e-01
6.691455665180666423e-03
-9.287414924098030822e-01
2.219883633105576917e-02
5.362972774028484935e-01
1.551050621035007238e-01
-3.589903967508967231e-01
-2.969451777686614169e-01
1.713022250108499067e-01
1.231210721686318565e-01
-7.922666149449750783e-01
4.342649725074054778e-02
7.410577909699711530e-01
-7.110365402225414799e-01
2.119589194995430137e-01
-2.527653326431989478e-01
-9.468076847766390691e-02
-7.341270351637645408e-01
7.549134215152404626e-02
-3.897613338727294319e-01
5.272014651746599334e-01
8.099341011504226917e-02
4.733400323918873775e-01
-5.083428948904602507e-01
-2.254279529975325158e-01
-4.836234720297983847e-01
-3.447825020212330061e-01
5.871071551871011041e-01
-4.412459791155530775e-01
1.608440115263998771e-01
-4.720591773102982280e-01
1.722661431614479488e-01
8.435109599693280114e-01
-6.541542816244357850e-01
1.267052957817023096e-01
2.654004947682916393e-01
5.472798109371329600e-01
-6.524157199195934620e-01
-6.531448100685101066e-01
4.749678306128333749e-01
-3.985339682956748342e-01
6.078839772310016265e-01
-8.548989219032163134e-02
-7.879152912833136124e-01
2.851937973519577674e-01
5.427605421196080027e-01
0.000000000000000000e+00
4.131329370910730159e-01
-2.833043987573141687e-01
-5.059866349645748551e-01
6.664999557202649916e-01
4.107172733965839262e-01
6.075700251723999135e-02
4.565084113778310193e-02
5.602509578842685967e-01
-3.606085280398531601e-01
-3.322344505851426710e-01
8.517395366780100563e-02
5.005815625042338013e-01
4.394619183189102385e-01
8.043319817532872396e-01
-7.137851350757820068e-01
6.453390513923500382e-01
-5.398398347636239603e-01
1.765752787972721949e-01
-8.998508099012809680e-01
3.796062883443379610e-01
-8.443314735422659256e-02
5.003282752333690908e-01
1.708154064771516267e-01
2.019884973156153285e-01
3.068000035044577412e-01
-3.284537082840557343e-01
4.959058021251915305e-01
5.215172641925220898e-01
-9.291315226385608028e-01
-8.228738242400061020e-01
3.863274640144487848e-01
-2.734763606518316736e-01
-7.672135139978026874e-01
-1.168863385989765274e-01
4.287754382895409555e-01
2.357627508244406755e-01
3.502195970284350396e-02
-4.844917988938404196e-01
-3.176955569022982817e-01
-6.273270154707047963e-01
0.000000000000000000e+00
-4.425340822635808191e-01
-3.027513103765516744e-01
0.000000000000000000e+00
6.194194053361844476e-01
9.839031430869726869e-01
-2.745518231514355034e-01
5.126330771526943497e-01
-1.157411391744597173e-01
8.741832501441457182e-02
2.596565420067977192e-01
-3.055104546459735948e-01
3.293632544935201634e-02
1.303888773049939054e-01
1.212784411500715184e-02
-6.523723241169701037e-01
8.269456087520172805e-01
-4.540608074266553884e-01
-4.790965149300647763e-01
2.854696647968998358e-01
-3.189300610557376237e-01
1.247762265493269074e-01
3.022965303146302185e-02
-5.600601327136790486e-01
5.743426275141867710e-02
2.360992949104875060e-01
1.717894371637339324e-01
-5.899172076975875978e-01
6.840165011648070559e-01
-5.943535670679128691e-01
-2.208517827795103139e-01
3.645931328419685369e-01
3.689044198429859978e-01
4.194818984174968346e-01
-3.577152975792216583e-01
-1.085294171935771192e-02
-4.996161999115455998e-01
5.871784528282804061e-01
4.280054664026888278e-01
-7.485427803271759162e-01
1.474111543638341737e-01
1.365997301102604422e-01
-3.738239171336817379e-01
2.912318405083625938e-01
-3.832727495937262585e-01
9.195170587040166765e-01
7.937051991464645351e-01
6.582855630173672923e-02
-7.233616078504294666e-01
6.269887713897069892e-01
3.512140075512409920e-02
3.637494593596626857e-01
8.684670081032109801e-01
0.000000000000000000e+00
4.410046856708492169e-01
-5.074853127133764907e-01
-4.050453753324482764e-01
4.077907805772235106e-01
-6.130136543743689437e-01
-8.106235197335429632e-01
8.151406812833680293e-01
1.829468832937243272e-01
2.362686726031206497e-01
-6.056747443435067657e-03
-7.812806197106174355e-02
1.270503864571778940e-01
-3.108942986277333231e-01
0.000000000000000000e+00
-4.556694679352089605e-01
4.655392227833592411e-01
-4.447602739803927507e-01
2.290934360872486086e-01
0.000000000000000000e+00
-3.627746593046012880e-01
1.666023932987513168e-01
-6.043165749066452541e-01
5.865887702424171790e-02
8.212116952212482335e-02
6.605039437180562079e-01
-5.859023295889903560e-01
2.554889584751221694e-03
-2.667697281980060953e-02
-1.620427715558824810e-01
2.631633737250872462e-01
