-2.037669412515224696e-02
3.636590258317637381e-01
-3.510627782139025821e-01
1.689932692215639909e-01
-4.788608466825305943e-01
-5.568349598958879237e-03
-5.499106030471766493e-01
-2.117122612076559884e-01
8.057195010533610077e-04
-7.147438296554312620e-01
-2.940321351990500820e-01
1.800922978598636925e-01
7.293901417792897704e-03
-4.149133326857953885e-01
-5.729935003946071831e-02
5.958019978950932632e-02
-3.818081919194245000e-01
1.942660055044559408e-02
4.007608132342222601e-02
-1.957958800016109113e-01
3.419773212218672476e-01
-5.589410107123959914e-01
-6.541387030213700882e-02
2.142779845324747079e-01
3.773210993910787181e-01
-3.959033198408379861e-01
-3.351261626753097023e-01
-2.894644954760504027e-02
3.594354369145107975e-01
7.567747456501107139e-01
-4.061741707785668232e-02
-3.765369972643903274e-01
3.764313131369444454e-01
-3.692857031268501067e-01
2.592120183427090718e-01
3.954009039418318605e-01
3.506070396680660006e-01
-8.648266173931998813e-01
4.647222737617517918e-01
-9.270953774684802529e-01
-2.756017439228067301e-01
6.677185873382820436e-01
1.155672305038323439e-01
-4.515788177844873852e-01
-2.042122540474167192e-01
-6.848583565461100475e-01
-3.293712225439104913e-02
7.099532292106712772e-01
-6.953104171277613155e-01
-6.043549382364600542e-03
7.586840385360151817e-01
-3.067901223363166396e-01
-4.901751022735414409e-01
2.089021412365007768e-01
-3.856663770346965836e-02
-5.538067382746081346e-01
-1.846863545670068829e-01
9.027858997773975658e-02
5.371334010798106684e-01
1.546598468131608617e-01
1.953378056921730443e-01
4.323761497196663695e-01
5.346154373625923162e-01
2.063407095262204671e-01
4.046818021457286862e-01
-1.911042480449104408e-02
-1.865800660255136911e-01
2.423051695853054299e-01
4.295079952185155148e-01
-2.411189836126236274e-01
7.116805288776795191e-01
2.054934198709823523e-01
9.105265361363350518e-01
4.710599157963052570e-03
6.526346598033645474e-01
1.941194754366287190e-01
-6.924816409207622259e-02
-3.323538036236949877e-01
-5.810086591432143122e-01
-1.996585123008797480e-01
6.252169648093439669e-01
2.825794457322706732e-01
-3.385677540745956060e-01
2.608245977603668719e-01
-2.358036682021840691e-01
4.038583437808067056e-01
-1.421856330337182839e-01
3.369846874927838187e-01
-4.978194282207285548e-01
6.796742303968188459e-01
-6.278832963570399883e-01
4.434664209110034117e-01
-3.767917946255500833e-02
9.455420149997534329e-02
4.876454209896805558e-01
1.654359917014014761e-02
-7.012281931323449680e-01
1.321168309200222990e-01
5.184165001922120819e-01
0.000000000000000000e+00
-3.653400416950032259e-01
-3.176256493708817796e-02
3.524850721387949304e-01
-4.369162789847826252e-04
-7.948640406032896344e-01
4.423399473102915952e-02
7.561327199704710456e-01
-7.422602297558474893e-01
1.843610187160887037e-01
-2.547869995254262165e-01
1.059992342106187840e-01
-5.074517574706365330e-01
1.424625864320206159e-01
-6.869087004459845103e-02
4.773613052099103804e-01
8.073453410201536506e-02
4.552205662218204441e-01
1.610376647684623741e-01
-1.150019782639675470e-01
-2.491635798692780068e-01
-5.801395178940471631e-01
2.977470341999094994e-01
-5.735130629422694470e-01
2.811701316713234311e-01
-2.484897898302244057e-01
-2.073720208781025878e-02
8.664614473277931772e-01
-2.424033343518512129e-01
1.228518400321043230e-01
-1.299398376306917235e-01
2.692251073946778650e-01
-6.546597920540276894e-01
-4.713281519370217665e-01
4.278483306694441657e-01
-3.039446386748896334e-01
5.084820404920044057e-01
-2.712284121000423792e-02
-7.185582272179822372e-01
2.074170709387571365e-01
5.350675154972135417e-01
8.117781613741079094e-02
3.746086352222901539e-01
5.253267440377998865e-01
-6.533247450187172900e-01
-2.721871275657551312e-02
3.417852821379496753e-01
2.085531533667215609e-01
4.606105457726009968e-03
1.591895024337232623e-01
-1.262184768618926090e-01
-1.274259573731373052e-01
0.000000000000000000e+00
4.897761856868496633e-01
5.216986358431254800e-01
8.073322743310628047e-01
-7.021584452851271640e-01
5.545807893226445406e-02
-3.022655731979541072e-01
5.455162566994212897e-02
1.110489880906602965e-02
5.306301043671692863e-01
1.467578978901856214e-02
4.660626605888523732e-01
-3.806915850827795600e-01
1.769972186309430318e-01
2.802366320680925171e-01
-5.295203270964868869e-01
5.758553243764789054e-01
5.270111484574866410e-03
-8.300858377432311919e-01
-8.236978359683713169e-01
4.384938470510617581e-01
-1.938725728886029620e-01
-3.402023573212636931e-01
-2.942138635801141641e-02
7.667198904370736701e-01
2.530449052739126015e-01
-3.954282598014353944e-02
-1.181865744555278715e-02
1.380087529535878876e-01
5.254061730397879132e-02
-2.188486227388421745e-01
8.717361424045635965e-02
-1.975419016185416821e-01
4.142020354546471078e-02
2.688191112331420607e-01
9.378885626554021027e-01
-2.533998573243547714e-01
4.386335680610123910e-01
-1.254865194596024303e-01
1.910852335617675701e-02
2.638725109834365590e-01
-3.785737443041069517e-01
-5.818512169452781657e-02
8.358480347336301464e-02
9.918327396789737571e-02
-5.572022487993034678e-01
6.446307173625227538e-01
-4.197296574447258455e-01
-4.471719511285019433e-01
3.289032113994446171e-01
-1.278620166482802023e-01
1.603466608882870570e-01
4.313756262835102273e-01
-6.096057908298594397e-01
9.101871637234167436e-03
3.472876793153102659e-02
-1.147959022970609089e-01
-3.418147054617444724e-01
3.430163994340820199e-01
-6.418997309767642268e-01
-1.753470029116904194e-01
4.203585744943365565e-01
2.679126694723783092e-02
4.055485102047842183e-01
-4.700999717164427993e-01
1.159816354557812249e-02
-3.598898521822196384e-01
5.124982708706794510e-01
1.366342758472192942e-01
-5.576046462473198684e-01
-2.844436736461511961e-01
1.324066988409090539e-01
0.000000000000000000e+00
3.498970628819067508e-01
-6.764501752199814089e-01
9.202569121921702067e-01
7.826086182418152681e-01
-8.568121886879359606e-02
-7.544475210893781814e-01
5.877027008151146648e-01
2.682314907841109597e-01
3.840014228853498857e-01
8.796257922403117879e-01
-3.097676422022804243e-01
4.372424782536697974e-01
-5.426806884531371056e-01
-6.008786878646145135e-01
4.225328626504075147e-01
-4.828751707176117125e-01
-7.747255400943030557e-01
4.977244793597749850e-01
-2.085940554310991291e-01
2.157017920131394928e-01
2.491371617387055371e-01
-1.103166813561655552e-01
3.219412504650889240e-01
-2.462105616340409808e-01
-2.971176274519413130e-02
4.185935881415289717e-02
-2.920134644377694877e-02
-4.529083501483718299e-01
5.397464480092041550e-02
-1.311392315749279336e-01
-4.902160044238820236e-01
-2.434343780911746302e-01
-5.959691999905464277e-01
5.205938708648633062e-02
-4.179798623171751548e-02
6.907290592164267995e-01
1.696766728515037778e-02
1.372433170545189589e-02
-1.150197134679332815e-02
-1.091539849050599392e-01
2.458835714437205278e-01
