-6.335750790627785456e-01
-1.216946490982144802e-01
7.564856660784264886e-01
-6.545248651996791178e-01
7.636654081040017417e-01
-5.421920687435410890e-01
-6.714243385478377846e-01
4.529215663340102616e-02
-2.470669806630132470e-01
-2.741978843416130740e-01
7.409779978411468182e-01
7.481069987423829559e-01
5.689880865667431564e-01
9.300473522101380119e-01
5.760945201671554550e-01
-4.716245622251569181e-01
-1.221633936695938338e-01
-1.843440021719340294e-01
9.631324922532533694e-01
-2.469141626635231734e-01
5.423656201413795674e-01
-5.138990392515432326e-01
-4.042710375183096172e-01
-2.917307017925960810e-01
-2.722732238855121167e-01
5.129739489461353497e-01
4.347186815505275082e-01
5.976287218049152195e-01
-3.919387051776392905e-01
3.299980615234612280e-01
-1.158095964841734382e-01
3.921361090933386251e-01
-4.090713828969712029e-01
-6.558448510206738025e-01
8.974405744734663681e-01
-7.381667683515740208e-01
-1.965127244125437489e-01
-8.052297463102333630e-01
-9.182626130839921519e-01
6.773383941829436150e-01
-2.034650552991634775e-01
3.815780129535895071e-01
-8.209820823888365204e-01
4.679843046177443178e-01
5.517565114400411197e-01
-7.545506707051494732e-01
3.865227401551147857e-01
-6.449785646387411475e-01
9.052280615950440978e-01
6.531553879042910626e-01
8.240424428609487428e-01
1.619469925543277622e-01
-8.842104448159944230e-01
1.628222360472748598e-01
-2.746324976305793975e-01
5.907641012209010611e-01
-7.865567986372350440e-01
3.161555255873071957e-01
3.774809625261388302e-01
-1.365275300526758162e-01
-3.227544858477666700e-01
1.030584392951960915e-02
3.595367751263784939e-01
2.355105421177823288e-01
-6.758671057876479704e-01
-6.721091380632708834e-01
-5.472482246282006635e-01
-3.942471530573277150e-02
4.338427206940362879e-01
1.669852254356454235e-01
8.850959020977346992e-01
-1.389649390941556373e-01
-8.155909190865222591e-01
4.444971725393611628e-01
-6.526308860133684941e-01
2.917933789288973401e-02
-5.298532504121953313e-01
2.994433062729082717e-01
8.090019894085425101e-01
-2.708955598985651747e-03
8.729855343583248217e-01
-4.536312234805286447e-01
-8.163576886728247661e-01
8.306476739498021011e-01
-8.689014359109437091e-01
-8.242636209756448729e-01
9.669536239568454761e-03
2.580793960546763355e-01
-6.675974074078516729e-01
-6.171749871585032743e-01
3.710964796575413338e-01
2.294581109456410584e-01
5.486206311419850046e-02
-8.960438548456410857e-01
-6.250294468466630615e-01
-7.035378531319498308e-01
4.838806914693132288e-01
2.913406806983287467e-02
-2.787886095175073908e-01
3.572429702244697136e-01
-7.286556912965156396e-01
2.727606253366015032e-01
2.871392766003566521e-01
2.103481510155176260e-01
-1.304179028869294488e-01
-5.444919488191697354e-01
1.118418027907126522e-01
-2.710961120715609241e-01
1.339782919399636896e-01
-3.556270260412235373e-01
-6.717702526342330671e-01
-9.547353621814893554e-01
-2.262951798572208073e-01
7.546020435115456948e-01
4.771317737527647207e-01
1.127005052617799929e-01
-2.019292770718721375e-01
7.158690224969304072e-01
-2.568076721529555240e-01
-8.866596160204665011e-01
2.101208742226650106e-01
-6.779122070903358388e-01
-1.465124472125081123e-01
7.291077101961245255e-01
9.701457643425548394e-01
1.166127225300266357e-01
2.691725973585243903e-01
8.578682399160182381e-01
8.385600610917924858e-01
-7.102357270975798720e-01
-4.296129218971773689e-01
-8.826184909496372910e-01
1.640822209670373955e-01
2.016376629646088325e-02
-8.996436039689095221e-01
1.124797732669848838e-01
4.028775152661965286e-01
-1.366306481338968037e-01
8.437212087019874129e-01
3.848971013301623056e-01
-8.046549304838461758e-01
-8.774581873270197452e-01
8.133023548892723831e-01
4.117551718674963279e-01
-4.599231817086670837e-01
-1.517183450168189118e-01
4.326628077680605422e-02
1.025712695997360591e-02
6.123548020353992705e-01
-4.730724226657463394e-01
-3.491549559060325159e-02
-7.794590375400114457e-01
-1.641552917479676132e-01
6.421756695460183462e-01
-6.741596733098831340e-01
-1.694759964530985208e-01
-5.337587353605399709e-01
7.522890801190391663e-01
-9.834125786177370099e-01
3.706660161780186424e-01
1.326177106571591047e-02
-1.229578580479651073e-02
-1.490841471973751720e-01
-4.280466930014277249e-01
9.237036807460818899e-02
4.522728573949590380e-01
5.338263364926725263e-01
-1.837309339194519442e-01
-8.547860163148033319e-01
-5.691134652983009801e-02
7.349305738398794752e-01
-9.975046384556869317e-01
5.798903449185981440e-01
5.475278676063959349e-01
9.955584756512347866e-01
-5.374121019235582608e-01
2.106122072254559274e-01
-1.380505954504174237e-01
1.513429122637366397e-01
6.348338736366176960e-02
4.948121252691028982e-01
-9.548870616142777212e-01
3.908121574077916272e-02
-2.336435518911175180e-01
1.175105996352769910e-01
5.486359942370910847e-01
3.853566330281334995e-01
1.688722577575667572e-01
-7.153209900255914633e-01
9.804833844947988819e-01
-1.528244866037060667e-01
7.248235267908853530e-02
-9.446577594653615684e-01
-1.452149558236226490e-01
7.411240284213957974e-01
-4.969864844934483994e-01
-4.359166737316537699e-01
1.342526098661862566e-01
9.026530146847371316e-01
-4.418712448116055569e-01
-1.287047962604179752e-01
8.959472067582381349e-01
4.563301699792685628e-01
2.061449363100700261e-01
7.038383418731961605e-01
2.521419918599199228e-02
-8.374888820997616889e-02
3.510453032292386588e-01
3.405265473218654915e-01
6.055905792019304901e-01
9.832773122778728503e-01
4.306481222061897540e-02
-3.077623216720370980e-01
5.310478455551224108e-01
-9.932865010197196032e-01
-4.727732122975165652e-01
-9.779550191880947985e-02
9.981990712785022701e-01
5.686313885999476625e-01
2.327504154620927412e-01
3.647688026139317419e-01
8.294086665996469598e-01
-3.995694049497158229e-01
-3.183832161801409821e-01
4.174275093103112511e-01
3.764286994678374132e-01
7.402842464141128342e-01
5.380437306411227638e-01
3.346355466600006157e-01
2.060349938042307372e-01
-6.169325018761728785e-01
-7.301190654367946120e-01
7.292539715246380005e-01
-2.223982951918266338e-01
1.481882801585319154e-01
1.732330175484788626e-01
-1.124861691495993021e-01
-3.176773461546340549e-01
-3.426941364128410772e-01
-4.591402419756771547e-01
-7.381749623380384762e-02
2.522504148594153506e-01
3.725759806005624064e-01
1.708819842536803968e-01
-4.255331854265189673e-01
-2.377767855134660380e-03
4.179476661904764079e-01
-6.896530897511359282e-01
-7.997021693433048473e-01
7.303803913322590713e-01
-1.029660965581116194e-01
4.817231991807604530e-01
-8.902940251050357467e-01
4.762920219850392822e-01
-5.073670861743011518e-01
-3.278769989417715802e-01
6.548471441338739041e-01
2.211160021521287877e-01
4.237854901665691898e-01
-9.887491991687662463e-01
-9.267297574727169085e-01
-4.785344094923160707e-01
-3.191715111815840444e-01
-6.043920234580451023e-01
-1.534559738339404955e-01
