-6.063283422309003606e-02
3.672849993773063537e-01
-6.567321232677754139e-01
3.699393924741135598e-01
-5.746795166968178270e-01
-8.283909446550388744e-02
-6.702113728708132268e-01
-3.941043464823926756e-01
7.199210140069339098e-03
-6.670927973842770697e-01
-5.319836121581463795e-01
1.655983426096144240e-01
-2.882095646402613176e-02
-5.525299202082056826e-01
-7.461381039832118423e-02
9.595205424559109797e-02
-3.637195245030451218e-01
-5.074847377980535867e-01
2.399548144630934132e-01
3.851907832235222373e-01
2.638824314522041914e-01
-5.519744773491959133e-01
-2.664360698720599774e-01
2.613073787174605145e-01
6.233324681634999642e-01
-3.966415484420133808e-01
-3.659033198034205014e-01
1.421296695894982975e-03
5.495313368211104388e-01
7.816337028808945098e-01
-8.600177725197420686e-02
-4.786405214145873499e-01
4.582548681384560618e-01
-4.387529851414703197e-01
4.016753553576373204e-01
3.933425432652166709e-01
5.523742203777897153e-01
-8.646077978265094277e-01
4.885945441089704078e-01
-9.198293191141875269e-01
-2.763066743854118990e-01
6.879922194227121590e-01
5.093694928977554603e-01
-4.590771624836222919e-01
-8.759344676454269285e-01
-7.947851817900416505e-01
1.080406116122821641e-01
7.242130150441575820e-01
-7.034669280796589375e-01
3.027104855029504327e-01
7.919499092161437215e-01
-2.217413277616916978e-01
-4.649038109400219221e-01
3.367962835549508371e-01
-8.080335565433136025e-02
-7.527130226059846052e-01
0.000000000000000000e+00
7.786661073249085963e-01
5.702570591446352033e-01
1.487251826772426899e-01
1.948180793320750115e-01
2.437854713627511660e-01
5.690593345587090512e-01
3.423355806499017162e-01
4.183662409450243369e-01
-4.272750021908047063e-03
-3.107922658227081913e-01
2.630225610858390461e-01
5.032822399108524136e-01
-2.644596218166840873e-01
8.312651668420540929e-01
2.330942599794567915e-01
9.680359354746040923e-01
1.638148304067360908e-02
6.528089000614916149e-01
1.859745170117892699e-01
2.109087852285326109e-02
-6.406628248039956119e-01
-6.259428595146395713e-01
-4.331643235396058222e-01
4.971436853658362520e-01
2.876932430381357597e-01
-3.563538933379426510e-01
2.472344972726343293e-01
-6.272883224614899111e-01
5.202553048051727913e-01
-7.848744873352693496e-02
6.510806062689188378e-01
-5.216247463157186459e-01
7.538846429318046827e-01
-8.022766729438379762e-01
4.644930940437262956e-01
-1.259118905192891935e-01
7.186621477542802783e-01
6.284000738369445171e-01
1.570187052213786738e-02
-9.309098915259952367e-01
9.182086742207652003e-03
5.240392385492943506e-01
0.000000000000000000e+00
-3.613718808977611219e-01
-2.670746472336715804e-01
5.399678169598187694e-01
-2.951435068249389296e-03
-7.970360559513293142e-01
4.493439355648317507e-02
7.904142146999930674e-01
-7.860534680063127055e-01
2.090008553701006577e-01
-3.381460574264702479e-01
5.128445835666222558e-04
-9.519326396401489587e-01
2.320854201936796146e-01
-6.804720226193558541e-02
5.116902105821240498e-01
8.109587297143795726e-02
4.520434972703479271e-01
-6.026273582803260975e-01
-2.227719417071498398e-01
-5.100203294862537540e-01
-5.709020176633270438e-01
3.893734707436137255e-01
-5.840721834160973458e-01
6.866628750127070635e-01
-2.612089035888581212e-01
-1.727490563588889722e-02
8.895662402160021687e-01
0.000000000000000000e+00
1.310531841489236959e-01
4.094773917355665205e-02
6.762592115926400194e-01
-6.544680767398348697e-01
-6.539807680667240053e-01
4.776280675172518420e-01
-4.724465999034743180e-01
5.089700657418693153e-01
-1.975381707031662049e-02
-7.667346140066062521e-01
3.368264180017265796e-01
5.364046863942114607e-01
-5.621074228012454960e-02
4.248107153641735856e-01
-1.325127506677993283e-01
-6.625474602154463044e-01
-3.741325385216820454e-03
5.229190545360192788e-01
1.534270237535720893e-01
1.234981553971349622e-02
5.219225186622401536e-01
-3.565161170274885882e-01
3.436033735773004194e-01
0.000000000000000000e+00
4.872808119289306350e-01
5.354685535181156197e-01
8.360766259801690747e-01
-7.618334125349681685e-01
0.000000000000000000e+00
-5.357623012001491158e-01
2.045926931176558772e-01
1.512993237692039465e-02
5.403551291703843074e-01
0.000000000000000000e+00
5.004906417551999720e-01
-5.570316190004070966e-01
1.093912152391299519e-01
4.494209841428722374e-01
-5.880964179045757856e-01
7.017288567709808467e-01
0.000000000000000000e+00
-9.224845338570552000e-01
-8.238733737636437793e-01
4.721393476967177261e-01
-2.824198426163074815e-01
-9.064394936129872571e-01
0.000000000000000000e+00
8.360022912699496267e-01
2.583942537533049366e-01
-5.094883631417222725e-02
0.000000000000000000e+00
-3.140532061345451265e-01
1.346845132838173642e-01
-7.748055239173752273e-01
-1.109388174198002869e-01
-4.405183645916530555e-01
-4.240878949128099734e-02
2.601661346721180212e-01
9.889310553622887578e-01
-2.955690500717147451e-01
5.094997085150140270e-01
-2.248767045229994044e-01
2.748515088376974891e-01
3.031852770473562053e-01
-3.807343633646383951e-01
-1.899880247420446533e-01
1.353737660238115703e-01
1.204372895499656974e-02
-6.006271502329453282e-01
9.163024626064592004e-01
-4.203349560471160151e-01
-4.506202626426525359e-01
2.896351644835575279e-01
-3.199110523443105536e-01
1.885219620307730937e-01
7.123241256941021948e-01
-6.810546607993668289e-01
4.700496902919293341e-02
7.587963521911209042e-02
1.086488664706498769e-01
-2.272149250431503564e-01
6.910996269712237350e-01
-7.562545143928889324e-01
0.000000000000000000e+00
5.229280292134680375e-01
-2.686085751217969220e-01
4.016223232593402193e-01
-3.560971440061375670e-01
-2.100013622904027197e-02
-4.362801281438811740e-01
5.640877928822860543e-01
4.402332310705764362e-01
-7.267296803440063124e-01
-4.146462467090121784e-01
1.331330785013663254e-01
0.000000000000000000e+00
4.079321983014511654e-01
-6.993555307351545514e-01
9.530392618460163945e-01
8.181486800629318434e-01
-1.047644986579499976e-01
-8.369810114706373039e-01
6.830438664083413602e-01
3.227638132643046998e-01
3.918882370309405005e-01
8.879073929738046100e-01
-3.940444278534309674e-01
4.286920397822326922e-01
-5.873147326395843359e-01
-6.324039099009126641e-01
6.806038856460820963e-01
-6.131210520640124617e-01
-8.080519143134445859e-01
8.145460049555406368e-01
3.407392452915366521e-01
2.874038291877750173e-01
3.527606814057113738e-01
-6.469470840995555916e-02
8.503423579610500105e-02
-2.749778875711156867e-01
1.344780100058967365e-01
-1.532829137038536071e-01
2.097743338710857386e-01
-4.565569197729415496e-01
5.029552991975234921e-02
-5.462433099842091133e-01
-5.341585962441408597e-01
-6.819876351743269227e-01
-6.201285870132444700e-01
3.583871969955208792e-02
4.462094610468867080e-03
7.096500719365513854e-01
0.000000000000000000e+00
2.362206159353990882e-03
-1.073146501551415499e-02
-1.700002434858121081e-01
2.929925311293356538e-01
