-8.437043151160113913e-03
2.663686876303686946e-01
-7.829277599549631927e-02
-9.107564071886009582e-04
0.000000000000000000e+00
1.467567791374622399e-01
-4.154049014301906539e-01
0.000000000000000000e+00
8.115321757595514440e-02
0.000000000000000000e+00
4.007209876788628972e-02
2.619403910216885345e-01
0.000000000000000000e+00
-3.950690003538274986e-02
7.370067359650255001e-02
-4.890273009800584492e-02
9.393293430684454548e-02
-1.583715673197418350e-01
4.861058202492628266e-03
5.779206411133501475e-02
3.560122712080065477e-01
-1.563867179494315973e-01
1.000000000000000000e+00
-7.403155218787275116e-01
3.230418149676124728e-01
-1.306575957138930537e-02
-3.935293053884890424e-02
2.046907869216003650e-01
4.219439979564306720e-01
3.279745977759321862e-01
0.000000000000000000e+00
-2.750317335299201082e-01
0.000000000000000000e+00
-8.546728967397859700e-02
-3.992413917463807360e-01
1.822761193884234188e-01
1.519206581255592159e-01
6.704705994141337833e-01
3.486075257681348072e-01
-7.596101486996675867e-01
-2.119905181778050096e-01
1.600942579221460715e-01
-3.264428359426494453e-01
-4.222491013948346250e-01
8.395109184690144333e-02
-7.058317915842580170e-01
-8.623050841864882132e-02
9.046319306470615440e-02
-5.688349665715282111e-01
0.000000000000000000e+00
6.012842519708421207e-01
-3.939702101973916459e-01
-2.835227230963028866e-01
0.000000000000000000e+00
1.843688558262438978e-02
3.684661280527300187e-02
-4.333403684496954233e-01
2.045286958475969197e-01
5.070883493584978918e-01
1.706895731331452559e-01
-2.075546188496543432e-01
0.000000000000000000e+00
2.348742588850512292e-02
3.966654918482179909e-02
-2.984269080026868970e-01
-4.142511012956132666e-01
9.618339034717858504e-02
3.537951781665226170e-01
4.997210614996617783e-01
-1.196978333868954358e-01
4.919769821979972924e-01
-1.262079174403196377e-02
3.061586280642766139e-02
7.201032366238917515e-01
5.191590723720288514e-01
2.665395825051155021e-01
-3.193150228353729969e-01
0.000000000000000000e+00
-8.456469638510874520e-02
-1.079592351418734997e-01
1.376582872605863761e-01
1.090163704271165934e-01
-3.006828926015556736e-01
2.579545103922264992e-01
2.430623060122655277e-02
0.000000000000000000e+00
-1.432934362257443084e-01
2.980982775748805547e-03
0.000000000000000000e+00
4.001303901628266990e-01
-4.388003876213429910e-01
1.277470813550599660e-01
-6.048637626242889254e-02
-7.693286816422587049e-02
0.000000000000000000e+00
-1.212987168359046519e-01
-3.045543963042208202e-01
3.016248165277430893e-01
-2.123012141689104293e-01
7.774352672556505972e-02
-3.075160530338216791e-01
0.000000000000000000e+00
5.833086440525392380e-01
1.840124209032481528e-02
-2.386869706673587499e-01
1.368663086431031739e-01
3.100123624398757327e-01
-7.266157594236506423e-01
-9.942248429158470624e-02
8.863041347033204231e-02
1.625155091445189270e-01
-2.974464590232959171e-01
4.079588851657940385e-01
-1.206653298911775640e-01
2.427446888907862643e-01
1.758523447109845428e-01
6.131934457589700849e-02
2.262337208421519308e-02
-3.738198150931443253e-02
5.794942210341300082e-02
-1.135984635408300580e-01
7.531498696264861403e-02
2.351381246889833465e-01
2.558113741944458841e-01
-2.309235224698255595e-01
0.000000000000000000e+00
7.996577556581274671e-01
-3.990851953615406345e-01
2.823443422156734495e-01
-3.531762578803850916e-01
4.422607988196838869e-02
-5.342684511294378824e-01
-1.646892200358021641e-01
-2.721980483824881780e-01
-4.603879070345590074e-01
1.877941124628110248e-02
-1.449755895236815861e-01
1.114665777053397283e-01
3.480853207595310250e-01
2.194672728105332427e-01
3.386628995623597871e-01
-2.244725585429938330e-01
7.813310385891661380e-02
0.000000000000000000e+00
-3.871996903322899586e-01
1.011354189694505523e-01
3.387868826721892046e-01
-1.614589592451808747e-02
1.137544392996924919e-01
-1.084777227051136328e-01
1.849420702734986544e-01
-1.362889892691080962e-01
3.877282936073837005e-01
-9.562921322435129212e-02
1.584234739583254004e-01
-6.817611107404094595e-01
3.062222482331248830e-01
3.328719585417370952e-02
2.445065875886980322e-01
-5.261088288593986917e-01
1.280753805184907113e-01
-5.662755900658936192e-02
2.911351977543971681e-01
7.214797909506187601e-02
5.069415812240971597e-01
-7.373309484320764162e-02
-3.369914135946789346e-01
1.078240676842830287e-01
-7.765554620223229509e-01
-6.882180312317298654e-01
-3.906354012286053501e-01
4.182994417805647736e-01
-1.234591172213152233e-01
-3.139251464929884716e-01
1.379440642055987931e-01
1.150548373689584264e-01
1.785024538660563431e-01
-2.864197302079729557e-01
-1.002192797592628415e-01
-3.428397538970247294e-02
-1.030286813074489105e-01
-2.328232851619147503e-01
1.085686962885888812e-01
-2.621525242147494383e-01
2.682542292604354617e-01
8.379276467664832639e-02
5.200376146666613186e-01
-4.175379653480967290e-01
2.397330524201574109e-01
2.179072862597770388e-01
-9.386736774244611170e-02
7.673796800877559499e-02
-2.476802103062333005e-01
8.774089197584543365e-02
0.000000000000000000e+00
1.327850840098100949e-01
-2.828504872615952292e-01
4.816541980957467772e-01
0.000000000000000000e+00
1.355796532881835548e-01
3.092437455238308819e-01
2.429695865658906828e-01
1.300146485370222704e-01
1.862249084622701889e-01
0.000000000000000000e+00
6.295971469828276490e-02
2.847025107975295621e-01
0.000000000000000000e+00
0.000000000000000000e+00
4.660546534140498909e-01
-4.480404844495612382e-01
-2.562155069431504839e-01
3.205312054464120597e-01
1.112840319007453588e-01
2.950827944852920659e-01
0.000000000000000000e+00
2.506328337057299113e-03
1.443985814867968509e-01
3.333247476162872203e-01
-7.346011123443210722e-02
3.143725980504438189e-01
-1.205983729505522989e-01
5.501206147855876027e-01
-1.499298690554796698e-01
2.275178457568876600e-01
1.396048493691056658e-01
8.258195430188584041e-01
7.558685855535887121e-01
-6.619478743552896505e-02
-6.188068209085413329e-01
-1.180053120655520926e-01
1.261525810587437457e-01
3.491323946248581223e-01
1.696797323659872403e-01
0.000000000000000000e+00
4.587397272981362795e-01
-1.622208432495158559e-01
-3.717576392688034526e-01
4.121167220265017361e-01
5.322672729492380905e-02
-8.531067904702959170e-01
4.294395200434365789e-02
-2.362850969671905776e-01
1.620103244817369392e-01
3.082391436734025492e-01
-1.286803872146571881e-01
4.008247665317028474e-01
-2.383333258558956447e-01
-1.483447887156635336e-01
8.138743725635469439e-02
-2.244160589075644419e-01
-2.836578732391335511e-01
1.263421853706995779e-01
0.000000000000000000e+00
-2.710593772259810297e-02
7.846098925955995174e-02
-2.272122880919110743e-01
0.000000000000000000e+00
-2.195712169866080588e-02
6.839643128758474688e-01
-6.077935385458675954e-01
-1.950214247049272820e-01
-2.152380193020037025e-01
5.941645688654823877e-03
2.846411389441866890e-01
