-5.551929423495249871e-02
4.392786370416854602e-01
6.782091213004552976e-01
9.721289704451787639e-01
-6.996585771963663714e-01
3.566619501858026009e-01
-5.161348132213485762e-01
-6.273208781321291116e-01
8.851715990013111490e-01
1.929830766829201405e-01
4.082562226983323939e-01
-4.527689769063458769e-01
6.245624534575755504e-01
5.840299837235052305e-01
-6.417695876801570165e-01
2.821292735611709013e-01
-7.543493664259321996e-01
2.871424616558166942e-01
-4.277778650295576135e-01
1.118537095616096710e-01
-9.110628845085197991e-01
8.479289971580576957e-01
-2.997436270025373162e-01
-2.519452292392101445e-01
7.487655369641315062e-01
8.428321144310912949e-01
1.377792142127116648e-01
-5.536071600140712867e-02
-9.362661904565710014e-01
-9.993128791639056541e-01
3.570340921510599674e-01
-1.174477713900392573e-01
1.097735185184434137e-02
-9.033111817877537142e-01
-5.888087863553215229e-03
8.717506037291666843e-02
-6.685684966734353196e-01
-1.111890419018479736e-01
-6.346050928716393535e-01
9.564691928625836947e-01
4.070581850444170424e-01
9.943673395852126173e-01
-4.530178710738932413e-01
-9.488012205807649924e-01
-1.818040907186047050e-01
-8.227060059593140906e-01
-8.546274225370731337e-02
1.358640459731084160e-01
6.812251899423642509e-01
9.883418055097121790e-01
5.014522082714634177e-01
3.469139750410918932e-01
-9.337157433732050649e-01
8.702474174960126430e-01
-1.650375075032888272e-01
8.017608472535162623e-01
-8.643579941762999930e-01
7.834636354678348180e-01
-7.608662410438005175e-01
3.971417530552425745e-01
-7.853936933536544984e-01
5.392364834150265018e-02
4.329760049597886074e-01
-9.099618850003969861e-01
-4.018673887023813673e-01
-5.450655654311664655e-01
-3.815309109262092768e-01
-9.719862232461198293e-01
8.880091941949257439e-01
2.922111048727025207e-01
-9.488692413832537920e-01
-2.135858127398921891e-01
2.294798720822983640e-01
-5.306760166652904065e-01
-4.222470442826904424e-01
8.479835410159268783e-01
2.200829848639016539e-01
8.624173261490766240e-01
-5.341308559972248737e-01
8.888154525732154809e-01
-4.278690340147639493e-01
-7.146827920676566137e-01
-9.179192343696116474e-01
-2.913282254766962343e-01
-3.561588276022269461e-01
8.356780382730686352e-01
8.432771733820421112e-01
-3.906097075779557670e-02
-7.709452049299418963e-01
-1.050288546206672446e-01
7.455508076874073353e-02
4.971635177627387048e-01
-9.719994936087590354e-01
-5.353720418101513001e-01
8.092111387157834290e-01
-3.460965951903003379e-01
6.293871593979964985e-01
-9.160200719941578029e-01
6.607280757235338697e-01
5.924740755633468581e-01
3.783810286284294833e-02
-3.773600560448822083e-01
-3.120164944053851475e-01
-1.233096958527366560e-01
5.155276831782558133e-01
2.867391877781488851e-01
-8.032030158827510036e-01
6.135370097902208553e-01
2.698104843221049709e-01
-3.645279261087244205e-01
-2.736535990202171309e-01
-2.905291650639012513e-01
6.454600110056230022e-01
-2.513562276934511175e-01
5.642993521937023083e-01
2.635718096933128418e-01
3.110313398882680325e-01
4.731609836311096995e-01
-3.832367337139257479e-01
5.921088482870384695e-02
-1.684644029900137507e-01
1.463983703416673610e-01
5.267539499663205227e-01
-3.882252639115415516e-01
-4.176110901975009781e-01
-5.283857281908515002e-01
-2.286409805189504318e-02
-6.101516877823087714e-01
-8.216005591128434649e-01
9.266955297734349450e-01
-6.161033103053472626e-01
8.969694197109090439e-02
-7.489500036937932759e-01
1.017289124436684400e-01
-2.540480328556919964e-01
2.700558464024416239e-01
7.345732762076906397e-01
-5.805411022362116924e-02
5.251447297538260894e-01
-5.616869991054589395e-01
6.303977784717940125e-02
-2.389470018535533313e-01
3.323073384860943946e-01
-6.263691903820594042e-01
-8.356182994960223986e-01
7.425174028842589369e-01
-6.104363986988403656e-01
-8.602883038494890666e-01
-9.748582675811747755e-01
3.149710308991409136e-01
4.655777688999316322e-01
8.812887874961814472e-01
4.840346175322511879e-01
6.782041364892945623e-01
5.068015715062870186e-01
9.028302387273492435e-01
8.845968284201737308e-01
-9.267825142702255103e-01
5.752567618321327014e-01
-1.623871709016309062e-01
1.899738305829339335e-01
5.573827243319993130e-01
-7.307421877108191133e-01
5.226775425022147648e-01
-9.352120274548603174e-01
-3.705991097554146574e-01
-2.910181857674731809e-01
1.195852802619028488e-01
-5.562403566817253342e-02
9.858675606035065542e-01
4.601663525488706163e-01
6.708749662418211912e-01
7.585888014088595366e-01
-2.966151397608902673e-01
7.981704054376417279e-01
1.134140532817848879e-01
-4.636662885354794206e-01
-5.127497311031790073e-01
6.165128369938448483e-01
-7.102746505335890692e-01
4.480579683383960621e-01
-8.672294588484448230e-01
1.236150149356127770e-01
3.146935363920071449e-01
1.981110567916797294e-01
-8.028305644403150865e-01
5.108883555510981278e-01
5.487205381775395185e-01
-5.911970318996060403e-01
-5.067961143199095631e-01
-1.744448574701664700e-01
5.449968469065664678e-01
-4.977281565598767887e-01
7.157659920380403662e-01
7.543342921836924120e-01
8.183682689366276186e-01
-4.776465478545146581e-01
-2.253547334365950672e-01
-3.972939418782019949e-01
9.004303421639254790e-01
-5.585939164181157324e-01
-1.829652484334145512e-01
-5.204955771857133762e-02
-7.637865169714441738e-01
-5.080563498192258720e-01
1.279778568443883380e-01
-7.668750903814971487e-01
-8.391401117445393965e-01
-7.470883364101019719e-01
1.305303308319007982e-01
-9.424274451764811378e-01
5.867935005947704230e-01
8.172845103138182132e-02
-1.049366466024514999e-01
-9.633391780776836555e-01
-8.255654853199889676e-01
3.832456988859600511e-01
-6.294476836908737827e-01
5.225362680334333376e-01
9.293707049779456053e-01
-4.094504469669346669e-01
-2.766826813514158268e-01
6.120217270603287574e-01
3.324267916155072555e-01
5.106135186398974568e-01
5.618234625186937503e-01
8.844781059120465638e-01
8.914859845341875921e-01
1.258594904015601923e-01
2.084517125152693939e-01
5.620108124596887578e-01
-2.701261022486309837e-01
-4.364580249997276340e-01
9.598950527465621718e-02
-1.308208689862015994e-01
-4.124794693228268638e-01
-2.916364522258811931e-01
7.536281905983490681e-01
-8.373614714637336309e-01
-6.155458868800600669e-02
3.133205587400311742e-01
3.697704980131522046e-01
9.806081087277505048e-01
7.001149135377080501e-01
7.707502344058789756e-01
-1.427203730085140343e-01
-5.101197127998748915e-01
7.656941583353724656e-01
3.930339949552343892e-01
-8.237376923097003978e-01
5.792512273930872091e-02
-3.298755481815200952e-01
2.605066660069685902e-01
4.051610896557444885e-01
-4.205277602950838745e-01
6.101027046146523247e-02
1.721657397866021011e-01
-6.643974138172898947e-01
4.300537273715598907e-01
-2.870590642043595597e-01
8.578937046864689719e-01
-5.668561799666729240e-01
-6.599441312953830963e-01
6.249447179302900501e-01
7.098840114150468672e-01
