-3.998117916307338260e-01
2.664949421835982601e-01
7.903712955658430683e-01
5.992882935637762198e-01
-9.434324813412058308e-01
-8.746635593995564228e-01
-4.953373007804475758e-01
-6.554632981411450121e-01
4.426475752183229861e-01
6.727774616759505388e-01
-8.551831873526087868e-01
-5.005504240588241893e-02
7.179176218561571510e-01
4.846817444749385029e-01
3.757411834984376170e-02
2.164216490516144009e-01
-9.175035842355794280e-01
-6.197854086812986107e-01
2.836922634145218058e-01
-4.447542129014141477e-01
-8.799706154167653560e-01
3.881217561176319997e-02
-7.401532090803579766e-01
-5.355910751934278569e-01
4.779055816356703179e-01
5.641580397110665945e-01
6.931411099943901588e-01
-7.097285029920340493e-01
0.000000000000000000e+00
1.513162167559758409e-01
9.345592407920431111e-01
-2.277494101575220919e-01
-2.576527938484929336e-01
-3.014015227310158918e-01
8.220853501079000702e-01
0.000000000000000000e+00
9.595187370058222420e-01
-4.270905531182532799e-01
-8.555232996445149007e-01
-9.419936464327811620e-01
-4.663179763984448556e-01
3.877396394510541633e-01
-8.223290568796187694e-01
0.000000000000000000e+00
-9.672257479540102842e-02
-6.645919714729714434e-01
4.341085237969823929e-01
-4.073350224066582537e-01
7.169100795444648400e-01
-8.208300124525222952e-01
-7.256308041959626254e-02
7.746656250549703859e-01
-8.045574587181937298e-01
-7.086420615201621809e-01
-2.454028627345710145e-01
5.895476047163428213e-01
1.894882466619449701e-01
3.692678333358305753e-01
2.169632248345910175e-01
-7.354440219585764993e-01
8.960460463264534603e-01
-1.551481712528499923e-01
6.316987293932401215e-01
-6.359840310686657450e-01
3.946322712888300499e-01
-9.735982806574684512e-01
1.493551486288571262e-01
-2.106401152649504394e-01
-5.681350386605332758e-01
-4.746326224916666003e-01
-9.247218879181566820e-01
5.263497752434805749e-02
-5.785621601040746853e-02
2.146271270411772569e-01
0.000000000000000000e+00
7.097881147447167027e-01
-5.668857791164148008e-01
3.174055927965235835e-01
5.099535883931798352e-01
2.659997385552341775e-01
2.756548062670804988e-01
9.371514532763589589e-01
1.443197285067190361e-01
2.839902452933169563e-01
7.841201082987463433e-01
4.060694238456896699e-02
-2.768754991171664681e-01
9.085741514176775002e-01
-3.913256628172992468e-02
-6.777587342472470022e-02
-9.856512374956263312e-01
4.289776954517195845e-02
4.761150270845375676e-01
8.768080456699181013e-01
4.969719176940539662e-01
-7.017558098016762891e-01
6.912638727028582730e-01
-9.087867766800084013e-01
-8.399298162021836545e-01
7.333615393165211493e-01
4.150094590441328890e-01
1.459640389866769805e-01
-6.231143418845037640e-01
-6.513690000598817420e-01
4.475295569645496574e-01
8.391987463524352986e-01
-7.843150232345597050e-01
-5.097538454417640530e-01
1.499216770078743710e-01
6.337513942676080703e-01
0.000000000000000000e+00
-5.626039341709634378e-01
8.044614934369274106e-01
6.444319233786872658e-01
-2.778908631372756233e-01
0.000000000000000000e+00
-1.003318532528130191e-01
0.000000000000000000e+00
5.477591520599602859e-01
-1.979361120392673368e-01
-5.637090189488017794e-02
-4.779838273535476079e-01
0.000000000000000000e+00
5.229146838927820617e-01
-4.547947531712492886e-01
8.608459010894109475e-02
6.581431900093290821e-01
1.081292448862254674e-01
9.841776580756573800e-01
1.111788523306693477e-01
-4.082012540782260501e-01
3.294328643882025731e-01
-1.322709135825981264e-01
-3.528765569861584961e-01
-1.787060877691100114e-01
6.974140307280786155e-01
-5.386494367954925977e-01
-1.517756806981855888e-01
-3.681776924233042259e-01
-5.457886235840971045e-02
2.968218720354476314e-01
6.890603400821113667e-01
-4.858073270854359471e-01
1.570868440663089061e-01
3.324510448779727234e-02
2.433157251171898239e-01
3.364888322212640226e-01
4.653976150233558595e-01
2.004344657451584411e-02
2.838642384019529619e-01
0.000000000000000000e+00
-4.553252362481091664e-01
5.275691774324939853e-01
-6.738570441033751024e-01
-5.361245637286558008e-01
-5.643671477866685215e-01
-3.366200891595210187e-01
-9.817728724788730155e-01
5.421160221617529196e-01
3.556491875965452909e-01
-3.229633415347563652e-01
9.323935355399122216e-01
-6.161799223829111938e-01
1.853411874128614301e-01
6.420894888117927302e-01
-3.194866155744523484e-01
7.524529805018933537e-01
2.716733863973941343e-01
-2.034968974700124278e-04
9.020642161092871092e-01
2.053138310913584230e-01
9.365927457636009645e-01
-9.623949301793424116e-01
6.431774654613233722e-01
9.397687748405065822e-01
-3.874448417410292222e-02
5.221680935853809657e-01
8.641737812446077527e-01
-5.462603068996799704e-01
3.812306680937903591e-01
1.112556448348849258e-01
2.933661149971445239e-02
-1.216480582199446214e-01
4.937748762633412669e-01
7.695225108034793315e-01
-9.392325890051320680e-01
4.526951830830805434e-01
0.000000000000000000e+00
-9.983373382995304191e-01
3.990785119588884378e-01
5.091662839388333417e-01
2.224650558591501071e-01
-1.265140251326206111e-01
4.596209300889417815e-01
-1.431204248728685791e-01
-7.551101810367897293e-01
8.022463900080984978e-01
-4.543643664619456679e-02
1.456902707388270102e-01
4.301483203540628075e-01
-2.706123105875374302e-01
-3.850870143996512063e-01
-2.106161804787185510e-01
7.632856145240984880e-02
0.000000000000000000e+00
-7.395410719742618877e-01
1.917707984138614652e-01
-3.415197562463352932e-01
-6.365756933098072334e-01
-3.853957827306002670e-01
4.481314339090311516e-01
-1.693492631609606197e-02
9.797847268427790635e-01
-8.138169772735610596e-01
7.893375666067979635e-02
4.216697373656609349e-01
-9.030596404283535161e-01
2.574323080105123118e-02
-5.512538354982012834e-01
0.000000000000000000e+00
-5.430111126022458823e-01
8.970098421628311947e-01
5.209408680034322003e-01
5.573138930298802141e-01
-4.988184970106244176e-01
7.232365548332881922e-01
0.000000000000000000e+00
6.687677207823591319e-01
3.422007392629757838e-01
-5.259771030896713828e-01
7.714978885314766055e-02
2.202355469515360209e-03
-3.444082599972089209e-01
9.707022312935817965e-01
-7.583596734656885552e-01
6.702338369915881167e-01
7.260840060394808670e-01
8.018623913601119479e-01
-3.258446766220401969e-01
9.000861677681468720e-01
-9.230862760557885238e-01
7.767750745357746567e-01
-3.023741718111616628e-01
2.582030917459586239e-01
4.264677244825512137e-01
-8.033591414958851651e-01
5.119270843230849799e-02
7.999396612036502319e-01
-5.284361937589661107e-01
5.500301750099181319e-01
-9.499142555265823740e-01
0.000000000000000000e+00
0.000000000000000000e+00
-1.594941151890676700e-01
-3.486368269510716211e-01
5.702250305500466965e-02
3.720669708847919033e-01
0.000000000000000000e+00
6.043717400237080817e-02
6.268522239866919366e-01
-2.297448264942278939e-01
9.761332458867480466e-02
6.492407442050871502e-01
7.291134860070436208e-01
2.781094963530392761e-01
