7.382673490735163213e-01
-2.952074347000563925e-01
-4.065290453535055359e-01
1.641636267244688252e-01
-5.678137763385042724e-01
8.969275516791206382e-01
7.053512745289321206e-02
4.133576160489609852e-01
3.304127592758993592e-01
3.067677341283485126e-01
-4.485593650811831035e-01
-2.097490817226846660e-01
-4.969663596027186214e-01
-3.862494390374169861e-01
5.939533695199297192e-01
-1.380677509361286359e-01
-3.468496839957738720e-01
-4.537394031122083948e-01
4.650953137824440642e-01
-5.859294988380009395e-02
-3.869623191275839424e-01
1.392799149023483118e-01
4.369836294333720450e-02
7.358843424015544255e-01
1.501252561725427426e-02
3.270501162022142194e-02
7.434450373419905223e-01
8.406190252876571956e-01
-6.282249838918743112e-01
-5.541738532402250561e-01
2.929615589631658912e-01
-2.787892396187629518e-01
-7.559166233085251596e-01
4.686326227438190606e-01
6.420907379249457536e-01
4.563679297690530490e-01
7.398907334528890267e-01
-1.964206108921051283e-02
6.339995882607097899e-01
2.185655790216389505e-01
1.571655534143869826e-01
2.168507750011017532e-01
1.026207107478871450e-02
-3.446825091684553311e-01
-3.045988186989928015e-01
-6.550619300956898039e-01
8.720647165871908690e-02
-7.479219281457255564e-01
-5.169745036335160471e-01
-4.472629792583182606e-01
-8.145717901989105725e-01
6.336369734694837774e-01
-4.998377557424656947e-01
-3.001569044922818286e-01
4.657541512560581243e-01
-5.425900237831363659e-01
-7.158905599976084222e-01
5.560862574870903408e-02
7.912876169802829374e-01
-1.688623144063843839e-01
1.033463516006277727e-01
7.386643496028405531e-01
-6.935288826811647489e-01
2.510212854634832347e-01
-5.158915823498843034e-01
-1.863190776519394465e-01
5.318314356418271105e-01
9.913008450213712797e-01
-2.051824475868390951e-01
2.640111940078695985e-01
5.859019515393431021e-01
2.851957631142076899e-02
3.679929989887003594e-01
8.851533839580996155e-01
6.412974881615276512e-01
1.434980923383668006e-01
5.741084911019099790e-01
5.753221727122962426e-01
4.217428130124513119e-01
-4.884393939042649957e-01
5.374090569101577231e-01
3.535259411126019935e-01
-3.950069290030207292e-02
3.239089520072906125e-02
7.698298117568429522e-01
1.902860176136596249e-01
6.094985271656268022e-01
2.977060438591592195e-01
4.591847771111193799e-01
4.834563838392331170e-01
9.664409502256051665e-01
-6.796905584839983971e-01
3.176841192729289165e-02
4.402718801160145357e-01
-6.064200754399956539e-01
5.727643382276448314e-01
-5.446963082299838277e-01
4.045636488935118180e-01
-7.005523498279622174e-01
4.075838242523987381e-02
4.905445392736052512e-01
-5.193743010684093164e-05
3.740608792110986514e-01
6.790170730386330122e-01
-3.417982894072224553e-01
5.593907050779862722e-01
-3.438422542963590622e-01
-7.437001821766561216e-01
-1.121791381638942986e-01
6.746872758342645215e-02
-5.347540749501196178e-01
4.894681963481533060e-01
-5.720306491515307901e-01
5.049932284988295494e-01
3.482148791430222379e-01
-5.884452506355513091e-01
2.774956918018943730e-01
3.136342074941134705e-01
5.920126234300622237e-01
-6.405346731043887187e-01
1.693136336697311783e-01
5.383123864236918354e-01
2.522513783066860915e-01
-5.775873568423098847e-01
8.485738789959297590e-02
7.188979812860724072e-01
-4.844797160351877463e-01
3.419596788004803933e-01
-6.202147797400963114e-01
6.781827106992790455e-01
2.976728834310668481e-01
-8.739262306827071392e-01
-3.104341942722176340e-01
2.156617769899959181e-01
7.080373951959659795e-01
-8.214478476070176116e-01
-6.123188938060826481e-02
4.004441859997595610e-02
7.829046940716140046e-01
3.839658651388436761e-01
-3.683200094222695564e-01
4.583323554145473100e-01
8.007096107874409063e-02
4.014948655248404275e-02
1.339730053261040388e-01
5.492388459222479202e-01
-8.922824264716574527e-01
1.161342519442462584e-01
-2.762181840690920431e-01
-1.192111401897980177e-01
-5.553876771279018243e-01
-3.934251557576172176e-01
-4.196741540825208450e-01
5.488572679153253669e-02
-2.427097774531606356e-01
4.396904875662471235e-01
-2.515063068521949941e-02
-1.969124235013070545e-01
-1.595832686329055616e-01
1.389480417457795158e-01
-2.855064694212486320e-02
1.316074422563931479e-01
-3.063493939917569242e-01
3.094684268423117945e-01
1.670060220836270259e-01
8.644113104309888440e-01
-8.259242904423782367e-03
5.732286883766415375e-01
6.635884433312829733e-01
-9.202506735445867281e-02
4.163045362615261924e-01
7.972554475638584659e-01
-1.666892558617176223e-01
-1.383122388320026097e-01
5.673738118706947997e-01
-2.710131672923924429e-01
1.653899078627958374e-01
3.262489318621096257e-01
3.275308595639793152e-01
5.682014564396388190e-01
-4.106170269917484017e-01
6.721107939387284125e-01
6.475887693103772325e-01
4.183319139287000610e-01
-1.809655110740868711e-01
2.331807881210563593e-01
-2.147532522697446766e-01
-2.216905264194516390e-01
-4.183373411411205334e-01
-5.041532474497344429e-01
-1.203573390115835751e-01
-6.746817204592440165e-01
-8.918374584658276261e-01
-2.668770882864387461e-01
-7.602671834276256702e-01
-5.766127535251890368e-01
5.725386720017136000e-01
-7.212875487525899354e-01
-4.302073512610432027e-01
9.845075714381216203e-01
4.506638202660800951e-01
5.054241609946186209e-01
-3.493082786448248322e-02
7.127501116187684449e-01
6.932344021352353503e-01
-7.606266056416483012e-02
-7.763871856973508095e-03
8.663001405397945387e-01
-1.218878969513794430e-01
3.303288089276764095e-01
-8.919525166311222941e-01
-3.500651950801762502e-01
-3.512147171088198516e-01
4.445854586735446534e-01
-2.159048160218721146e-01
-8.138736667147420389e-01
1.593956392213355111e-01
-5.119594162239616830e-01
-1.258204313518491990e-01
4.103885310597820690e-01
-3.292624776121586549e-01
1.070676985004659909e-01
5.067183839970237358e-01
6.485609542231578484e-01
-2.026377212590310672e-01
-5.698367100520405071e-01
4.433944764405843841e-01
2.097087602134362072e-01
-4.478719958739526552e-01
4.320367034078683166e-01
3.967775517044109385e-02
-3.074601099084993683e-01
1.010279472568201969e-01
3.078388912779799758e-01
3.994221814557086248e-01
-5.885860608591853005e-01
-9.308151442083710536e-02
-5.057498448168963323e-01
2.948594209063908345e-01
8.077886259875091124e-01
-4.182705690859223058e-01
6.480478174082644482e-01
3.511195573634549039e-01
7.391070373849226716e-01
-1.272961850044545262e-01
-5.693881074704825185e-01
7.055330131352789413e-01
3.468270081515105741e-01
6.997023600226019713e-02
-3.753494206625985208e-01
-3.474803589330765496e-01
-5.795986077931003511e-02
1.439220879702403921e-01
-1.610992714220720393e-02
1.946654707587108790e-02
2.400744488143194411e-01
-7.202430169218591027e-01
1.762129094694773468e-01
4.899090885982408661e-02
-5.754484453784315390e-01
-6.991685945129777480e-01
-1.146576413816131207e-02
-8.231439645106541914e-01
-6.246624829226598008e-01
1.528836864178961530e-01
