9.110971630058157800e-01
-1.183998403305714930e-01
-9.019812229485149047e-01
-3.495886851012635077e-01
1.905065119001663754e-01
-2.585870840150785721e-01
-6.722676543768901780e-02
8.992476492363248308e-01
2.908189699372840109e-01
1.114924793363805122e-01
3.327598821122951939e-02
-9.445961916436819150e-01
2.468035627955270095e-01
1.645713672933999117e-01
-3.091969793657363130e-01
-3.115397968735924075e-02
4.861463323790757851e-01
-8.055261356280883911e-01
-5.920479348619382964e-01
4.335421256612307928e-01
8.254189920887201604e-01
6.291758193081786743e-01
-6.130681448727046678e-01
-2.270418753459965688e-01
7.049732320667591035e-01
7.137368328065081258e-01
2.097298552885772938e-01
6.286420149575941974e-01
3.151499908480615564e-01
1.489385359745021564e-01
1.812459227559736208e-01
-7.229438510179484467e-01
-7.690966050671184107e-01
5.238138253519950549e-01
4.698990584767547274e-01
-1.924825571002102276e-01
3.060079253485035178e-01
2.406300710655127628e-01
-7.140926685131968599e-01
6.091079434045278962e-01
-4.495029037486914653e-02
4.366576352541926692e-03
9.476819306961701272e-01
-7.526480949645597551e-01
-8.453330343277953851e-01
-4.724583249879402702e-01
-1.009153321849445284e-01
6.831797926485795314e-01
-8.437838276107609836e-01
4.989147039800722050e-01
1.471549727224645832e-01
-4.607912280994736487e-01
-7.069730592149670034e-01
-4.068496710115441228e-01
8.334952823362788976e-01
-6.251716192854184229e-01
4.787582839352030883e-01
7.816893880358644076e-02
2.919240914524696695e-01
4.182874776868308331e-01
-1.241870141366648306e-01
4.565358748751779938e-01
-6.810235884807679385e-01
2.483782535619014353e-01
-3.528417116048675473e-01
-3.287404471354957725e-01
-7.151745349829481402e-01
7.060067580200115600e-01
-5.151125734543113843e-01
3.841817173045415368e-01
-1.401062031494337834e-01
-5.794909908452283709e-01
-1.990281679573371876e-01
4.399948653034214952e-02
-8.893894612518344900e-01
-7.302038059288158411e-01
1.100612477657659793e-01
5.799833705534085393e-01
1.397904486004207351e-02
6.652963609276199564e-02
-5.448045313714899862e-02
-1.439070661965038134e-01
-2.664097615450545797e-01
-4.230650999132812284e-01
-5.260264365360223238e-02
6.516571133133969296e-02
-6.249466065232400780e-01
9.031397035942232421e-01
-6.926977036511050567e-01
5.409374700376086142e-01
-3.247318343701782739e-01
-6.615546221263204352e-01
2.489529068318619975e-01
7.430661911070508552e-01
-1.676642545565705522e-01
1.933486093373775749e-01
2.875731590512346503e-01
6.840546037233515841e-01
2.429624184041881130e-01
-1.258243921362173778e-01
-2.850635508492310038e-02
-2.559647218324675455e-01
1.370886119634739941e-01
-7.241653884990695289e-02
3.351002835507828070e-01
4.040529844250537739e-01
-8.654573268367826699e-03
-6.024689407353382986e-01
-9.196252953354755455e-01
-4.332270839618124758e-01
-7.790672609980339898e-03
2.519914294220662043e-01
-8.943338504329247929e-01
9.310013160134045229e-01
6.962578229308917788e-01
-7.781019382585709077e-02
8.357302017182315357e-01
-7.860405927795197645e-01
-1.606607654306509494e-02
4.708014488552678123e-01
-3.068505956608180707e-01
-8.930687516959241457e-01
-6.480172040011649148e-01
1.451973123095264828e-01
-2.913661888738812156e-01
-4.384451882192142991e-01
8.026956904063868858e-01
3.134272977946064298e-01
-3.401806730953297331e-01
-2.766066650896816803e-01
-7.261430018371355377e-01
7.538869535438954550e-01
6.114828031147983012e-01
-3.092231408312735019e-01
-4.180605642486593387e-01
-4.047727149835516625e-01
2.716506852793794113e-01
5.526666816861842690e-01
-2.065495332926827743e-01
-5.643016747684305168e-01
-8.734576685006910646e-01
-9.076709865844104774e-01
6.263747807361760289e-01
3.843677996600891600e-01
-8.577662460751096785e-02
3.965954049458673136e-01
5.702140587964463769e-01
-1.614267777728164710e-01
1.943817286768098895e-01
-3.383457984571138777e-01
-5.408897392997068510e-01
4.872111053514685541e-01
-8.893851574940609961e-01
1.653268326237535835e-01
-4.407452948834432171e-01
2.775492273664583731e-01
9.689146020681571603e-01
3.488843074359267438e-01
-3.486491793381434334e-01
-5.963382904392069417e-01
-5.279140821280006168e-01
7.097084279854088962e-01
6.471677429428638328e-01
6.513265940187804581e-01
1.436291245308072284e-01
6.149627336866363425e-01
5.659502036618420107e-01
8.996508407648383387e-02
7.490818142493353982e-01
-6.149550130086629540e-01
-3.340304442849386657e-01
6.617298113956124883e-01
4.905601768775680327e-02
3.828570956272948078e-01
-1.412785322643765606e-01
3.848903749016653331e-01
7.187069215962601509e-01
-4.024774474259037449e-01
3.833904809700575678e-01
3.521966396783276498e-01
1.616810326776098317e-01
-5.564358092209356066e-01
-9.548108917016546737e-01
-5.450410945837536048e-01
-8.110319919183655024e-01
2.683052867084642079e-01
-7.459113874380471909e-01
6.497563437251145935e-01
5.432295043704914450e-01
-1.836546811376815747e-01
4.442830255536220907e-01
8.252772917603642400e-01
-7.056098373399788404e-01
4.755633315714500320e-01
2.347916382082654296e-01
4.841228601452639557e-01
1.515322182981245214e-01
-2.408992418737387620e-01
-3.627688729066171902e-01
-7.236648737606567183e-02
3.707018344536816001e-01
3.728459925287765930e-01
-5.528332515603326478e-04
7.328601289828065024e-01
-2.782657462069977258e-02
9.608669941163609785e-02
-3.180285525259001211e-01
-1.581850472703779653e-01
-4.703382606483108574e-02
-3.933831662464846168e-01
2.129335419235851568e-01
-2.054995480978250022e-02
-1.140991491758302319e-03
9.692887344521574633e-01
3.353058860797985541e-01
-1.851466060766986457e-02
-5.103860633591966733e-02
-7.672577203704443738e-01
-5.508588178936516533e-01
5.770153515831841773e-01
-8.193575957256169495e-01
2.043100575768388716e-01
-3.644091281906292612e-01
-7.813200864682467994e-01
1.315478829659532875e-02
8.998109738656174805e-01
2.207499849501742134e-02
-3.644403339693218502e-01
1.224081260253396808e-01
-1.652564431628693042e-01
-9.802253092846160420e-01
4.140628173838030168e-01
-5.528789009136638732e-01
8.914791929815952809e-01
6.738750208664950891e-01
-6.880299059656458383e-02
-1.919849612212855550e-01
-3.786932441038057817e-01
7.697270958260621354e-02
-4.337344559943401290e-01
-9.340547471966439419e-01
1.829983682419491775e-01
-4.760841072659991458e-01
-9.494464546418819317e-01
2.566897340772726355e-01
7.705947900090819314e-01
9.830619128394141315e-01
-6.258542401206317329e-01
-6.073597935848804585e-01
4.438496304445147533e-01
3.477618428207991386e-01
7.027944085228852167e-01
-2.897081846086624335e-01
6.555142090734099591e-01
1.985197418438428563e-01
9.488855955152541988e-02
-5.817467305069756733e-01
4.132747811302125290e-02
8.170126001100674884e-03
-2.713561507549845930e-01
-4.885762595132114861e-01
7.905073357974147230e-01
5.724367471388456252e-01
7.644566126701308750e-01
2.860205283266380460e-01
