9.760136883700039068e-01
-1.183998403305714930e-01
-9.019004167455508814e-01
-3.495886851012635077e-01
0.000000000000000000e+00
-2.585870840150785721e-01
-6.722676543768901780e-02
8.992476492363250529e-01
6.242430605776312369e-01
1.114924793363805122e-01
2.023455196456189764e-01
-9.445961916436820260e-01
9.529306492571308906e-01
1.645713672933999117e-01
-3.091969793657363130e-01
-1.137059165641018943e-01
4.861463323790757296e-01
-8.055261356280882801e-01
-5.933540893905795421e-01
4.429664484970750049e-01
8.254189920887200493e-01
6.291758193081786743e-01
-6.130681448727046678e-01
-3.333592526062299499e-01
7.049732320667589924e-01
7.244336675010853988e-01
3.914628612027308829e-01
6.286420149575941974e-01
5.491027532130459132e-01
0.000000000000000000e+00
8.998006127037589952e-01
-7.229438510179484467e-01
-7.690966050671184107e-01
5.305676474683282962e-01
5.871102110408936703e-01
-2.997816202597476387e-01
4.508261850549111216e-01
2.406300710655127073e-01
-7.104575703945412712e-01
6.091079434045278962e-01
-4.572276288344712114e-02
1.723305042593361591e-01
9.476819306961701272e-01
-7.526480949645597551e-01
-8.453330343277953851e-01
-7.632403188838292607e-01
-1.009153321849445284e-01
9.371544113901022488e-01
-8.437838276107609836e-01
5.754084878527729874e-01
1.471549727224645832e-01
-4.622802225658924069e-01
-7.275518158446265815e-01
-4.068496710115441228e-01
8.334952823362788976e-01
-6.251716192854184229e-01
4.787582839352031439e-01
7.816893880358644076e-02
8.441104858619199458e-01
4.182874776868308331e-01
-1.328116472017140115e-01
6.689978716980260476e-01
-6.804424265028379271e-01
2.483782535619014631e-01
-3.831691388378998808e-01
-3.334797827274893489e-01
-7.230665789775208019e-01
7.060067580200115600e-01
-5.151125734543113843e-01
0.000000000000000000e+00
-1.401062031494337834e-01
-5.794909908452283709e-01
-2.601414034347142579e-01
4.852305101482423666e-01
-8.893894612518344900e-01
-7.302038059288158411e-01
1.305988318094146727e-01
5.799833705534085393e-01
5.737385900334819322e-01
3.575143210692104390e-01
-5.448045313714899862e-02
-1.439070661965038411e-01
-2.664097615450546908e-01
-4.230650999132812284e-01
-5.260264365360223238e-02
0.000000000000000000e+00
-7.242332990403723691e-01
9.038616556881551301e-01
-6.926977036511050567e-01
0.000000000000000000e+00
-5.020258913300450487e-01
-6.615546221263204352e-01
2.553488212826724446e-01
0.000000000000000000e+00
-1.979694817498001136e-01
5.565239259482241962e-01
2.882479061904577033e-01
6.922097321228632971e-01
4.496854432208479135e-01
-3.006326862412791456e-01
-2.417468650021095122e-01
-3.908957540320538993e-01
1.370886119634739941e-01
-7.241653884990695289e-02
3.351002835507828070e-01
4.040529844250537739e-01
-8.654573268367826699e-03
-6.024689407353382986e-01
-9.196252953354755455e-01
-4.332270839618124203e-01
-1.161293004509578175e-02
2.704722482926780192e-01
-8.943338504329247929e-01
9.310013160134044119e-01
6.962578229308917788e-01
-7.801642325904301067e-02
8.332129238980974240e-01
0.000000000000000000e+00
-3.349846292976743634e-02
4.708014488552678678e-01
-3.070335562299630894e-01
-8.930687516959241457e-01
-6.480172040011648038e-01
1.451973123095264828e-01
-2.913661888738812156e-01
-4.384451882192141881e-01
8.026956904063868858e-01
3.134272977946064298e-01
-3.401806730953296221e-01
-2.766066650896816803e-01
-7.371079789815013772e-01
7.538869535438953440e-01
6.114828031147983012e-01
-3.251482891726737989e-01
-5.096721654829188264e-01
-4.047727149835515514e-01
2.716506852793794113e-01
5.526666816861842690e-01
-2.065495332926827743e-01
-5.648096778653695083e-01
-8.734576685006909536e-01
-9.076396944453251070e-01
6.378463474167588299e-01
3.843677996600891600e-01
-8.594473894656484703e-02
3.965954049458673136e-01
5.702280740816196847e-01
-1.614267777728164432e-01
1.943817286768099173e-01
-3.383457984571138777e-01
-5.408897392997067399e-01
4.868971829108046379e-01
-8.893851574940609961e-01
1.742239231386313314e-01
-7.453508505028488829e-01
2.775492273664583731e-01
9.689146020681571603e-01
0.000000000000000000e+00
-3.486491793381434334e-01
-5.941743740058249568e-01
-5.279140821280006168e-01
7.097084279854088962e-01
9.611637134079407119e-01
6.513265940187804581e-01
1.436291245308072562e-01
6.149627336866363425e-01
5.673676943089163149e-01
8.996508407648384775e-02
8.717133821527374149e-01
-8.527225572349508287e-01
-3.340304442849386657e-01
6.617674708823151342e-01
4.905601768775680327e-02
4.741400614597457430e-01
0.000000000000000000e+00
7.038963360330864338e-01
7.187217648940573689e-01
-4.886362346564048220e-01
3.833904809700576788e-01
4.697313727502896441e-01
5.252799655714002203e-01
-5.564358092209356066e-01
-9.548108917016546737e-01
-5.450410945837536048e-01
-8.110319919183655024e-01
8.969903343284904018e-01
-7.459113874380470799e-01
6.497563437251145935e-01
5.512514086454618489e-01
-1.836546811376815747e-01
4.442830255536220907e-01
8.333410973035118019e-01
-7.056098373399788404e-01
4.755633315714500875e-01
0.000000000000000000e+00
5.237457751054162003e-01
1.498298006194598297e-01
-2.405790251285053749e-01
-3.627688729066172457e-01
-3.859669921166009043e-01
6.165548068374977486e-01
3.728459925287765930e-01
-3.844412453142576069e-02
7.662634359894573421e-01
-2.783937029436955868e-02
4.423420525304229134e-01
-3.180285525259001211e-01
-1.609173368564360551e-01
-4.703382606483108574e-02
-3.933831662464846168e-01
2.129335419235851290e-01
-2.054995480978250022e-02
-1.639215124248583066e-03
9.692887344521574633e-01
3.353058860797986096e-01
-6.147956867488324484e-02
-5.103831130978053743e-02
0.000000000000000000e+00
-5.482568302127124316e-01
5.770153515831841773e-01
-8.193575957256169495e-01
2.122964330957513024e-01
-3.644091281906292057e-01
-7.960450399386691522e-01
3.344371045777139173e-02
8.998109738656174805e-01
3.816720462784359835e-01
-5.826345944475210814e-01
1.209988177776002427e-01
-6.002167878442467019e-01
-9.802253092846160420e-01
4.140628173838030168e-01
0.000000000000000000e+00
8.914791929815952809e-01
6.738849451794743928e-01
-6.880299059656458383e-02
0.000000000000000000e+00
-3.827797022585509024e-01
9.728977607128896921e-02
-4.337344559943401290e-01
-9.340547471966438309e-01
1.829983682419491497e-01
-4.997015581156294961e-01
-9.494464546418819317e-01
6.829216177539998434e-01
7.705947900090819314e-01
9.830619128394140205e-01
-6.258542401206317329e-01
-6.073597935848804585e-01
4.438496304445147533e-01
3.477618428207990831e-01
0.000000000000000000e+00
-2.897081846086624890e-01
6.555142090734098481e-01
4.062484668405865751e-01
9.488855955152541988e-02
0.000000000000000000e+00
1.205496040123983370e-01
8.170126001100674884e-03
-2.713399638210762799e-01
-4.885762595132114861e-01
8.346110024290744889e-01
5.724367471388456252e-01
7.644566126701309861e-01
3.455301013730742721e-01
