9.760136883700039068e-01
-1.183998403305714930e-01
-9.019004167455508814e-01
-3.495886851012635077e-01
1.906159020075282040e-01
-2.585870840150785721e-01
-6.722676543768901780e-02
8.992476492363250529e-01
0.000000000000000000e+00
1.114924793363805122e-01
0.000000000000000000e+00
-9.445961916436820260e-01
0.000000000000000000e+00
1.645713672933999394e-01
-3.091969793657362575e-01
-1.137059165641018943e-01
4.861463323790757851e-01
-8.055261356280882801e-01
-5.933540893905795421e-01
4.429664484970750049e-01
8.254189920887202714e-01
6.291758193081786743e-01
-6.130681448727046678e-01
-3.333592526062298944e-01
7.049732320667589924e-01
7.244336675010853988e-01
0.000000000000000000e+00
6.286420149575941974e-01
5.491027532130459132e-01
1.491570986616339578e-01
0.000000000000000000e+00
-7.229438510179484467e-01
-7.690966050671184107e-01
5.305676474683282962e-01
5.871102110408936703e-01
0.000000000000000000e+00
4.508261850549111216e-01
2.406300710655127073e-01
-7.104575703945412712e-01
6.091079434045278962e-01
-4.572276288344712114e-02
0.000000000000000000e+00
9.476819306961701272e-01
-7.526480949645597551e-01
-8.453330343277953851e-01
-7.632403188838292607e-01
-1.009153321849445284e-01
9.371544113901021378e-01
-8.437838276107609836e-01
5.754084878527729874e-01
1.471549727224645832e-01
-4.622802225658924069e-01
-7.275518158446265815e-01
-4.068496710115441228e-01
8.334952823362788976e-01
-6.251716192854184229e-01
4.787582839352030328e-01
7.816893880358644076e-02
0.000000000000000000e+00
4.182874776868308331e-01
-1.328116472017140115e-01
6.689978716980260476e-01
-6.804424265028379271e-01
2.483782535619014076e-01
-3.831691388378999363e-01
-3.334797827274893489e-01
-7.230665789775208019e-01
7.060067580200115600e-01
-5.151125734543113843e-01
6.097396033503157398e-01
-1.401062031494337834e-01
-5.794909908452283709e-01
-2.601414034347142579e-01
0.000000000000000000e+00
-8.893894612518344900e-01
-7.302038059288158411e-01
1.305988318094146727e-01
5.799833705534085393e-01
0.000000000000000000e+00
0.000000000000000000e+00
-5.448045313714899862e-02
-1.439070661965038411e-01
-2.664097615450546352e-01
-4.230650999132812284e-01
-5.260264365360223238e-02
5.118200580005396461e-01
-7.242332990403723691e-01
9.038616556881551301e-01
-6.926977036511050567e-01
5.565206799210533628e-01
0.000000000000000000e+00
-6.615546221263204352e-01
2.553488212826724446e-01
7.489734917309198714e-01
-1.979694817498001136e-01
0.000000000000000000e+00
2.882479061904577033e-01
6.922097321228632971e-01
4.496854432208479135e-01
0.000000000000000000e+00
0.000000000000000000e+00
-3.908957540320538993e-01
1.370886119634739941e-01
-7.241653884990695289e-02
3.351002835507828070e-01
4.040529844250537739e-01
-8.654573268367826699e-03
-6.024689407353382986e-01
-9.196252953354755455e-01
-4.332270839618124758e-01
-1.161293004509578175e-02
2.704722482926780192e-01
-8.943338504329247929e-01
9.310013160134045229e-01
6.962578229308917788e-01
-7.801642325904301067e-02
8.332129238980974240e-01
-7.876197102164737007e-01
0.000000000000000000e+00
4.708014488552678678e-01
-3.070335562299631449e-01
-8.930687516959242567e-01
-6.480172040011649148e-01
1.451973123095264828e-01
-2.913661888738812156e-01
-4.384451882192141881e-01
8.026956904063868858e-01
3.134272977946064298e-01
-3.401806730953296221e-01
-2.766066650896816803e-01
-7.371079789815013772e-01
7.538869535438954550e-01
6.114828031147983012e-01
-3.251482891726737989e-01
-5.096721654829188264e-01
-4.047727149835516069e-01
2.716506852793794113e-01
5.526666816861842690e-01
-2.065495332926827743e-01
-5.648096778653695083e-01
-8.734576685006910646e-01
-9.076396944453251070e-01
6.378463474167588299e-01
3.843677996600891600e-01
-8.594473894656484703e-02
3.965954049458673136e-01
5.702280740816196847e-01
-1.614267777728164432e-01
1.943817286768098895e-01
-3.383457984571138777e-01
-5.408897392997067399e-01
4.868971829108046379e-01
-8.893851574940609961e-01
1.742239231386313314e-01
-7.453508505028489939e-01
2.775492273664583731e-01
9.689146020681571603e-01
3.793425660646845277e-01
-3.486491793381434334e-01
-5.941743740058249568e-01
-5.279140821280006168e-01
7.097084279854088962e-01
9.611637134079407119e-01
6.513265940187804581e-01
1.436291245308072284e-01
6.149627336866363425e-01
5.673676943089163149e-01
8.996508407648384775e-02
8.717133821527374149e-01
-8.527225572349508287e-01
-3.340304442849386657e-01
6.617674708823151342e-01
4.905601768775679633e-02
4.741400614597457430e-01
-2.020851700216621527e-01
7.038963360330865449e-01
7.187217648940573689e-01
-4.886362346564048220e-01
3.833904809700576233e-01
4.697313727502896441e-01
0.000000000000000000e+00
-5.564358092209356066e-01
-9.548108917016546737e-01
-5.450410945837536048e-01
-8.110319919183655024e-01
0.000000000000000000e+00
-7.459113874380471909e-01
6.497563437251145935e-01
5.512514086454618489e-01
-1.836546811376815747e-01
4.442830255536220907e-01
8.333410973035118019e-01
-7.056098373399788404e-01
4.755633315714500320e-01
3.161435569148509650e-01
5.237457751054162003e-01
1.498298006194598297e-01
-2.405790251285053749e-01
-3.627688729066171902e-01
0.000000000000000000e+00
6.165548068374977486e-01
3.728459925287765930e-01
0.000000000000000000e+00
7.662634359894573421e-01
-2.783937029436955868e-02
0.000000000000000000e+00
-3.180285525259001211e-01
-1.609173368564360551e-01
-4.703382606483108574e-02
-3.933831662464846168e-01
2.129335419235851568e-01
-2.054995480978250022e-02
-1.639215124248583066e-03
9.692887344521574633e-01
3.353058860797985541e-01
0.000000000000000000e+00
-5.103831130978053743e-02
-7.956443941150022070e-01
-5.482568302127124316e-01
5.770153515831841773e-01
-8.193575957256168385e-01
2.122964330957513024e-01
-3.644091281906292057e-01
-7.960450399386691522e-01
0.000000000000000000e+00
8.998109738656173695e-01
0.000000000000000000e+00
-5.826345944475210814e-01
1.209988177776002288e-01
0.000000000000000000e+00
-9.802253092846160420e-01
4.140628173838030168e-01
-5.528507471829133824e-01
8.914791929815952809e-01
6.738849451794743928e-01
-6.880299059656458383e-02
-1.937794729192134913e-01
-3.827797022585509024e-01
9.728977607128896921e-02
-4.337344559943401290e-01
-9.340547471966438309e-01
1.829983682419491775e-01
-4.997015581156294406e-01
-9.494464546418819317e-01
0.000000000000000000e+00
7.705947900090819314e-01
9.830619128394140205e-01
-6.258542401206317329e-01
-6.073597935848804585e-01
4.438496304445147533e-01
3.477618428207991386e-01
8.118841455997467538e-01
-2.897081846086624335e-01
6.555142090734098481e-01
0.000000000000000000e+00
9.488855955152541988e-02
-5.887829107479569668e-01
0.000000000000000000e+00
8.170126001100674884e-03
-2.713399638210762799e-01
-4.885762595132114861e-01
8.346110024290744889e-01
5.724367471388456252e-01
7.644566126701310971e-01
3.455301013730742721e-01
