9.435013544792358875e-01
-1.183998403305714930e-01
-9.019877695495633896e-01
-3.495886851012635077e-01
1.905636768768358413e-01
-2.585870840150785721e-01
-6.722676543768901780e-02
8.992476492363250529e-01
3.086463824606235917e-01
1.114924793363805122e-01
5.076300033953357049e-02
-9.445961916436820260e-01
3.045080513748918416e-01
1.645713672933999117e-01
-3.091969793657362020e-01
-3.670754965935500713e-02
4.861463323790757851e-01
-8.055261356280882801e-01
-5.904694440801322441e-01
4.367979688968483543e-01
8.254189920887201604e-01
6.291758193081786743e-01
-6.130681448727046678e-01
-2.241455798384453524e-01
7.049732320667589924e-01
7.220206612110378064e-01
2.415042077994758174e-01
6.286420149575941974e-01
2.831826070847521803e-01
1.390810391895498099e-01
6.490323403686742987e-02
-7.229438510179484467e-01
-7.690966050671184107e-01
5.248452144354390780e-01
5.680717422422223439e-01
-1.755791171804365614e-01
3.910793340853460087e-01
2.406300710655127073e-01
-6.941705190647601276e-01
6.091079434045278962e-01
-4.569395956227789712e-02
3.889180394884800968e-03
9.476819306961701272e-01
-7.526480949645597551e-01
-8.453330343277953851e-01
-2.297144327998731084e-01
-1.009153321849445284e-01
5.863946646618733993e-01
-8.437838276107609836e-01
5.659331944777307166e-01
1.471549727224645832e-01
-3.045994338509990795e-01
-6.676837509900135359e-01
-4.068496710115441228e-01
8.334952823362788976e-01
-6.251716192854184229e-01
4.787582839352030883e-01
7.666427813846206363e-02
2.861462013415074779e-01
4.182874776868308331e-01
-1.121331035783939278e-01
6.195751824890863846e-01
-6.850868442828279559e-01
2.483782535619014631e-01
-3.481689765821703308e-01
-3.334033845244619432e-01
-7.175045809385695028e-01
7.060067580200114490e-01
-5.151125734543113843e-01
5.930788195526990325e-01
-1.401062031494337834e-01
-5.794909908452283709e-01
-2.601607052032696710e-01
2.765897946456762416e-02
-8.893894612518344900e-01
-7.302038059288158411e-01
1.032530709640787775e-01
5.799833705534085393e-01
1.352182825532859400e-01
8.063171883039789434e-02
-4.629189270554169566e-02
-1.439070661965038411e-01
-2.664557840273144018e-01
-4.230650999132812284e-01
-5.260264365360223238e-02
2.171066817733032228e-01
-6.293657976019380040e-01
8.995120524202561141e-01
-6.926977036511050567e-01
1.689994051123192009e-01
-2.709854989614298715e-01
-6.615546221263204352e-01
2.066043145748511500e-01
7.429117074477913363e-01
-1.715198349634054487e-01
1.611470235835476550e-01
2.837949719048006303e-01
6.854546792867683980e-01
6.039099689585008396e-02
-8.103870250286834831e-02
-3.448370420318520174e-02
-2.533911732108860004e-01
1.377644029683749993e-01
-7.241653884990695289e-02
3.351002835507828070e-01
4.040529844250537739e-01
-8.654573268367826699e-03
-6.024689407353382986e-01
-9.196252953354755455e-01
-4.332270839618124758e-01
-7.464061290626860384e-03
2.448308717259018996e-01
-8.943338504329247929e-01
9.310013160134045229e-01
6.962578229308917788e-01
-7.498195039731840594e-02
7.272962676909543456e-01
-7.896288895489571580e-01
-1.052298285233453125e-02
4.708014488552678678e-01
-3.065229027972750653e-01
-8.930687516959241457e-01
-6.480172040011649148e-01
1.451973123095264828e-01
-2.913661888738812156e-01
-4.384451882192142436e-01
8.026956904063868858e-01
3.134272977946064298e-01
-3.401806730953296221e-01
-2.766066650896816803e-01
-7.251426349258960347e-01
7.538869535438954550e-01
6.114828031147983012e-01
-2.735121779240955453e-01
-4.366137493188193552e-01
-4.047727149835516625e-01
2.716506852793793558e-01
5.526666816861842690e-01
-2.065495332926828020e-01
-5.654559994013329538e-01
-8.734576685006909536e-01
-8.331062342347592686e-01
6.240128689855761746e-01
3.843677996600891600e-01
-8.484160133379428648e-02
3.965954049458673136e-01
5.701828230741476933e-01
-1.614267777728164432e-01
1.943817286768099173e-01
-3.383457984571138777e-01
-5.408897392997068510e-01
4.224651665985291737e-01
-8.893851574940609961e-01
9.398880200883118208e-02
-6.671240799645667963e-01
2.239357434994970197e-01
9.689146020681570493e-01
3.505982606215150010e-01
-2.135838316830996897e-01
-5.891087641172093603e-01
-5.175579607541029858e-01
7.097084279854088962e-01
6.327411158725620988e-01
6.513265940187803471e-01
1.436291245308072284e-01
6.149627336866363425e-01
5.531913161311818872e-01
8.996508407648384775e-02
7.977078305138225467e-01
-7.733811030049730917e-01
-3.340304442849387212e-01
6.616896854220311042e-01
4.905601768775680327e-02
3.530097930177655829e-01
-1.688426341230128414e-01
6.224772385377639328e-01
7.182424815191363887e-01
-4.001358259982220611e-01
3.833904809700575678e-01
2.927509154102804212e-01
1.778711985678608221e-01
-5.564358092209356066e-01
-9.548108917016546737e-01
-5.450410945837536048e-01
-8.110319919183655024e-01
1.488243594509805201e-01
-7.459113874380471909e-01
6.497563437251145935e-01
5.415972486490006066e-01
-1.836546811376815747e-01
4.442830255536220907e-01
6.897742946052815016e-01
-7.079577365341929163e-01
4.755633315714499765e-01
2.631256410353740582e-01
5.020493583552402272e-01
9.562746193445667564e-02
-2.387552272547157073e-01
-3.627688729066171902e-01
-1.370285915433318812e-02
3.383655496750520020e-01
3.728459925287765930e-01
-2.592462975733903201e-03
7.389765646144564881e-01
-2.768352409557088209e-02
2.930735871108579652e-02
-3.180285525259001211e-01
-1.119388182776939328e-01
-4.703382606483108574e-02
-3.933831662464846168e-01
2.129335419235851568e-01
-2.054995480978250022e-02
-1.135834400479537615e-03
9.692887344521574633e-01
3.353058860797985541e-01
-2.045318102028342161e-02
-2.947615048597949580e-02
-7.274840674539466701e-01
-4.742174147319469513e-01
5.770153515831840663e-01
-8.193575957256169495e-01
1.984644301772267028e-01
-3.644091281906292057e-01
-7.921582070953075982e-01
1.348951065461953536e-02
8.998109738656174805e-01
2.898397878368783043e-02
-5.352173463704847922e-01
1.063980347085093092e-01
-2.181493079896029141e-01
-9.802253092846160420e-01
4.140628173838030168e-01
-4.671715356244959816e-01
8.914791929815952809e-01
6.557140306464235291e-01
-6.880299059656459770e-02
-1.878175857691751216e-01
-3.750160830335955708e-01
9.369786115277162208e-02
-4.337344559943401290e-01
-9.340547471966439419e-01
1.829983682419491497e-01
-4.941888231225896044e-01
-9.494464546418819317e-01
2.681139004718335883e-01
7.705947900090819314e-01
9.830619128394140205e-01
-6.258542401206317329e-01
-6.073597935848804585e-01
4.438496304445147533e-01
3.477618428207991941e-01
6.851985172934542678e-01
-2.897081846086624335e-01
6.555142090734098481e-01
1.958704443693099762e-01
9.488855955152541988e-02
-5.972105215639103015e-01
4.181395681547626919e-02
8.170126001100674884e-03
-2.683583099703971131e-01
-4.885762595132114861e-01
7.746924015354987869e-01
5.724367471388456252e-01
7.644566126701310971e-01
2.979746126476582879e-01
