8.110331019578636003e-01
-1.183998403305714930e-01
-9.019004167455508814e-01
-3.495886851012635077e-01
1.906159020075282040e-01
-2.585870840150785721e-01
-6.722676543768900392e-02
8.992476492363250529e-01
3.610077852718107660e-01
1.114924793363805122e-01
7.701140382669786899e-02
-9.445961916436820260e-01
2.981806982182495513e-01
1.645713672933999394e-01
-3.091969793657363130e-01
-6.146748523943535575e-02
4.861463323790757851e-01
-8.055261356280882801e-01
-5.837480608131830895e-01
4.429664484970750049e-01
8.254189920887201604e-01
6.291758193081786743e-01
-6.130681448727046678e-01
-3.333592526062298944e-01
7.049732320667589924e-01
3.524499916169280267e-01
1.967109855401227292e-01
6.286420149575941974e-01
4.243808895440830398e-01
1.491570986616339578e-01
4.534025263312684295e-01
-7.229438510179484467e-01
-7.690966050671184107e-01
5.000003581118787066e-01
2.938253313084032703e-01
-1.494001705499317378e-01
3.916669818045365181e-01
2.406300710655127628e-01
-4.011946831962471260e-01
6.091079434045278962e-01
-4.415084062090519901e-02
5.385261681537562191e-03
9.476819306961701272e-01
-7.526480949645597551e-01
-8.453330343277953851e-01
-3.054550524915797816e-01
-1.009153321849445284e-01
7.831631482378884623e-01
-8.437838276107609836e-01
5.754084878527729874e-01
1.471549727224645832e-01
-2.199570229213153039e-01
-5.409037198222229614e-01
-4.068496710115441228e-01
8.334952823362788976e-01
-6.251716192854184229e-01
4.787582839352030883e-01
7.816893880358641300e-02
1.612763278527570288e-01
4.182874776868308331e-01
-1.150266012135604393e-01
3.428146156752875928e-01
-2.651185931610027802e-01
2.483782535619014076e-01
-3.774371570911456142e-01
-3.334797827274893489e-01
-4.349700821300565012e-01
7.060067580200115600e-01
-5.151125734543113843e-01
5.332733587329653302e-01
-1.401062031494337834e-01
-5.794909908452283709e-01
-2.597747246977061830e-01
2.875286420167990076e-01
-8.893894612518344900e-01
-7.302038059288158411e-01
9.478801804422880284e-02
5.799833705534085393e-01
1.284984542578139488e-01
7.696454599183837064e-02
-5.175127702473673180e-02
-1.439070661965038411e-01
-2.664097615450546908e-01
-4.230650999132812839e-01
-5.260264365360223238e-02
1.060440688824636733e-02
-5.693004520979125793e-01
9.038616556881552411e-01
-6.926977036511050567e-01
5.290292418340784009e-01
-3.866530977101808042e-01
-6.615546221263204352e-01
2.316859575038728303e-01
7.489734917309199824e-01
-1.614923881662769234e-01
2.934230133979887634e-01
2.378454147298692534e-01
6.922097321228632971e-01
3.534182124795697683e-02
-1.265549569340603253e-01
-4.512656981150803964e-02
-2.801420725982403659e-01
1.370886119634739941e-01
-7.241653884990695289e-02
3.351002835507828070e-01
4.040529844250537739e-01
-8.654573268367826699e-03
-6.024689407353382986e-01
-9.196252953354755455e-01
-4.332270839618124758e-01
-3.244505915473183330e-03
2.621925548941263506e-01
-8.943338504329246819e-01
9.310013160134045229e-01
6.962578229308918898e-01
-1.999145720464498913e-02
7.002909885829295966e-01
-7.455566649196430085e-01
-1.970969964531200241e-02
4.708014488552678123e-01
-1.058059781815904044e-01
-8.930687516959240346e-01
-6.480172040011649148e-01
1.451973123095264828e-01
-2.913661888738812156e-01
-4.384451882192141881e-01
8.026956904063868858e-01
3.134272977946064298e-01
-3.401806730953296221e-01
-2.766066650896816803e-01
-2.003847055893360207e-01
7.538869535438954550e-01
6.114828031147984122e-01
-3.251482891726737989e-01
-3.611822182321650643e-01
-4.047727149835516069e-01
2.716506852793794113e-01
5.526666816861842690e-01
-2.065495332926827743e-01
-5.573230050198187957e-01
-8.734576685006910646e-01
-7.770508223435070860e-01
6.155604051280311184e-01
3.843677996600891600e-01
-6.241031009005905406e-02
3.965954049458673136e-01
5.701947392974942019e-01
-1.614267777728164432e-01
1.943817286768098618e-01
-3.383457984571138777e-01
-5.408897392997067399e-01
3.932942515242520143e-01
-8.893851574940609961e-01
1.617319895684187769e-01
-6.081071316207733446e-01
2.775492273664583731e-01
9.689146020681571603e-01
1.580165787049160886e-01
-3.486491793381434334e-01
-5.878191613360740364e-01
-5.279140821280006168e-01
7.097084279854088962e-01
9.169118371645746945e-01
6.513265940187804581e-01
1.436291245308072284e-01
6.149627336866363425e-01
5.739492663365004521e-01
8.996508407648384775e-02
4.925345302808091241e-01
-8.313722950102732101e-01
-3.340304442849386657e-01
6.617674708823151342e-01
4.905601768775679633e-02
3.725459970209913374e-01
-7.222919434257489557e-02
2.120458030776399827e-01
7.146847771164149821e-01
-3.227049593429671126e-01
3.833904809700576788e-01
3.539373550426619941e-01
9.983019896028819118e-02
-5.564358092209356066e-01
-9.548108917016546737e-01
-5.450410945837536048e-01
-8.110319919183655024e-01
1.155317786116385331e-01
-7.459113874380471909e-01
6.497563437251145935e-01
5.512514086454618489e-01
-1.836546811376815747e-01
4.442830255536220907e-01
6.233105560213241247e-01
-7.056098373399788404e-01
4.755633315714500320e-01
2.332527508022044227e-01
4.579190735488853914e-01
1.234692201956826413e-01
-2.405790251285053749e-01
-3.627688729066171902e-01
-8.930019088512401726e-02
3.077078207019765532e-01
3.728459925287765930e-01
-1.132166276170029759e-03
5.660065069888293721e-01
-2.637926675693809744e-02
1.619954766732738805e-01
-3.180285525259000656e-01
-1.484137451957565079e-01
-4.703382606483108574e-02
-3.933831662464845613e-01
2.129335419235851568e-01
-2.054995480978250022e-02
-1.095310921515537219e-03
9.692887344521575743e-01
3.353058860797986651e-01
-4.517028022408550725e-02
-3.117231644157928208e-02
-7.956443941150022070e-01
-5.482568302127124316e-01
5.770153515831841773e-01
-8.193575957256169495e-01
1.455798848473484619e-01
-3.644091281906292612e-01
-7.960450399386691522e-01
1.977327451588086621e-02
8.998109738656174805e-01
5.533688154028237188e-02
-4.373923419857181916e-01
8.776016715109177802e-02
-2.670479037459766447e-01
-9.802253092846160420e-01
4.140628173838030168e-01
-4.662347691754284429e-01
8.914791929815952809e-01
6.623660540698038668e-01
-6.880299059656458383e-02
-3.773014966698821221e-02
-3.694406960769288650e-01
7.744228657434601426e-02
-4.337344559943401290e-01
-9.340547471966438309e-01
1.829983682419491497e-01
-4.207971970171688336e-01
-9.494464546418820428e-01
4.014811896625410936e-01
7.705947900090819314e-01
9.830619128394140205e-01
-6.258542401206317329e-01
-6.073597935848804585e-01
4.438496304445147533e-01
3.477618428207991386e-01
8.118841455997466428e-01
-2.897081846086624335e-01
6.555142090734098481e-01
1.854216858855636529e-01
9.488855955152540600e-02
1.432512575648582556e-03
9.301724571868506819e-02
8.170126001100674884e-03
-2.673650415648540779e-01
-4.885762595132114861e-01
7.516821770390682556e-01
5.724367471388456252e-01
7.644566126701308750e-01
3.455301013730742721e-01
