9.594165577318871652e-01
-1.183998403305714653e-01
-9.017908196643905638e-01
-3.495886851012635077e-01
1.292758455870161305e-01
-2.585870840150785721e-01
-6.722676543768901780e-02
8.992476492363250529e-01
6.242430605776312369e-01
1.114924793363805122e-01
2.023455196456190042e-01
-9.445961916436820260e-01
9.529306492571311127e-01
1.645713672933999117e-01
-3.091969793657363130e-01
-1.127933940257792311e-01
4.861463323790757851e-01
-8.055261356280882801e-01
-5.358074845061441271e-01
4.429664484970750049e-01
8.254189920887200493e-01
6.291758193081786743e-01
-6.130681448727046678e-01
-3.333592526062298944e-01
7.049732320667589924e-01
4.153584828747983737e-01
3.914628612027309940e-01
6.286420149575941974e-01
5.491027532130459132e-01
3.549654709545969899e-02
0.000000000000000000e+00
-7.229438510179483357e-01
0.000000000000000000e+00
4.832872652060518082e-01
5.871102110408936703e-01
-2.997816202597476387e-01
4.508261850549111216e-01
2.406300710655127073e-01
-7.104575703945412712e-01
5.166319586686132226e-01
-4.520133176894677862e-02
5.585236780007113433e-02
9.476819306961701272e-01
-2.508847720144045668e-01
-8.453330343277953851e-01
-2.197313883747307184e-01
-1.009153321849445284e-01
9.371544113901022488e-01
-8.437838276107609836e-01
5.754084878527728764e-01
1.471549727224646109e-01
-2.668283750499738094e-01
-2.952452846918769969e-01
-4.068496710115441228e-01
8.334952823362788976e-01
-6.251716192854184229e-01
4.787582839352031439e-01
7.816893880358644076e-02
4.862223760881588808e-01
4.182874776868307776e-01
-1.328116472017140115e-01
6.689978716980260476e-01
-4.487207861775366902e-01
2.483782535619014631e-01
-3.831691388378998253e-01
0.000000000000000000e+00
-6.075214636936019375e-01
7.060067580200115600e-01
-5.151125734543113843e-01
4.097826801775154015e-01
-1.401062031494337834e-01
-5.794909908452283709e-01
-2.601414034347142579e-01
4.852305101482423666e-01
-8.893894612518344900e-01
-7.302038059288158411e-01
1.305988318094146727e-01
5.799833705534085393e-01
5.737385900334819322e-01
0.000000000000000000e+00
-5.448045313714899168e-02
-1.439070661965038411e-01
-2.664097615450546908e-01
-4.230650999132811729e-01
-5.260264365360223238e-02
3.985693314983433932e-01
-7.242332990403723691e-01
9.002441037584996142e-01
-6.926977036511050567e-01
3.987033722023072824e-01
-5.020258913300450487e-01
-6.615546221263204352e-01
1.371267616000474143e-01
3.994566721666402698e-01
-1.979694817498001413e-01
5.565239259482241962e-01
2.905953629334093180e-01
6.922097321228632971e-01
0.000000000000000000e+00
-3.006326862412791456e-01
-2.417468650021095400e-01
-3.750587872471110029e-01
1.370886119634739941e-01
-7.241653884990695289e-02
3.351002835507828070e-01
4.040529844250537739e-01
-8.654573268367826699e-03
-6.024689407353382986e-01
-9.196252953354755455e-01
-4.332270839618124203e-01
-1.161293004509578175e-02
2.704722482926780192e-01
0.000000000000000000e+00
9.310013160134045229e-01
6.962578229308916677e-01
0.000000000000000000e+00
5.874433867921153851e-01
-1.904509230441676915e-02
-3.349846292976743634e-02
4.708014488552678678e-01
-3.070335562299630339e-01
-8.930687516959241457e-01
-6.480172040011649148e-01
1.451973123095264551e-01
-2.913661888738812156e-01
-4.384451882192141325e-01
8.026956904063868858e-01
0.000000000000000000e+00
-8.130558531420042923e-02
-2.766066650896816803e-01
0.000000000000000000e+00
7.538869535438953440e-01
6.114828031147983012e-01
-3.251482891726737989e-01
-5.096721654829188264e-01
-4.047727149835516069e-01
2.716506852793794113e-01
5.526666816861842690e-01
-2.065495332926827743e-01
-4.344140951345366597e-01
-8.734576685006909536e-01
-8.432136648274159985e-01
2.024044437020073584e-01
3.843677996600891600e-01
-8.594473894656484703e-02
3.965954049458673136e-01
2.584126802520926858e-01
-1.614267777728164432e-01
1.943817286768099173e-01
-3.383457984571138777e-01
-5.408897392997067399e-01
4.868971829108045823e-01
-8.893851574940609961e-01
1.742239231386313314e-01
-7.453508505028489939e-01
2.775492273664583731e-01
9.689146020681571603e-01
2.511853045214192948e-01
-3.486491793381434334e-01
-5.301751115790671598e-01
-5.279140821280006168e-01
7.097084279854088962e-01
9.611637134079407119e-01
6.513265940187804581e-01
1.436291245308072284e-01
6.368009146390517516e-01
5.673676943089163149e-01
8.996508407648384775e-02
0.000000000000000000e+00
-8.527225572349508287e-01
-3.340304442849386657e-01
6.515300155067298427e-01
4.905601768775680327e-02
4.774933596169850802e-01
-9.954749720608396801e-02
7.038963360330865449e-01
5.358449941852982956e-01
-4.886362346564047665e-01
3.833904809700576233e-01
4.697313727502895886e-01
5.252799655714002203e-01
-2.241915456521921535e-01
-9.548108917016546737e-01
-5.450410945837536048e-01
-8.110319919183655024e-01
8.969903343284904018e-01
-7.459113874380471909e-01
6.497563437251145935e-01
0.000000000000000000e+00
-1.836546811376815747e-01
4.442830255536220907e-01
8.333410973035118019e-01
-7.056098373399788404e-01
4.755633315714500320e-01
4.129150056757006221e-02
5.029629374178439666e-02
1.498298006194598575e-01
-2.062633850864701301e-01
-3.627688729066171902e-01
-3.859669921166009043e-01
6.165548068374977486e-01
3.728459925287765375e-01
-2.787469761343749908e-02
5.194816728467230860e-01
-1.097730373246168581e-02
4.423420525304229134e-01
-3.180285525259001211e-01
-1.410468026351446302e-01
-4.703382606483108574e-02
-3.933831662464846168e-01
2.129335419235851290e-01
-1.447646630856925555e-02
-1.321928811592171064e-03
9.692887344521576853e-01
3.353058860797985541e-01
-6.147956867488325178e-02
-5.100849582346989042e-02
-6.367221799434358287e-01
-5.482568302127124316e-01
5.770153515831841773e-01
-8.193575957256169495e-01
0.000000000000000000e+00
-3.644091281906292057e-01
0.000000000000000000e+00
3.344371045777139173e-02
8.998109738656174805e-01
3.819652926850245489e-01
-3.895798369736991340e-01
3.540737450473243481e-02
-5.029193284784249096e-01
-9.802253092846160420e-01
4.140628173838030168e-01
-5.283982822534531998e-01
8.914791929815952809e-01
0.000000000000000000e+00
-6.880299059656458383e-02
-7.751785264807352360e-02
-3.839164451870478723e-01
9.676648220510394860e-02
-4.337344559943400735e-01
-9.340547471966438309e-01
1.829983682419491497e-01
-4.868337794997397161e-01
-9.494464546418819317e-01
6.829216177539998434e-01
7.705947900090819314e-01
9.830619128394140205e-01
-6.258542401206317329e-01
-6.073597935848804585e-01
4.438496304445146978e-01
3.477618428207990831e-01
4.754884242946167405e-01
-2.897081846086624890e-01
6.555142090734099591e-01
4.062484668405865751e-01
9.488855955152541988e-02
-2.636683573141001546e-01
6.361786040790891328e-02
-9.745406374709006752e-06
-2.725342834440059869e-01
-4.885762595132114861e-01
7.950749101418059794e-01
5.724367471388456252e-01
7.644566126701310971e-01
3.455301013730742721e-01
