9.750713083591945329e-01
-1.183998403305714792e-01
-9.018990932321722109e-01
-3.495886851012635077e-01
1.775239461370973215e-01
-2.585870840150785721e-01
-6.722676543768901780e-02
8.992476492363250529e-01
4.059985613708838592e-01
1.114924793363804983e-01
1.112605758890528457e-01
-9.445961916436820260e-01
5.376718605401373807e-01
1.645713672933999394e-01
-3.091969793657363130e-01
-1.101004520666767211e-01
4.861463323790757851e-01
-8.055261356280882801e-01
-5.802669027739510987e-01
4.429664484970750049e-01
8.254189920887201604e-01
6.291758193081786743e-01
-6.130681448727046678e-01
-3.333592526062299499e-01
7.049732320667589924e-01
7.120774990230568369e-01
3.856902372850929961e-01
6.286420149575941974e-01
4.095308759532685916e-01
1.090193891273524979e-01
3.491712548270544097e-03
-7.229438510179484467e-01
-6.765905614764068376e-01
5.304229208468274059e-01
5.843135905897220983e-01
-2.379292201138559493e-01
4.053687775411239924e-01
2.406300710655127073e-01
-7.110371475427215149e-01
6.021594097333617945e-01
-4.540280981770684204e-02
4.801048936544170809e-03
9.476819306961700162e-01
-7.630772437882478165e-01
-8.453330343277952741e-01
-1.927888955613837330e-01
-1.009153321849445145e-01
2.564073850855417280e-01
-8.437838276107609836e-01
5.754084878527729874e-01
1.471549727224646109e-01
-4.461895832206342338e-01
-7.272302040630799214e-01
-4.068496710115441228e-01
8.334952823362788976e-01
-6.251716192854184229e-01
4.787582839352030328e-01
7.816893880358644076e-02
1.291818423555475270e-01
4.182874776868308331e-01
-4.308405527851750377e-02
2.880391625134638423e-01
-6.279291556419359654e-01
2.483782535619014076e-01
-2.989106116385565337e-01
-1.437031268136192974e-01
-7.123053896834936616e-01
7.060067580200115600e-01
-5.151125734543113843e-01
5.732497051963189039e-01
-1.401062031494337834e-01
-5.794909908452283709e-01
-2.595093245545218030e-01
4.633927522123615916e-01
-8.893894612518346010e-01
-7.302038059288158411e-01
8.418460065107224999e-02
5.799833705534085393e-01
2.494674254855814080e-02
-9.264637926947897825e-04
-5.448045313714899862e-02
-1.439070661965038411e-01
-2.664097615450546908e-01
-4.230650999132812284e-01
-5.260264365360222544e-02
1.123129212521745968e-01
-3.622618789710209397e-02
9.027131739751110828e-01
-6.926977036511050567e-01
5.554966220714724345e-01
-4.818913152982263193e-01
-6.615546221263204352e-01
1.965679262586743636e-01
7.365478536576922641e-01
-1.272210156522403102e-01
3.112888919531807130e-01
2.881708172791808131e-01
6.922097321228632971e-01
4.406040261477826153e-02
-9.428804978446968243e-02
-1.209242901533106596e-01
-3.718538948290703861e-01
1.370886119634739941e-01
-7.241653884990695289e-02
3.351002835507828070e-01
4.040529844250537739e-01
-8.654573268367828434e-03
-6.024689407353382986e-01
-9.196252953354756565e-01
-4.332270839618124758e-01
-6.968435056810831467e-03
2.684407335980738551e-01
-9.146412732037639826e-01
9.310013160134045229e-01
6.962578229308917788e-01
-6.633137932334742803e-02
8.161416552233381472e-01
-3.736112439415872899e-01
-1.074838596788571347e-02
4.708014488552678678e-01
-2.979674078079401767e-01
-8.930687516959241457e-01
-6.480172040011649148e-01
1.451973123095264551e-01
-2.913661888738812156e-01
-4.384451882192141881e-01
8.026956904063868858e-01
2.197810643420221033e-01
-3.247434335255691140e-01
-2.766066650896816803e-01
-4.207601068353841178e-01
7.538869535438954550e-01
6.114828031147983012e-01
-3.251482891726737989e-01
-3.703892673923674383e-01
-4.047727149835516069e-01
2.716506852793794113e-01
5.526666816861842690e-01
-2.065495332926827743e-01
-5.565049189519803985e-01
-8.734576685006910646e-01
-8.753697332090845107e-01
6.377849923440711555e-01
3.843677996600891600e-01
-8.462563907069456381e-02
3.965954049458673136e-01
5.711852972866726663e-01
-1.614267777728164432e-01
1.943817286768098895e-01
-3.383457984571138777e-01
-5.408897392997067399e-01
3.015213485458508313e-01
-8.893851574940609961e-01
1.742239231646942332e-01
-4.617463437718951624e-01
2.775492273664583731e-01
9.689146020681571603e-01
3.764779133518220133e-01
-3.486491793381433779e-01
-5.952263928350852717e-01
-5.279140821280006168e-01
7.097084279854088962e-01
3.815904155000748310e-01
6.513265940187804581e-01
1.436291245308072562e-01
6.153605757982343327e-01
4.759100950092386428e-01
8.996508407648384775e-02
3.239505912889650285e-01
-8.538360884765677783e-01
-3.340304442849386657e-01
6.607401190045915085e-01
4.905601768775680327e-02
3.358214932594671964e-01
-2.016378760389401226e-01
2.836861408661701667e-01
7.172026792616139623e-01
-4.714204469238117423e-01
3.833904809700576233e-01
2.356964606537560181e-01
7.031035455893175357e-02
-5.605999881131181750e-01
-9.548108917016546737e-01
-5.450410945837536048e-01
-8.110319919183655024e-01
9.329050990823291312e-02
-7.459113874380471909e-01
6.497563437251145935e-01
5.517952755015825828e-01
-1.836546811376815747e-01
4.442830255536220907e-01
8.224092830278399990e-01
-7.056098373399788404e-01
4.755633315714500320e-01
2.919513500083483759e-01
3.642588914134583522e-01
3.518693077344621500e-02
-2.386100934012350128e-01
-3.627688729066171902e-01
-6.464317235852377885e-02
3.987327925114350080e-01
3.728459925287765930e-01
-2.056469992200697476e-03
7.267928540324966047e-01
-2.483887493851074518e-02
8.877205623611353347e-02
-3.180285525259000656e-01
-7.103373272358651236e-02
-4.703382606483108574e-02
-3.933831662464846168e-01
2.129335419235851568e-01
-1.943000066308121429e-02
-1.132179519673677222e-03
9.692887344521574633e-01
3.353058860797986096e-01
-4.465311144828444656e-02
-4.915344625096514097e-02
-7.871976383521364085e-01
-5.482568302127124316e-01
5.770153515831841773e-01
-8.193575957256168385e-01
5.676363397772925257e-02
-3.644091281906292057e-01
-5.364129909663665208e-01
1.642497250252944463e-02
8.998109738656174805e-01
1.102295088582273264e-01
-5.570591057630851495e-01
1.130194803358482158e-01
-3.621881917946147555e-01
-9.802253092846160420e-01
4.140628173838030168e-01
-5.493462167528230244e-01
8.914791929815952809e-01
6.203980224555184497e-01
-6.880299059656458383e-02
-1.890346813325684272e-01
-3.827771449784828084e-01
9.701440588440317370e-02
-4.337344559943400735e-01
-9.340547471966437199e-01
1.829983682419491497e-01
-4.985227722207191681e-01
-9.494464546418819317e-01
2.667868574685126615e-01
7.705947900090819314e-01
9.830619128394140205e-01
-6.258542401206317329e-01
-6.073597935848804585e-01
4.438496304445147533e-01
3.477618428207991386e-01
7.971101122515327209e-01
-2.897081846086624335e-01
6.555142090734098481e-01
3.600462314049376888e-01
9.488855955152541988e-02
-4.376041783092176063e-01
1.142068276265882504e-01
7.416711750442235573e-03
-2.708050752548560869e-01
-4.885762595132114861e-01
8.303636406233748657e-01
5.724367471388456252e-01
7.644566126701309861e-01
3.455301013730742721e-01
